<?xml version="1.0" encoding="utf-8"?>
<COLLADA xmlns="http://www.collada.org/2005/11/COLLADASchema" version="1.4.1">
  <asset><contributor><author>Mixamo</author><authoring_tool>COLLADA Mixamo exporter</authoring_tool><comments></comments></contributor><created>2018-04-27T19:50:21Z</created><modified>2018-04-27T19:50:21Z</modified><revision></revision><title></title><unit meter="0.010000"/><up_axis>Y_UP</up_axis></asset>
  <library_animations>
    <animation id="Mutant_Hips-anim" name="Mutant_Hips"><source id="Mutant_Hips-Matrix-animation-input"><float_array id="Mutant_Hips-Matrix-animation-input-array" count="140">

0.000000 0.033333 0.066667 0.100000 0.133333 0.166667 0.200000 0.233333 0.266667 0.300000 0.333333 0.366667 0.400000 0.433333 0.466667 0.500000
0.533333 0.566667 0.600000 0.633333 0.666667 0.700000 0.733333 0.766667 0.800000 0.833333 0.866667 0.900000 0.933333 0.966667 1.000000 1.033333
1.066667 1.100000 1.133333 1.166667 1.200000 1.233333 1.266667 1.300000 1.333333 1.366667 1.400000 1.433333 1.466667 1.500000 1.533333 1.566667
1.600000 1.633333 1.666667 1.700000 1.733333 1.766667 1.800000 1.833333 1.866667 1.900000 1.933333 1.966667 2.000000 2.033333 2.066667 2.100000
2.133333 2.166667 2.200000 2.233333 2.266667 2.300000 2.333333 2.366667 2.400000 2.433333 2.466667 2.500000 2.533333 2.566667 2.600000 2.633333
2.666667 2.700000 2.733333 2.766667 2.800000 2.833333 2.866667 2.900000 2.933333 2.966667 3.000000 3.033333 3.066667 3.100000 3.133333 3.166667
3.200000 3.233333 3.266667 3.300000 3.333333 3.366667 3.400000 3.433333 3.466667 3.500000 3.533333 3.566667 3.600000 3.633333 3.666667 3.700000
3.733333 3.766667 3.800000 3.833333 3.866667 3.900000 3.933333 3.966667 4.000000 4.033333 4.066667 4.100000 4.133333 4.166667 4.200000 4.233333
4.266667 4.300000 4.333333 4.366667 4.400000 4.433333 4.466667 4.500000 4.533333 4.566667 4.600000 4.633333</float_array><technique_common><accessor source="#Mutant_Hips-Matrix-animation-input-array" count="140"><param name="TIME" type="float"/></accessor></technique_common></source><source id="Mutant_Hips-Matrix-animation-output-transform"><float_array id="Mutant_Hips-Matrix-animation-output-transform-array" count="2240">

0.998346 -0.001096 -0.057479 0.204759 -0.016170 0.954103 -0.299042 84.081451 0.055169 0.299477 0.952507 1.490394 0.000000 0.000000 0.000000 1.000000
0.998104 0.003409 -0.061457 0.768536 -0.021645 0.954129 -0.298614 84.199646 0.057620 0.299378 0.952393 1.476216 0.000000 0.000000 0.000000 1.000000
0.997566 0.009191 -0.069123 1.206545 -0.029501 0.953819 -0.298929 84.314529 0.063184 0.300241 0.951769 1.471612 0.000000 0.000000 0.000000 1.000000
0.996674 0.016172 -0.079872 1.547639 -0.039527 0.953035 -0.300270 84.398483 0.071264 0.302428 0.950504 1.454715 0.000000 0.000000 0.000000 1.000000
0.995596 0.023601 -0.090727 1.857920 -0.050140 0.951791 -0.302622 84.449730 0.079210 0.305839 0.948783 1.419741 0.000000 0.000000 0.000000 1.000000
0.994708 0.030009 -0.098263 2.145552 -0.058868 0.950305 -0.305705 84.427032 0.084206 0.309872 0.947042 1.413991 0.000000 0.000000 0.000000 1.000000
0.994181 0.034759 -0.101962 2.368465 -0.064861 0.948859 -0.308966 84.339439 0.086008 0.313781 0.945592 1.414326 0.000000 0.000000 0.000000 1.000000
0.993866 0.038014 -0.103850 2.514237 -0.068837 0.947613 -0.311914 84.221848 0.086552 0.317150 0.944418 1.382291 0.000000 0.000000 0.000000 1.000000
0.993644 0.039310 -0.105486 2.566525 -0.070854 0.946548 -0.314686 84.035347 0.087477 0.320160 0.943316 1.349359 0.000000 0.000000 0.000000 1.000000
0.993426 0.038630 -0.107764 2.523909 -0.071211 0.945581 -0.317498 83.758034 0.089635 0.323085 0.942116 1.281618 0.000000 0.000000 0.000000 1.000000
0.993074 0.036574 -0.111651 2.403121 -0.070763 0.944802 -0.319910 83.468643 0.093788 0.325595 0.940846 1.196084 0.000000 0.000000 0.000000 1.000000
0.992577 0.033402 -0.116940 2.220440 -0.069645 0.944383 -0.321389 83.170944 0.099702 0.327147 0.939699 1.118062 0.000000 0.000000 0.000000 1.000000
0.992111 0.029177 -0.121917 1.964681 -0.067329 0.944381 -0.321887 82.914047 0.105744 0.327557 0.938896 1.048019 0.000000 0.000000 0.000000 1.000000
0.991788 0.024508 -0.125522 1.615488 -0.064036 0.944740 -0.321507 82.737030 0.110706 0.326904 0.938551 0.994119 0.000000 0.000000 0.000000 1.000000
0.991590 0.020105 -0.127850 1.153123 -0.060505 0.945272 -0.320623 82.622406 0.114407 0.325662 0.938539 0.969385 0.000000 0.000000 0.000000 1.000000
0.991561 0.016490 -0.128585 0.575558 -0.057271 0.945559 -0.320373 82.577309 0.116302 0.325034 0.938524 0.952102 0.000000 0.000000 0.000000 1.000000
0.991813 0.013984 -0.126929 -0.100596 -0.054503 0.945259 -0.321739 82.556114 0.115481 0.326023 0.938282 0.914325 0.000000 0.000000 0.000000 1.000000
0.992362 0.012030 -0.122772 -0.861317 -0.051583 0.944515 -0.324393 82.547424 0.112057 0.328248 0.937921 0.850599 0.000000 0.000000 0.000000 1.000000
0.993121 0.009531 -0.116706 -1.694371 -0.047516 0.943734 -0.327274 82.533333 0.107020 0.330568 0.937695 0.758810 0.000000 0.000000 0.000000 1.000000
0.994017 0.006452 -0.109035 -2.582905 -0.042323 0.943020 -0.330032 82.487595 0.100693 0.332672 0.937651 0.640177 0.000000 0.000000 0.000000 1.000000
0.995068 0.003674 -0.099132 -3.505519 -0.036713 0.941999 -0.333601 82.417747 0.092156 0.335595 0.937488 0.501796 0.000000 0.000000 0.000000 1.000000
0.996328 0.001074 -0.085609 -4.433308 -0.030155 0.940247 -0.339155 82.284439 0.080129 0.340491 0.936827 0.315747 0.000000 0.000000 0.000000 1.000000
0.997671 -0.002251 -0.068177 -5.314279 -0.021554 0.937846 -0.346380 82.107109 0.064719 0.347043 0.935613 0.118358 0.000000 0.000000 0.000000 1.000000
0.998715 -0.006170 -0.050310 -6.097101 -0.012023 0.935399 -0.353388 81.873550 0.049240 0.353539 0.934123 -0.103006 0.000000 0.000000 0.000000 1.000000
0.999235 -0.010345 -0.037711 -6.752813 -0.003868 0.933492 -0.358579 81.600952 0.038912 0.358450 0.932738 -0.313845 0.000000 0.000000 0.000000 1.000000
0.999358 -0.015073 -0.032499 -7.261830 0.002288 0.932184 -0.361979 81.335678 0.035751 0.361672 0.931620 -0.498790 0.000000 0.000000 0.000000 1.000000
0.999313 -0.019735 -0.031382 -7.603621 0.006943 0.931184 -0.364483 81.102234 0.036416 0.364015 0.930681 -0.681097 0.000000 0.000000 0.000000 1.000000
0.999269 -0.022786 -0.030712 -7.761582 0.009939 0.930254 -0.366783 80.916153 0.036927 0.366209 0.929800 -0.820536 0.000000 0.000000 0.000000 1.000000
0.999258 -0.023609 -0.030423 -7.743631 0.010714 0.929275 -0.369234 80.807030 0.036989 0.368634 0.928838 -0.909202 0.000000 0.000000 0.000000 1.000000
0.999232 -0.022327 -0.032192 -7.555112 0.008760 0.928241 -0.371876 80.801918 0.038185 0.371308 0.927724 -0.978866 0.000000 0.000000 0.000000 1.000000
0.999145 -0.019093 -0.036662 -7.191519 0.003985 0.927292 -0.374317 80.933464 0.041143 0.373851 0.926576 -1.019238 0.000000 0.000000 0.000000 1.000000
0.998955 -0.014638 -0.043291 -6.652504 -0.002712 0.926659 -0.375894 81.170494 0.045618 0.375618 0.925651 -1.020553 0.000000 0.000000 0.000000 1.000000
0.998644 -0.010389 -0.051017 -5.948519 -0.009584 0.926460 -0.376272 81.498337 0.051175 0.376251 0.925103 -0.971520 0.000000 0.000000 0.000000 1.000000
0.998266 -0.006910 -0.058459 -5.089798 -0.015600 0.926524 -0.375912 81.862930 0.056761 0.376173 0.924809 -0.894373 0.000000 0.000000 0.000000 1.000000
0.997927 -0.003130 -0.064273 -4.090791 -0.021280 0.926566 -0.375529 82.202293 0.060728 0.376119 0.924579 -0.779362 0.000000 0.000000 0.000000 1.000000
0.997689 0.001578 -0.067932 -2.979817 -0.027020 0.926506 -0.375309 82.462067 0.062347 0.376277 0.924407 -0.700095 0.000000 0.000000 0.000000 1.000000
0.997541 0.005924 -0.069830 -1.801377 -0.031778 0.926329 -0.375372 82.621994 0.062462 0.376669 0.924240 -0.651770 0.000000 0.000000 0.000000 1.000000
0.997440 0.008942 -0.070943 -0.619193 -0.035053 0.925900 -0.376138 82.695778 0.062323 0.377662 0.923844 -0.614116 0.000000 0.000000 0.000000 1.000000
0.997248 0.011997 -0.073164 0.534615 -0.038820 0.925226 -0.377425 82.667435 0.063165 0.379226 0.923145 -0.637621 0.000000 0.000000 0.000000 1.000000
0.996757 0.016722 -0.078710 1.609814 -0.045363 0.924688 -0.378013 82.505707 0.066461 0.380358 0.922448 -0.721398 0.000000 0.000000 0.000000 1.000000
0.995839 0.022863 -0.088219 2.574248 -0.054622 0.924620 -0.376955 82.237770 0.072951 0.380205 0.922021 -0.819738 0.000000 0.000000 0.000000 1.000000
0.994539 0.028960 -0.100264 3.430629 -0.064718 0.924833 -0.374827 81.865707 0.081872 0.379269 0.921657 -0.902081 0.000000 0.000000 0.000000 1.000000
0.992957 0.034002 -0.113490 4.189060 -0.074305 0.924840 -0.373029 81.527298 0.092276 0.378835 0.920853 -1.037332 0.000000 0.000000 0.000000 1.000000
0.991109 0.037963 -0.127520 4.835402 -0.083318 0.924331 -0.372384 81.250656 0.103734 0.379698 0.919276 -1.213678 0.000000 0.000000 0.000000 1.000000
0.989168 0.041041 -0.140937 5.334204 -0.091443 0.923350 -0.372911 81.023674 0.114829 0.381760 0.917101 -1.401028 0.000000 0.000000 0.000000 1.000000
0.987572 0.043120 -0.151136 5.667890 -0.097560 0.922121 -0.374398 80.841377 0.123222 0.384490 0.914868 -1.572344 0.000000 0.000000 0.000000 1.000000
0.986591 0.044064 -0.157154 5.832567 -0.101129 0.920804 -0.376686 80.729500 0.128110 0.387528 0.912913 -1.728353 0.000000 0.000000 0.000000 1.000000
0.986116 0.043473 -0.160265 5.833365 -0.102228 0.919489 -0.379590 80.728943 0.130859 0.390704 0.911168 -1.874201 0.000000 0.000000 0.000000 1.000000
0.985937 0.040784 -0.162064 5.653503 -0.100893 0.918352 -0.382687 80.739166 0.133224 0.393657 0.909553 -1.964133 0.000000 0.000000 0.000000 1.000000
0.985848 0.036513 -0.163618 5.298690 -0.097927 0.917594 -0.385268 80.790306 0.136067 0.395838 0.908184 -2.043046 0.000000 0.000000 0.000000 1.000000
0.985809 0.031964 -0.164799 4.782025 -0.094418 0.917282 -0.386884 80.902283 0.138801 0.396954 0.907283 -2.093671 0.000000 0.000000 0.000000 1.000000
0.986076 0.027631 -0.163986 4.086159 -0.090149 0.917454 -0.387494 81.023933 0.139743 0.396881 0.907170 -2.134089 0.000000 0.000000 0.000000 1.000000
0.986824 0.023032 -0.160149 3.222775 -0.084212 0.918294 -0.386838 81.113739 0.138154 0.395228 0.908135 -2.114904 0.000000 0.000000 0.000000 1.000000
0.987784 0.018028 -0.154785 2.237587 -0.077058 0.919852 -0.384623 81.209396 0.135445 0.391851 0.910004 -2.059005 0.000000 0.000000 0.000000 1.000000
0.988544 0.013411 -0.150338 1.142037 -0.070486 0.921781 -0.381249 81.251503 0.133466 0.387478 0.912166 -1.959236 0.000000 0.000000 0.000000 1.000000
0.989000 0.010134 -0.147569 -0.041679 -0.065748 0.923796 -0.377198 81.274170 0.132501 0.382751 0.914300 -1.852860 0.000000 0.000000 0.000000 1.000000
0.989398 0.007879 -0.145017 -1.294690 -0.061962 0.925986 -0.372439 81.315933 0.131349 0.377476 0.916657 -1.753545 0.000000 0.000000 0.000000 1.000000
0.990060 0.005543 -0.140539 -2.590009 -0.057364 0.928252 -0.367502 81.368393 0.128419 0.371910 0.919343 -1.619164 0.000000 0.000000 0.000000 1.000000
0.991086 0.002777 -0.133192 -3.900557 -0.051491 0.930071 -0.363753 81.463112 0.122868 0.367369 0.921924 -1.498532 0.000000 0.000000 0.000000 1.000000
0.992274 0.000175 -0.124065 -5.190610 -0.045405 0.931136 -0.361836 81.614227 0.115458 0.364673 0.923950 -1.406475 0.000000 0.000000 0.000000 1.000000
0.993367 -0.002222 -0.114963 -6.444655 -0.039696 0.931715 -0.361014 81.818924 0.107915 0.363183 0.925447 -1.331085 0.000000 0.000000 0.000000 1.000000
0.994307 -0.004876 -0.106442 -7.645801 -0.034026 0.932120 -0.360548 82.053230 0.100974 0.362118 0.926647 -1.263442 0.000000 0.000000 0.000000 1.000000
0.995227 -0.007557 -0.097290 -8.779573 -0.028181 0.932261 -0.360686 82.296371 0.093425 0.361706 0.927599 -1.208658 0.000000 0.000000 0.000000 1.000000
0.996238 -0.009896 -0.086095 -9.845384 -0.022032 0.931896 -0.362055 82.524986 0.083814 0.362590 0.928172 -1.179017 0.000000 0.000000 0.000000 1.000000
0.997210 -0.012086 -0.073665 -10.812868 -0.015656 0.931000 -0.364683 82.736267 0.072989 0.364819 0.928213 -1.174212 0.000000 0.000000 0.000000 1.000000
0.997891 -0.014255 -0.063321 -11.639228 -0.010030 0.929998 -0.367428 82.842575 0.064126 0.367288 0.927894 -1.190248 0.000000 0.000000 0.000000 1.000000
0.998162 -0.015890 -0.058477 -12.272709 -0.006781 0.929659 -0.368358 82.797699 0.060217 0.368078 0.927843 -1.242560 0.000000 0.000000 0.000000 1.000000
0.998076 -0.016895 -0.059661 -12.720155 -0.006145 0.930481 -0.366289 82.586723 0.061702 0.365951 0.928586 -1.296082 0.000000 0.000000 0.000000 1.000000
0.997807 -0.017759 -0.063763 -13.035059 -0.006574 0.931982 -0.362445 82.369995 0.065862 0.362069 0.929821 -1.296076 0.000000 0.000000 0.000000 1.000000
0.997696 -0.018551 -0.065263 -13.243467 -0.006205 0.932915 -0.360044 82.191879 0.067564 0.359619 0.930650 -1.251894 0.000000 0.000000 0.000000 1.000000
0.998036 -0.019598 -0.059500 -13.382544 -0.003237 0.932405 -0.361400 82.110092 0.062561 0.360883 0.930510 -1.246819 0.000000 0.000000 0.000000 1.000000
0.998634 -0.021273 -0.047729 -13.464455 0.002336 0.930647 -0.365912 82.193542 0.052203 0.365301 0.929425 -1.224343 0.000000 0.000000 0.000000 1.000000
0.999025 -0.023557 -0.037340 -13.456799 0.008028 0.928581 -0.371042 82.334045 0.043414 0.370381 0.927865 -1.203358 0.000000 0.000000 0.000000 1.000000
0.999015 -0.026280 -0.035743 -13.318442 0.011001 0.927249 -0.374284 82.489204 0.042978 0.373522 0.926625 -1.151933 0.000000 0.000000 0.000000 1.000000
0.998588 -0.029059 -0.044469 -13.037913 0.010313 0.927234 -0.374341 82.548492 0.052112 0.373354 0.926224 -1.080446 0.000000 0.000000 0.000000 1.000000
0.997788 -0.031097 -0.058749 -12.640024 0.007049 0.928340 -0.371665 82.509621 0.066097 0.370429 0.926506 -0.963902 0.000000 0.000000 0.000000 1.000000
0.996913 -0.031856 -0.071760 -12.164348 0.003207 0.929749 -0.368181 82.413940 0.078448 0.366814 0.926981 -0.850667 0.000000 0.000000 0.000000 1.000000
0.996350 -0.031596 -0.079302 -11.651317 0.000396 0.930681 -0.365833 82.325531 0.085363 0.364466 0.927296 -0.730136 0.000000 0.000000 0.000000 1.000000
0.996222 -0.030973 -0.081134 -11.121127 -0.000813 0.930874 -0.365340 82.261566 0.086841 0.364025 0.927332 -0.622904 0.000000 0.000000 0.000000 1.000000
0.996387 -0.030373 -0.079317 -10.602056 -0.000790 0.930514 -0.366255 82.283066 0.084930 0.364994 0.927128 -0.519874 0.000000 0.000000 0.000000 1.000000
0.996606 -0.029663 -0.076793 -10.103556 -0.000662 0.929913 -0.367780 82.360924 0.082320 0.366582 0.926737 -0.445966 0.000000 0.000000 0.000000 1.000000
0.996650 -0.028601 -0.076625 -9.592960 -0.001721 0.929327 -0.369253 82.409714 0.081771 0.368148 0.926164 -0.361472 0.000000 0.000000 0.000000 1.000000
0.996414 -0.027263 -0.080102 -9.048196 -0.004335 0.928979 -0.370107 82.337219 0.084504 0.369127 0.925529 -0.291841 0.000000 0.000000 0.000000 1.000000
0.996024 -0.025379 -0.085398 -8.467589 -0.008040 0.929048 -0.369872 82.082115 0.088726 0.369087 0.925150 -0.207391 0.000000 0.000000 0.000000 1.000000
0.995777 -0.022291 -0.089063 -7.874896 -0.012141 0.929582 -0.368414 81.732155 0.091004 0.367940 0.925386 -0.155819 0.000000 0.000000 0.000000 1.000000
0.995854 -0.018200 -0.089127 -7.303148 -0.015756 0.930459 -0.366056 81.375961 0.089591 0.365943 0.926315 -0.168775 0.000000 0.000000 0.000000 1.000000
0.996177 -0.014492 -0.086152 -6.772352 -0.017922 0.931269 -0.363890 81.202087 0.085505 0.364043 0.927449 -0.143088 0.000000 0.000000 0.000000 1.000000
0.996575 -0.012234 -0.081781 -6.288415 -0.018381 0.931477 -0.363334 81.306404 0.080622 0.363593 0.928062 -0.093220 0.000000 0.000000 0.000000 1.000000
0.996907 -0.011339 -0.077770 -5.839749 -0.017857 0.930977 -0.364640 81.630013 0.076536 0.364901 0.927895 -0.007304 0.000000 0.000000 0.000000 1.000000
0.997083 -0.011221 -0.075492 -5.399419 -0.017307 0.930125 -0.366834 82.038986 0.074333 0.367071 0.927218 0.113356 0.000000 0.000000 0.000000 1.000000
0.997116 -0.011206 -0.075066 -4.944121 -0.017357 0.929159 -0.369273 82.396408 0.073886 0.369511 0.926284 0.240169 0.000000 0.000000 0.000000 1.000000
0.997075 -0.010516 -0.075699 -4.464490 -0.018465 0.927997 -0.372129 82.604675 0.074161 0.372438 0.925089 0.304082 0.000000 0.000000 0.000000 1.000000
0.997001 -0.008365 -0.076932 -3.952441 -0.021178 0.926696 -0.375216 82.573883 0.074432 0.375720 0.923740 0.289332 0.000000 0.000000 0.000000 1.000000
0.996876 -0.004487 -0.078850 -3.405652 -0.025707 0.925581 -0.377677 82.291222 0.074676 0.378524 0.922574 0.235221 0.000000 0.000000 0.000000 1.000000
0.996688 0.000107 -0.081314 -2.826017 -0.031008 0.924937 -0.378853 81.811905 0.075170 0.380120 0.921877 0.121116 0.000000 0.000000 0.000000 1.000000
0.996479 0.003772 -0.083756 -2.227608 -0.035302 0.924988 -0.378352 81.387413 0.076046 0.379977 0.921865 0.071729 0.000000 0.000000 0.000000 1.000000
0.996274 0.006116 -0.086028 -1.605245 -0.038161 0.925784 -0.376122 81.111626 0.077343 0.378003 0.922568 0.038585 0.000000 0.000000 0.000000 1.000000
0.996058 0.007463 -0.088394 -0.974215 -0.040051 0.926949 -0.373044 81.032303 0.079153 0.375114 0.923593 0.071251 0.000000 0.000000 0.000000 1.000000
0.995888 0.008027 -0.090239 -0.369315 -0.041036 0.927991 -0.370335 81.236397 0.080768 0.372515 0.924505 0.163007 0.000000 0.000000 0.000000 1.000000
0.995874 0.008617 -0.090336 0.191637 -0.041457 0.928726 -0.368442 81.671425 0.080723 0.370667 0.925251 0.266964 0.000000 0.000000 0.000000 1.000000
0.996020 0.010578 -0.088505 0.693062 -0.042488 0.929213 -0.367095 82.247589 0.078357 0.369394 0.925963 0.384609 0.000000 0.000000 0.000000 1.000000
0.996240 0.014691 -0.085383 1.116616 -0.045090 0.929451 -0.366179 82.798279 0.073980 0.368652 0.926619 0.496337 0.000000 0.000000 0.000000 1.000000
0.996477 0.020527 -0.081312 1.474191 -0.049014 0.929293 -0.366076 83.141884 0.068049 0.368772 0.927026 0.584106 0.000000 0.000000 0.000000 1.000000
0.996678 0.026774 -0.076913 1.794020 -0.053284 0.928602 -0.367231 83.220970 0.061589 0.370110 0.926944 0.621893 0.000000 0.000000 0.000000 1.000000
0.996756 0.032374 -0.073690 2.114189 -0.057430 0.927521 -0.369332 83.032623 0.056392 0.372365 0.926371 0.564631 0.000000 0.000000 0.000000 1.000000
0.996666 0.037024 -0.072712 2.456116 -0.061481 0.926641 -0.370886 82.637711 0.053646 0.374120 0.925827 0.444284 0.000000 0.000000 0.000000 1.000000
0.996461 0.040602 -0.073598 2.845857 -0.065115 0.926572 -0.370438 82.121933 0.053154 0.373920 0.925937 0.306771 0.000000 0.000000 0.000000 1.000000
0.996267 0.042722 -0.075012 3.272187 -0.067487 0.927296 -0.368196 81.655716 0.053828 0.371884 0.926717 0.157604 0.000000 0.000000 0.000000 1.000000
0.996203 0.043409 -0.075472 3.681647 -0.068150 0.928250 -0.365661 81.433304 0.054184 0.369416 0.927683 0.073585 0.000000 0.000000 0.000000 1.000000
0.996238 0.043854 -0.074738 4.039060 -0.068217 0.928760 -0.364350 81.460869 0.053436 0.368078 0.928258 0.048979 0.000000 0.000000 0.000000 1.000000
0.996115 0.045565 -0.075355 4.342878 -0.070095 0.928247 -0.365300 81.724197 0.053303 0.369163 0.927835 0.073235 0.000000 0.000000 0.000000 1.000000
0.995540 0.048583 -0.080870 4.600583 -0.075169 0.926475 -0.368774 82.189194 0.057008 0.373208 0.925994 0.111327 0.000000 0.000000 0.000000 1.000000
0.994472 0.051778 -0.091351 4.784624 -0.082424 0.923914 -0.373616 82.681084 0.065056 0.379080 0.923074 0.070279 0.000000 0.000000 0.000000 1.000000
0.993280 0.054531 -0.102083 4.816476 -0.089425 0.921538 -0.377849 83.019424 0.073469 0.384439 0.920222 -0.004145 0.000000 0.000000 0.000000 1.000000
0.992623 0.056698 -0.107168 4.648882 -0.093607 0.920150 -0.380214 82.988495 0.077053 0.387441 0.918669 -0.090382 0.000000 0.000000 0.000000 1.000000
0.992905 0.057388 -0.104142 4.320657 -0.093098 0.920031 -0.380625 82.619316 0.073970 0.387620 0.918847 -0.189417 0.000000 0.000000 0.000000 1.000000
0.993734 0.056071 -0.096686 3.934441 -0.088894 0.920864 -0.379614 82.027733 0.067749 0.385830 0.920079 -0.289840 0.000000 0.000000 0.000000 1.000000
0.994262 0.053886 -0.092413 3.597049 -0.085071 0.922043 -0.377623 81.320038 0.064860 0.383317 0.921337 -0.415774 0.000000 0.000000 0.000000 1.000000
0.994120 0.051933 -0.095020 3.352057 -0.084056 0.923292 -0.374788 80.705070 0.068267 0.380571 0.922228 -0.601025 0.000000 0.000000 0.000000 1.000000
0.993753 0.049686 -0.099929 3.170345 -0.083546 0.924880 -0.370969 80.262794 0.073990 0.377000 0.923253 -0.746075 0.000000 0.000000 0.000000 1.000000
0.993797 0.046579 -0.100982 3.011508 -0.080667 0.927001 -0.366282 80.056862 0.076549 0.372156 0.925008 -0.757614 0.000000 0.000000 0.000000 1.000000
0.994235 0.042816 -0.098299 2.856311 -0.075759 0.929293 -0.361489 80.126801 0.075871 0.366852 0.927180 -0.688325 0.000000 0.000000 0.000000 1.000000
0.994586 0.038698 -0.096442 2.690995 -0.070869 0.931357 -0.357145 80.493805 0.076001 0.362046 0.929057 -0.538140 0.000000 0.000000 0.000000 1.000000
0.994616 0.034495 -0.097719 2.500898 -0.067052 0.933196 -0.353058 81.047440 0.079012 0.357709 0.930484 -0.343889 0.000000 0.000000 0.000000 1.000000
0.994475 0.030632 -0.100401 2.272774 -0.064015 0.935008 -0.348800 81.710167 0.083191 0.353300 0.931804 -0.164332 0.000000 0.000000 0.000000 1.000000
0.994419 0.027525 -0.101850 1.991349 -0.061190 0.936888 -0.344232 82.291969 0.085947 0.348543 0.933344 0.014782 0.000000 0.000000 0.000000 1.000000
0.994593 0.025427 -0.100691 1.646284 -0.058404 0.938662 -0.339858 82.697006 0.085873 0.343901 0.935071 0.158047 0.000000 0.000000 0.000000 1.000000
0.995047 0.024291 -0.096392 1.251343 -0.055560 0.939983 -0.336666 82.804977 0.082429 0.340355 0.936677 0.238680 0.000000 0.000000 0.000000 1.000000
0.995703 0.023671 -0.089526 0.839156 -0.052493 0.940720 -0.335098 82.555611 0.076287 0.338358 0.937920 0.213549 0.000000 0.000000 0.000000 1.000000
0.996306 0.022977 -0.082743 0.445067 -0.049469 0.941168 -0.334299 82.048218 0.070194 0.337157 0.938828 0.108825 0.000000 0.000000 0.000000 1.000000
0.996647 0.021904 -0.078831 0.105076 -0.047012 0.941871 -0.332670 81.458168 0.066962 0.335261 0.939743 -0.020947 0.000000 0.000000 0.000000 1.000000
0.996756 0.020355 -0.077870 -0.141624 -0.044993 0.943123 -0.329384 80.978638 0.066736 0.331819 0.940980 -0.150225 0.000000 0.000000 0.000000 1.000000
0.996741 0.018259 -0.078580 -0.269055 -0.042945 0.944659 -0.325230 80.766823 0.068293 0.327545 0.942364 -0.232534 0.000000 0.000000 0.000000 1.000000
0.996617 0.015577 -0.080692 -0.335215 -0.040837 0.945940 -0.321762 80.878624 0.071317 0.323969 0.943376 -0.226954 0.000000 0.000000 0.000000 1.000000
0.996478 0.012444 -0.082931 -0.419735 -0.038435 0.946714 -0.319774 81.282867 0.074532 0.321835 0.943857 -0.163266 0.000000 0.000000 0.000000 1.000000
0.996597 0.009394 -0.081896 -0.487326 -0.035106 0.947254 -0.318554 81.935196 0.074584 0.320345 0.944360 0.053617 0.000000 0.000000 0.000000 1.000000
0.997065 0.006937 -0.076240 -0.434142 -0.030799 0.948086 -0.316518 82.708954 0.070087 0.317937 0.945518 0.410317 0.000000 0.000000 0.000000 1.000000
0.997637 0.004708 -0.068550 -0.241485 -0.025947 0.949595 -0.312403 83.409042 0.063624 0.313444 0.947473 0.828153 0.000000 0.000000 0.000000 1.000000
0.998080 0.001994 -0.061902 0.000237 -0.020890 0.951752 -0.306157 83.888435 0.058305 0.306862 0.949966 1.206964 0.000000 0.000000 0.000000 1.000000
0.998348 -0.001088 -0.057452 0.201316 -0.016170 0.954103 -0.299042 84.081444 0.055141 0.299477 0.952509 1.485227 0.000000 0.000000 0.000000 1.000000</float_array><technique_common><accessor source="#Mutant_Hips-Matrix-animation-output-transform-array" count="140" stride="16"><param type="float4x4"/></accessor></technique_common></source><source id="Mutant_Hips-Interpolations"><Name_array id="Mutant_Hips-Interpolations-array" count="140">
 LINEAR LINEAR LINEAR LINEAR LINEAR LINEAR LINEAR LINEAR LINEAR LINEAR LINEAR
LINEAR LINEAR LINEAR LINEAR LINEAR LINEAR LINEAR LINEAR LINEAR LINEAR LINEAR LINEAR
LINEAR LINEAR LINEAR LINEAR LINEAR LINEAR LINEAR LINEAR LINEAR LINEAR LINEAR LINEAR
LINEAR LINEAR LINEAR LINEAR LINEAR LINEAR LINEAR LINEAR LINEAR LINEAR LINEAR LINEAR
LINEAR LINEAR LINEAR LINEAR LINEAR LINEAR LINEAR LINEAR LINEAR LINEAR LINEAR LINEAR
LINEAR LINEAR LINEAR LINEAR LINEAR LINEAR LINEAR LINEAR LINEAR LINEAR LINEAR LINEAR
LINEAR LINEAR LINEAR LINEAR LINEAR LINEAR LINEAR LINEAR LINEAR LINEAR LINEAR LINEAR
LINEAR LINEAR LINEAR LINEAR LINEAR LINEAR LINEAR LINEAR LINEAR LINEAR LINEAR LINEAR
LINEAR LINEAR LINEAR LINEAR LINEAR LINEAR LINEAR LINEAR LINEAR LINEAR LINEAR LINEAR
LINEAR LINEAR LINEAR LINEAR LINEAR LINEAR LINEAR LINEAR LINEAR LINEAR LINEAR LINEAR
LINEAR LINEAR LINEAR LINEAR LINEAR LINEAR LINEAR LINEAR LINEAR LINEAR LINEAR LINEAR
LINEAR LINEAR LINEAR LINEAR LINEAR LINEAR LINEAR LINEAR LINEAR</Name_array><technique_common><accessor source="#Mutant_Hips-Interpolations-array" count="140"><param type="name"/></accessor></technique_common></source><sampler id="Mutant_Hips-Matrix-animation-transform"><input semantic="INPUT" source="#Mutant_Hips-Matrix-animation-input"/><input semantic="OUTPUT" source="#Mutant_Hips-Matrix-animation-output-transform"/><input semantic="INTERPOLATION" source="#Mutant_Hips-Interpolations"/></sampler><channel source="#Mutant_Hips-Matrix-animation-transform" target="Mutant_Hips/matrix"/></animation>
    <animation id="Mutant_Spine-anim" name="Mutant_Spine"><source id="Mutant_Spine-Matrix-animation-input"><float_array id="Mutant_Spine-Matrix-animation-input-array" count="140">

0.000000 0.033333 0.066667 0.100000 0.133333 0.166667 0.200000 0.233333 0.266667 0.300000 0.333333 0.366667 0.400000 0.433333 0.466667 0.500000
0.533333 0.566667 0.600000 0.633333 0.666667 0.700000 0.733333 0.766667 0.800000 0.833333 0.866667 0.900000 0.933333 0.966667 1.000000 1.033333
1.066667 1.100000 1.133333 1.166667 1.200000 1.233333 1.266667 1.300000 1.333333 1.366667 1.400000 1.433333 1.466667 1.500000 1.533333 1.566667
1.600000 1.633333 1.666667 1.700000 1.733333 1.766667 1.800000 1.833333 1.866667 1.900000 1.933333 1.966667 2.000000 2.033333 2.066667 2.100000
2.133333 2.166667 2.200000 2.233333 2.266667 2.300000 2.333333 2.366667 2.400000 2.433333 2.466667 2.500000 2.533333 2.566667 2.600000 2.633333
2.666667 2.700000 2.733333 2.766667 2.800000 2.833333 2.866667 2.900000 2.933333 2.966667 3.000000 3.033333 3.066667 3.100000 3.133333 3.166667
3.200000 3.233333 3.266667 3.300000 3.333333 3.366667 3.400000 3.433333 3.466667 3.500000 3.533333 3.566667 3.600000 3.633333 3.666667 3.700000
3.733333 3.766667 3.800000 3.833333 3.866667 3.900000 3.933333 3.966667 4.000000 4.033333 4.066667 4.100000 4.133333 4.166667 4.200000 4.233333
4.266667 4.300000 4.333333 4.366667 4.400000 4.433333 4.466667 4.500000 4.533333 4.566667 4.600000 4.633333</float_array><technique_common><accessor source="#Mutant_Spine-Matrix-animation-input-array" count="140"><param name="TIME" type="float"/></accessor></technique_common></source><source id="Mutant_Spine-Matrix-animation-output-transform"><float_array id="Mutant_Spine-Matrix-animation-output-transform-array" count="2240">

0.999606 -0.007214 -0.027143 -0.000000 -0.000012 0.966339 -0.257274 10.763900 0.028086 0.257172 0.965957 1.243500 0.000000 0.000000 0.000000 1.000000
0.999634 -0.005822 -0.026401 0.000000 -0.001202 0.965998 -0.258548 10.763900 0.027008 0.258485 0.965638 1.243500 0.000000 0.000000 0.000000 1.000000
0.999728 -0.004351 -0.022909 0.000000 -0.001745 0.965722 -0.259572 10.763900 0.023253 0.259541 0.965452 1.243500 0.000000 0.000000 0.000000 1.000000
0.999832 -0.003476 -0.017998 0.000000 -0.001326 0.965569 -0.260143 10.763900 0.018283 0.260123 0.965402 1.243500 0.000000 0.000000 0.000000 1.000000
0.999896 -0.003627 -0.013951 0.000000 -0.000128 0.965552 -0.260210 10.763900 0.014414 0.260185 0.965451 1.243500 0.000000 0.000000 0.000000 1.000000
0.999913 -0.003867 -0.012576 0.000000 0.000464 0.965601 -0.260028 10.763900 0.013149 0.259999 0.965519 1.243500 0.000000 0.000000 0.000000 1.000000
0.999907 -0.002994 -0.013286 -0.000000 -0.000563 0.965610 -0.259995 10.763900 0.013608 0.259979 0.965519 1.243500 0.000000 0.000000 0.000000 1.000000
0.999902 -0.000822 -0.014004 0.000000 -0.002852 0.965511 -0.260348 10.763900 0.013735 0.260362 0.965413 1.243500 0.000000 0.000000 0.000000 1.000000
0.999902 0.002298 -0.013827 0.000000 -0.005830 0.965291 -0.261110 10.763900 0.012747 0.261165 0.965210 1.243500 0.000000 0.000000 0.000000 1.000000
0.999898 0.005550 -0.013153 0.000000 -0.008806 0.964953 -0.262277 10.763900 0.011236 0.262366 0.964903 1.243500 0.000000 0.000000 0.000000 1.000000
0.999885 0.008219 -0.012740 0.000000 -0.011290 0.964512 -0.263796 10.763900 0.010120 0.263910 0.964494 1.243500 0.000000 0.000000 0.000000 1.000000
0.999862 0.010058 -0.013217 -0.000000 -0.013206 0.964041 -0.265425 10.763900 0.010072 0.265563 0.964041 1.243500 0.000000 0.000000 0.000000 1.000000
0.999826 0.011199 -0.014940 0.000000 -0.014781 0.963628 -0.266837 10.763900 0.011408 0.267011 0.963626 1.243500 0.000000 0.000000 0.000000 1.000000
0.999773 0.011746 -0.017752 0.000000 -0.016074 0.963323 -0.267863 10.763900 0.013955 0.268087 0.963294 1.243500 0.000000 0.000000 0.000000 1.000000
0.999707 0.011600 -0.021235 0.000000 -0.016878 0.963144 -0.268456 10.763900 0.017338 0.268736 0.963058 1.243500 0.000000 0.000000 0.000000 1.000000
0.999630 0.010475 -0.025087 0.000000 -0.016833 0.963105 -0.268599 10.763900 0.021348 0.268922 0.962925 1.243500 0.000000 0.000000 0.000000 1.000000
0.999541 0.008295 -0.029132 -0.000000 -0.015818 0.963149 -0.268501 10.763900 0.025832 0.268839 0.962839 1.243500 0.000000 0.000000 0.000000 1.000000
0.999436 0.005521 -0.033128 -0.000000 -0.014229 0.963099 -0.268769 10.763900 0.030421 0.269089 0.962635 1.243500 0.000000 0.000000 0.000000 1.000000
0.999319 0.002588 -0.036797 0.000000 -0.012433 0.962797 -0.269939 10.763900 0.034729 0.270212 0.962174 1.243500 0.000000 0.000000 0.000000 1.000000
0.999189 -0.000825 -0.040255 0.000000 -0.010154 0.962310 -0.271764 10.763900 0.038962 0.271952 0.961522 1.243500 0.000000 0.000000 0.000000 1.000000
0.999002 -0.005531 -0.044322 -0.000000 -0.006798 0.961916 -0.273262 10.763900 0.044145 0.273290 0.960918 1.243500 0.000000 0.000000 0.000000 1.000000
0.998686 -0.011886 -0.049854 -0.000000 -0.002217 0.961804 -0.273729 10.763900 0.051204 0.273480 0.960514 1.243500 0.000000 0.000000 0.000000 1.000000
0.998231 -0.019276 -0.056243 0.000000 0.003156 0.961829 -0.273632 10.763900 0.059371 0.272971 0.960189 1.243500 0.000000 0.000000 0.000000 1.000000
0.997783 -0.026472 -0.061060 0.000000 0.008730 0.961621 -0.274241 10.763900 0.065976 0.273100 0.959721 1.243500 0.000000 0.000000 0.000000 1.000000
0.997545 -0.032316 -0.062123 0.000000 0.013919 0.960951 -0.276370 10.763900 0.068629 0.274826 0.959041 1.243500 0.000000 0.000000 0.000000 1.000000
0.997548 -0.036569 -0.059670 0.000000 0.018463 0.959927 -0.279641 10.763900 0.067505 0.277853 0.958249 1.243500 0.000000 0.000000 0.000000 1.000000
0.997640 -0.039977 -0.055832 0.000000 0.022590 0.958877 -0.282921 10.763900 0.064846 0.280992 0.957517 1.243500 0.000000 0.000000 0.000000 1.000000
0.997695 -0.043318 -0.052236 0.000000 0.026664 0.958086 -0.285238 10.763900 0.062403 0.283188 0.957032 1.243500 0.000000 0.000000 0.000000 1.000000
0.997718 -0.046526 -0.048923 0.000000 0.030616 0.957639 -0.286338 10.763900 0.060173 0.284187 0.956879 1.243500 0.000000 0.000000 0.000000 1.000000
0.997772 -0.049023 -0.045252 -0.000000 0.034045 0.957457 -0.286560 10.763900 0.057375 0.284381 0.956993 1.243500 0.000000 0.000000 0.000000 1.000000
0.997893 -0.050159 -0.041161 0.000000 0.036315 0.957440 -0.286338 10.763900 0.053772 0.284240 0.957244 1.243500 0.000000 0.000000 0.000000 1.000000
0.998089 -0.049274 -0.037276 -0.000000 0.036602 0.957596 -0.285780 10.763900 0.049777 0.283870 0.957570 1.243500 0.000000 0.000000 0.000000 1.000000
0.998347 -0.046083 -0.034333 0.000000 0.034433 0.958024 -0.284613 10.763900 0.046008 0.282960 0.958028 1.243500 0.000000 0.000000 0.000000 1.000000
0.998604 -0.041436 -0.032745 0.000000 0.030517 0.958763 -0.282564 10.763900 0.043103 0.281170 0.958690 1.243500 0.000000 0.000000 0.000000 1.000000
0.998783 -0.037020 -0.032584 0.000000 0.026443 0.959697 -0.279791 10.763900 0.041628 0.278589 0.959508 1.243500 0.000000 0.000000 0.000000 1.000000
0.998860 -0.033849 -0.033654 -0.000000 0.023225 0.960627 -0.276868 10.763900 0.041701 0.275771 0.960318 1.243500 0.000000 0.000000 0.000000 1.000000
0.998879 -0.031433 -0.035388 -0.000000 0.020533 0.961407 -0.274364 10.763900 0.042647 0.273330 0.960975 1.243500 0.000000 0.000000 0.000000 1.000000
0.998916 -0.028752 -0.036599 -0.000000 0.017696 0.961933 -0.272711 10.763900 0.043046 0.271767 0.961400 1.243500 0.000000 0.000000 0.000000 1.000000
0.999036 -0.025518 -0.035726 0.000000 0.014831 0.962054 -0.272457 10.763900 0.041323 0.271664 0.961505 1.243500 0.000000 0.000000 0.000000 1.000000
0.999244 -0.021913 -0.032117 0.000000 0.012277 0.961615 -0.274129 10.763900 0.036891 0.273527 0.961157 1.243500 0.000000 0.000000 0.000000 1.000000
0.999481 -0.018023 -0.026687 0.000000 0.009910 0.960636 -0.277635 10.763900 0.030640 0.277226 0.960316 1.243500 0.000000 0.000000 0.000000 1.000000
0.999682 -0.013861 -0.021050 -0.000000 0.007361 0.959353 -0.282114 10.763900 0.024104 0.281869 0.959150 1.243500 0.000000 0.000000 0.000000 1.000000
0.999823 -0.009675 -0.016153 0.000000 0.004642 0.958064 -0.286515 10.763900 0.018248 0.286390 0.957939 1.243500 0.000000 0.000000 0.000000 1.000000
0.999908 -0.006042 -0.012162 0.000000 0.002253 0.956964 -0.290197 10.763900 0.013392 0.290143 0.956890 1.243500 0.000000 0.000000 0.000000 1.000000
0.999949 -0.003446 -0.009493 0.000000 0.000514 0.956122 -0.292969 10.763900 0.010086 0.292949 0.956075 1.243500 0.000000 0.000000 0.000000 1.000000
0.999958 -0.001914 -0.008908 0.000000 -0.000798 0.955556 -0.294809 10.763900 0.009077 0.294804 0.955515 1.243500 0.000000 0.000000 0.000000 1.000000
0.999946 -0.001130 -0.010327 0.000000 -0.001974 0.955287 -0.295674 10.763900 0.010199 0.295678 0.955233 1.243500 0.000000 0.000000 0.000000 1.000000
0.999919 -0.000463 -0.012693 0.000000 -0.003310 0.955305 -0.295602 10.763900 0.012263 0.295620 0.955227 1.243500 0.000000 0.000000 0.000000 1.000000
0.999889 0.000611 -0.014901 -0.000000 -0.004980 0.955496 -0.294963 10.763900 0.014057 0.295004 0.955393 1.243500 0.000000 0.000000 0.000000 1.000000
0.999865 0.001732 -0.016323 -0.000000 -0.006461 0.955682 -0.294331 10.763900 0.015090 0.294397 0.955564 1.243500 0.000000 0.000000 0.000000 1.000000
0.999847 0.002141 -0.017387 -0.000000 -0.007158 0.955795 -0.293947 10.763900 0.015989 0.294026 0.955664 1.243500 0.000000 0.000000 0.000000 1.000000
0.999816 0.001668 -0.019109 0.000000 -0.007204 0.955935 -0.293490 10.763900 0.017778 0.293574 0.955771 1.243500 0.000000 0.000000 0.000000 1.000000
0.999766 0.000798 -0.021605 0.000000 -0.007086 0.956210 -0.292594 10.763900 0.020425 0.292679 0.955993 1.243500 0.000000 0.000000 0.000000 1.000000
0.999719 -0.000017 -0.023718 -0.000000 -0.006898 0.956576 -0.291402 10.763900 0.022693 0.291483 0.956307 1.243500 0.000000 0.000000 0.000000 1.000000
0.999702 -0.000777 -0.024385 -0.000000 -0.006343 0.956841 -0.290543 10.763900 0.023559 0.290611 0.956551 1.243500 0.000000 0.000000 0.000000 1.000000
0.999715 -0.001839 -0.023819 -0.000000 -0.005164 0.956824 -0.290623 10.763900 0.023325 0.290663 0.956541 1.243500 0.000000 0.000000 0.000000 1.000000
0.999719 -0.003254 -0.023498 0.000000 -0.003740 0.956532 -0.291604 10.763900 0.023425 0.291610 0.956250 1.243500 0.000000 0.000000 0.000000 1.000000
0.999682 -0.004889 -0.024721 0.000000 -0.002562 0.956206 -0.292682 10.763900 0.025070 0.292652 0.955890 1.243500 0.000000 0.000000 0.000000 1.000000
0.999599 -0.006668 -0.027503 -0.000000 -0.001684 0.956109 -0.293005 10.763900 0.028249 0.292934 0.955715 1.243500 0.000000 0.000000 0.000000 1.000000
0.999489 -0.008380 -0.030831 0.000000 -0.001008 0.956244 -0.292570 10.763900 0.031933 0.292452 0.955747 1.243500 0.000000 0.000000 0.000000 1.000000
0.999380 -0.009402 -0.033940 0.000000 -0.000923 0.956389 -0.292094 10.763900 0.035206 0.291944 0.955787 1.243500 0.000000 0.000000 0.000000 1.000000
0.999272 -0.009413 -0.036959 0.000000 -0.001790 0.956418 -0.291995 10.763900 0.038097 0.291849 0.955706 1.243500 0.000000 0.000000 0.000000 1.000000
0.999139 -0.008917 -0.040527 0.000000 -0.003302 0.956455 -0.291860 10.763900 0.041365 0.291743 0.955602 1.243500 0.000000 0.000000 0.000000 1.000000
0.998956 -0.008558 -0.044866 0.000000 -0.004877 0.956684 -0.291087 10.763900 0.045414 0.291002 0.955644 1.243500 0.000000 0.000000 0.000000 1.000000
0.998765 -0.008450 -0.048960 0.000000 -0.006113 0.957047 -0.289870 10.763900 0.049306 0.289811 0.955813 1.243500 0.000000 0.000000 0.000000 1.000000
0.998654 -0.008199 -0.051215 0.000000 -0.006980 0.957201 -0.289339 10.763900 0.051396 0.289307 0.955856 1.243500 0.000000 0.000000 0.000000 1.000000
0.998685 -0.007837 -0.050655 0.000000 -0.007232 0.956814 -0.290610 10.763900 0.050745 0.290594 0.955500 1.243500 0.000000 0.000000 0.000000 1.000000
0.998809 -0.007785 -0.048163 0.000000 -0.006706 0.955912 -0.293576 10.763900 0.048325 0.293549 0.954722 1.243500 0.000000 0.000000 0.000000 1.000000
0.998897 -0.008325 -0.046207 -0.000000 -0.005768 0.954940 -0.296744 10.763900 0.046595 0.296683 0.953838 1.243500 0.000000 0.000000 0.000000 1.000000
0.998852 -0.009763 -0.046903 0.000000 -0.004685 0.954417 -0.298439 10.763900 0.047679 0.298316 0.953276 1.243500 0.000000 0.000000 0.000000 1.000000
0.998640 -0.011846 -0.050763 -0.000000 -0.003829 0.954531 -0.298087 10.763900 0.051986 0.297877 0.953188 1.243500 0.000000 0.000000 0.000000 1.000000
0.998342 -0.013743 -0.055895 0.000000 -0.003448 0.955059 -0.296397 10.763900 0.057457 0.296098 0.953428 1.243500 0.000000 0.000000 0.000000 1.000000
0.998157 -0.014462 -0.058941 -0.000000 -0.003551 0.955611 -0.294609 10.763900 0.060586 0.294276 0.953798 1.243500 0.000000 0.000000 0.000000 1.000000
0.998252 -0.013459 -0.057550 0.000000 -0.004050 0.955860 -0.293795 10.763900 0.058964 0.293515 0.954134 1.243500 0.000000 0.000000 0.000000 1.000000
0.998572 -0.011244 -0.052226 0.000000 -0.004640 0.955653 -0.294459 10.763900 0.053221 0.294280 0.954236 1.243500 0.000000 0.000000 0.000000 1.000000
0.998906 -0.009399 -0.045810 0.000000 -0.004599 0.955100 -0.296248 10.763900 0.046538 0.296135 0.954012 1.243500 0.000000 0.000000 0.000000 1.000000
0.999097 -0.009318 -0.041461 0.000000 -0.003466 0.954547 -0.298039 10.763900 0.042354 0.297914 0.953653 1.243500 0.000000 0.000000 0.000000 1.000000
0.999113 -0.011035 -0.040626 0.000000 -0.001608 0.954328 -0.298757 10.763900 0.042068 0.298557 0.953464 1.243500 0.000000 0.000000 0.000000 1.000000
0.999011 -0.013486 -0.042370 0.000000 0.000238 0.954510 -0.298178 10.763900 0.044464 0.297873 0.953570 1.243500 0.000000 0.000000 0.000000 1.000000
0.998889 -0.015472 -0.044517 0.000000 0.001564 0.954938 -0.296802 10.763900 0.047103 0.296402 0.953901 1.243500 0.000000 0.000000 0.000000 1.000000
0.998848 -0.016323 -0.045116 0.000000 0.002285 0.955465 -0.295096 10.763900 0.047924 0.294653 0.954402 1.243500 0.000000 0.000000 0.000000 1.000000
0.998935 -0.016079 -0.043243 0.000000 0.002696 0.956049 -0.293195 10.763900 0.046057 0.292766 0.955074 1.243500 0.000000 0.000000 0.000000 1.000000
0.999103 -0.015296 -0.039493 0.000000 0.003129 0.956611 -0.291351 10.763900 0.042236 0.290966 0.955801 1.243500 0.000000 0.000000 0.000000 1.000000
0.999252 -0.015014 -0.035628 0.000000 0.004027 0.956925 -0.290306 10.763900 0.038452 0.289946 0.956270 1.243500 0.000000 0.000000 0.000000 1.000000
0.999311 -0.016104 -0.033454 0.000000 0.005684 0.956768 -0.290795 10.763900 0.036691 0.290404 0.956200 1.243500 0.000000 0.000000 0.000000 1.000000
0.999268 -0.018377 -0.033567 0.000000 0.007757 0.956214 -0.292564 10.763900 0.037474 0.292089 0.955657 1.243500 0.000000 0.000000 0.000000 1.000000
0.999172 -0.020666 -0.035040 -0.000000 0.009452 0.955721 -0.294124 10.763900 0.039566 0.293549 0.955125 1.243500 0.000000 0.000000 0.000000 1.000000
0.999101 -0.021855 -0.036327 0.000000 0.010226 0.955816 -0.293788 10.763900 0.041143 0.293153 0.955180 1.243500 0.000000 0.000000 0.000000 1.000000
0.999099 -0.021692 -0.036469 0.000000 0.010144 0.956640 -0.291096 10.763900 0.041203 0.290464 0.955998 1.243500 0.000000 0.000000 0.000000 1.000000
