<?xml version="1.0" encoding="utf-8"?>
<COLLADA xmlns="http://www.collada.org/2005/11/COLLADASchema" version="1.4.1">
  <asset><contributor><author>Mixamo</author><authoring_tool>COLLADA Mixamo exporter</authoring_tool><comments></comments></contributor><created>2018-04-27T17:48:19Z</created><modified>2018-04-27T17:48:19Z</modified><revision></revision><title></title><unit meter="0.010000"/><up_axis>Y_UP</up_axis></asset>
  <library_animations>
    <animation id="Mutant_Hips-anim" name="Mutant_Hips"><source id="Mutant_Hips-Matrix-animation-input"><float_array id="Mutant_Hips-Matrix-animation-input-array" count="86">

0.000000 0.033333 0.066667 0.100000 0.133333 0.166667 0.200000 0.233333 0.266667 0.300000 0.333333 0.366667 0.400000 0.433333 0.466667 0.500000
0.533333 0.566667 0.600000 0.633333 0.666667 0.700000 0.733333 0.766667 0.800000 0.833333 0.866667 0.900000 0.933333 0.966667 1.000000 1.033333
1.066667 1.100000 1.133333 1.166667 1.200000 1.233333 1.266667 1.300000 1.333333 1.366667 1.400000 1.433333 1.466667 1.500000 1.533333 1.566667
1.600000 1.633333 1.666667 1.700000 1.733333 1.766667 1.800000 1.833333 1.866667 1.900000 1.933333 1.966667 2.000000 2.033333 2.066667 2.100000
2.133333 2.166667 2.200000 2.233333 2.266667 2.300000 2.333333 2.366667 2.400000 2.433333 2.466667 2.500000 2.533333 2.566667 2.600000 2.633333
2.666667 2.700000 2.733333 2.766667 2.800000 2.833333</float_array><technique_common><accessor source="#Mutant_Hips-Matrix-animation-input-array" count="86"><param name="TIME" type="float"/></accessor></technique_common></source><source id="Mutant_Hips-Matrix-animation-output-transform"><float_array id="Mutant_Hips-Matrix-animation-output-transform-array" count="1376">

0.997420 0.018525 -0.069358 0.246279 -0.039472 0.948505 -0.314292 80.623825 0.059964 0.316219 0.946789 1.095613 0.000000 0.000000 0.000000 1.000000
0.997058 0.015973 -0.074963 0.538347 -0.038806 0.948621 -0.314025 80.880951 0.066096 0.316010 0.946451 2.347514 0.000000 0.000000 0.000000 1.000000
0.996802 0.013545 -0.078749 0.881083 -0.037693 0.948692 -0.313946 80.992973 0.070457 0.315910 0.946169 3.669522 0.000000 0.000000 0.000000 1.000000
0.996650 0.011407 -0.080985 1.267202 -0.036413 0.948558 -0.314503 80.993973 0.073231 0.316399 0.945795 5.193520 0.000000 0.000000 0.000000 1.000000
0.996339 0.009995 -0.084902 1.721554 -0.036360 0.948383 -0.315036 80.904144 0.077371 0.316970 0.945275 6.853444 0.000000 0.000000 0.000000 1.000000
0.996074 0.006431 -0.088286 2.285711 -0.034078 0.948344 -0.315409 80.657356 0.081697 0.317179 0.944840 8.630310 0.000000 0.000000 0.000000 1.000000
0.995376 0.003435 -0.095993 3.063989 -0.033610 0.948643 -0.314557 80.029259 0.089982 0.316329 0.944373 10.604736 0.000000 0.000000 0.000000 1.000000
0.992899 0.004964 -0.118858 4.003883 -0.041405 0.951079 -0.306161 79.099594 0.111523 0.308909 0.944531 12.901406 0.000000 0.000000 0.000000 1.000000
0.986522 0.011050 -0.163253 4.874185 -0.058946 0.954729 -0.291580 78.197067 0.152640 0.297273 0.942513 15.400578 0.000000 0.000000 0.000000 1.000000
0.972317 0.023342 -0.232499 5.783821 -0.088631 0.957486 -0.274526 77.176323 0.216206 0.287533 0.933049 18.019171 0.000000 0.000000 0.000000 1.000000
0.949710 0.028255 -0.311854 6.908302 -0.113748 0.959017 -0.259514 76.073448 0.291741 0.281935 0.914002 21.343330 0.000000 0.000000 0.000000 1.000000
0.918004 0.034354 -0.395079 8.036753 -0.140385 0.959882 -0.242730 75.674835 0.370891 0.278290 0.885999 25.482246 0.000000 0.000000 0.000000 1.000000
0.859802 0.040420 -0.509025 8.833578 -0.169035 0.963188 -0.209037 75.728775 0.481838 0.265773 0.834983 31.149441 0.000000 0.000000 0.000000 1.000000
0.771893 0.047554 -0.633971 8.767531 -0.199104 0.965116 -0.170027 75.932899 0.603770 0.257469 0.754435 37.425007 0.000000 0.000000 0.000000 1.000000
0.678412 0.045501 -0.733272 8.431132 -0.214828 0.966743 -0.138767 76.740105 0.702571 0.251669 0.665625 43.865513 0.000000 0.000000 0.000000 1.000000
0.598933 0.032286 -0.800148 7.920948 -0.206563 0.971602 -0.115414 77.767509 0.773700 0.234406 0.588594 50.575249 0.000000 0.000000 0.000000 1.000000
0.499692 0.020427 -0.865962 7.103181 -0.176231 0.981210 -0.078547 78.322945 0.848087 0.191859 0.493902 57.002308 0.000000 0.000000 0.000000 1.000000
0.380241 0.005327 -0.924872 6.340165 -0.133628 0.989808 -0.049237 78.736526 0.915183 0.142311 0.377077 62.907398 0.000000 0.000000 0.000000 1.000000
0.281731 -0.023762 -0.959199 6.110234 -0.116425 0.991460 -0.058757 78.499893 0.952404 0.128228 0.276559 68.676079 0.000000 0.000000 0.000000 1.000000
0.187095 -0.033711 -0.981763 6.352361 -0.129559 0.989834 -0.058678 77.083565 0.973761 0.138174 0.180825 74.469894 0.000000 0.000000 0.000000 1.000000
0.122003 -0.039989 -0.991724 5.750216 -0.122345 0.990962 -0.055009 76.026733 0.984960 0.128044 0.116007 81.048515 0.000000 0.000000 0.000000 1.000000
0.079309 -0.034160 -0.996265 4.573203 -0.087143 0.995349 -0.041066 75.897865 0.993034 0.090075 0.075963 88.520020 0.000000 0.000000 0.000000 1.000000
0.028965 -0.013894 -0.999484 2.706793 -0.052148 0.998521 -0.015392 75.923233 0.998219 0.052567 0.028197 97.296677 0.000000 0.000000 0.000000 1.000000
-0.036997 0.013037 -0.999230 0.661762 -0.008228 0.999877 0.013350 76.382202 0.999282 0.008716 -0.036885 106.433266 0.000000 0.000000 0.000000 1.000000
-0.137844 0.040829 -0.989612 -0.667834 0.022178 0.999027 0.038128 77.315063 0.990206 -0.016692 -0.138615 116.025604 0.000000 0.000000 0.000000 1.000000
-0.237784 0.053946 -0.969819 -1.071157 0.048863 0.997857 0.043525 78.556717 0.970088 -0.037039 -0.239910 124.826492 0.000000 0.000000 0.000000 1.000000
-0.253377 0.066673 -0.965067 -0.102599 0.090487 0.994882 0.044976 79.948837 0.963126 -0.075930 -0.258113 132.329224 0.000000 0.000000 0.000000 1.000000
-0.193045 0.058049 -0.979471 0.969023 0.108410 0.993398 0.037508 82.373138 0.975182 -0.098943 -0.198064 140.376740 0.000000 0.000000 0.000000 1.000000
-0.139874 0.034812 -0.989557 1.520604 0.122021 0.992370 0.017663 84.661514 0.982622 -0.118276 -0.143054 147.856949 0.000000 0.000000 0.000000 1.000000
-0.111475 0.012207 -0.993692 1.926078 0.134630 0.990892 -0.002930 85.318665 0.984606 -0.134108 -0.112103 155.085602 0.000000 0.000000 0.000000 1.000000
-0.091145 -0.004919 -0.995825 2.755538 0.180817 0.983284 -0.021407 85.769714 0.979284 -0.182013 -0.088732 161.712616 0.000000 0.000000 0.000000 1.000000
-0.090191 -0.001712 -0.995923 3.559931 0.220654 0.975112 -0.021659 85.784645 0.971173 -0.221708 -0.087568 168.205002 0.000000 0.000000 0.000000 1.000000
-0.092887 0.007770 -0.995646 3.926671 0.220706 0.975254 -0.012980 85.620224 0.970907 -0.220951 -0.092303 174.877014 0.000000 0.000000 0.000000 1.000000
-0.088772 0.002801 -0.996048 3.773312 0.210120 0.977545 -0.015977 83.828316 0.973637 -0.210708 -0.087367 181.170273 0.000000 0.000000 0.000000 1.000000
-0.095685 -0.006631 -0.995390 3.621536 0.182001 0.983004 -0.024044 81.395454 0.978632 -0.183463 -0.092852 187.662109 0.000000 0.000000 0.000000 1.000000
-0.110649 -0.005491 -0.993844 3.391950 0.136292 0.990454 -0.020646 78.932373 0.984470 -0.137737 -0.108844 194.063461 0.000000 0.000000 0.000000 1.000000
-0.088632 0.024528 -0.995762 2.826305 0.095797 0.995273 0.015989 76.957458 0.991447 -0.093974 -0.090562 200.485382 0.000000 0.000000 0.000000 1.000000
-0.019615 0.060989 -0.997946 2.181455 0.061727 0.996308 0.059675 74.805862 0.997900 -0.060429 -0.023307 207.557587 0.000000 0.000000 0.000000 1.000000
0.077334 0.104628 -0.991500 1.402081 0.023282 0.994018 0.106709 73.775154 0.996733 -0.031337 0.074435 213.866913 0.000000 0.000000 0.000000 1.000000
0.200757 0.154306 -0.967412 0.849143 -0.033701 0.988020 0.150599 73.332481 0.979061 0.002369 0.203553 219.388611 0.000000 0.000000 0.000000 1.000000
0.366513 0.185026 -0.911830 -0.009337 -0.110095 0.981766 0.154964 73.945648 0.923876 0.043592 0.380200 223.651550 0.000000 0.000000 0.000000 1.000000
0.574520 0.195803 -0.794725 -1.285001 -0.189180 0.976439 0.103812 74.717957 0.796327 0.090704 0.598026 226.842377 0.000000 0.000000 0.000000 1.000000
0.777740 0.209499 -0.592647 -3.073308 -0.258041 0.966130 0.002893 75.867706 0.573179 0.150677 0.805457 229.908524 0.000000 0.000000 0.000000 1.000000
0.910359 0.218580 -0.351381 -4.355679 -0.285714 0.946247 -0.151607 77.117836 0.299355 0.238411 0.923876 233.353088 0.000000 0.000000 0.000000 1.000000
0.962605 0.225044 -0.150824 -4.995964 -0.260887 0.920083 -0.292209 78.182602 0.073011 0.320629 0.944387 236.945786 0.000000 0.000000 0.000000 1.000000
0.970222 0.240796 -0.026196 -5.563923 -0.231634 0.890775 -0.390981 79.420761 -0.070812 0.385407 0.920026 240.465210 0.000000 0.000000 0.000000 1.000000
0.965220 0.257606 0.044614 -5.961698 -0.211029 0.868409 -0.448700 80.542114 -0.154332 0.423680 0.892568 244.405899 0.000000 0.000000 0.000000 1.000000
0.960779 0.256607 0.105155 -6.315809 -0.179536 0.864556 -0.469371 81.640480 -0.211356 0.432082 0.876718 249.057159 0.000000 0.000000 0.000000 1.000000
0.949352 0.250798 0.189290 -6.550803 -0.127097 0.857446 -0.498630 82.551605 -0.287362 0.449317 0.845894 254.261597 0.000000 0.000000 0.000000 1.000000
0.926041 0.248112 0.284410 -6.563131 -0.062429 0.843871 -0.532902 82.936691 -0.372225 0.475734 0.796948 259.621613 0.000000 0.000000 0.000000 1.000000
0.900997 0.254928 0.351021 -6.335483 -0.014074 0.825881 -0.563669 83.292526 -0.433597 0.502924 0.747704 264.960785 0.000000 0.000000 0.000000 1.000000
0.894017 0.258045 0.366259 -5.988748 0.003094 0.813909 -0.580984 83.693130 -0.448022 0.520544 0.726850 270.145325 0.000000 0.000000 0.000000 1.000000
0.895520 0.262488 0.359366 -5.816781 -0.004990 0.813398 -0.581686 83.907310 -0.444993 0.519119 0.729724 274.937866 0.000000 0.000000 0.000000 1.000000
0.908146 0.246070 0.338704 -5.919498 -0.014677 0.827248 -0.561645 83.801521 -0.418396 0.505085 0.754873 279.553314 0.000000 0.000000 0.000000 1.000000
0.928415 0.213932 0.303775 -6.168923 -0.025721 0.852644 -0.521858 83.521286 -0.370654 0.476687 0.797110 285.040985 0.000000 0.000000 0.000000 1.000000
0.942262 0.183448 0.280160 -6.344487 -0.027850 0.876635 -0.480349 82.614807 -0.333718 0.444812 0.831129 291.337372 0.000000 0.000000 0.000000 1.000000
0.948561 0.160292 0.273017 -6.331310 -0.029948 0.903919 -0.426653 81.297852 -0.315175 0.396530 0.862223 297.857666 0.000000 0.000000 0.000000 1.000000
0.953729 0.137143 0.267567 -6.059905 -0.033275 0.932592 -0.359396 79.872566 -0.298819 0.333863 0.894004 304.333191 0.000000 0.000000 0.000000 1.000000
0.946625 0.114217 0.301423 -6.174525 -0.020070 0.954188 -0.298535 79.032043 -0.321712 0.276551 0.905550 309.809204 0.000000 0.000000 0.000000 1.000000
0.936238 0.095921 0.338021 -6.332891 -0.008200 0.967719 -0.251900 79.179420 -0.351272 0.233066 0.906801 314.911560 0.000000 0.000000 0.000000 1.000000
0.924738 0.079183 0.372276 -6.557621 0.001933 0.977129 -0.212637 79.866516 -0.380599 0.197353 0.903436 319.946198 0.000000 0.000000 0.000000 1.000000
0.915662 0.067204 0.396292 -6.619478 0.006208 0.983442 -0.181117 80.774948 -0.401902 0.168302 0.900083 324.889801 0.000000 0.000000 0.000000 1.000000
0.916187 0.070921 0.394425 -6.130327 -0.005316 0.986280 -0.164994 81.977303 -0.400715 0.149069 0.903994 329.343689 0.000000 0.000000 0.000000 1.000000
0.928673 0.083191 0.361450 -5.398304 -0.021932 0.985133 -0.170387 83.358582 -0.370251 0.150306 0.916691 333.468231 0.000000 0.000000 0.000000 1.000000
0.945735 0.094408 0.310923 -4.476138 -0.037916 0.982389 -0.182960 84.883430 -0.322720 0.161242 0.932659 337.381012 0.000000 0.000000 0.000000 1.000000
0.960864 0.095526 0.260029 -3.582361 -0.043281 0.978904 -0.199684 85.570534 -0.273619 0.180615 0.944728 340.980560 0.000000 0.000000 0.000000 1.000000
0.977599 0.084113 0.192939 -2.864524 -0.041691 0.975898 -0.214207 84.901054 -0.206306 0.201364 0.957544 344.748932 0.000000 0.000000 0.000000 1.000000
0.990781 0.065544 0.118561 -2.487326 -0.039323 0.976631 -0.211294 83.074738 -0.129639 0.204684 0.970205 348.088196 0.000000 0.000000 0.000000 1.000000
0.997133 0.049560 0.057182 -1.845132 -0.036945 0.978338 -0.203692 80.368782 -0.066038 0.200996 0.977364 350.828827 0.000000 0.000000 0.000000 1.000000
0.999175 0.037925 0.014549 -1.075189 -0.033933 0.976186 -0.214265 77.668251 -0.022328 0.213594 0.976667 352.957794 0.000000 0.000000 0.000000 1.000000
0.999364 0.031859 -0.016031 -0.572233 -0.034646 0.973874 -0.224431 76.761078 0.008462 0.224844 0.974358 354.670685 0.000000 0.000000 0.000000 1.000000
0.999147 0.022124 -0.034879 0.016659 -0.029418 0.973927 -0.224948 77.010010 0.028993 0.225782 0.973746 356.321442 0.000000 0.000000 0.000000 1.000000
0.998217 0.013943 -0.058037 0.547023 -0.027076 0.972314 -0.232105 78.211716 0.053194 0.233263 0.970958 357.784790 0.000000 0.000000 0.000000 1.000000
0.997193 0.004487 -0.074740 0.914000 -0.022796 0.969011 -0.245965 79.958572 0.071320 0.246978 0.966393 359.056915 0.000000 0.000000 0.000000 1.000000
0.996985 -0.004288 -0.077480 1.158100 -0.015551 0.967174 -0.253637 81.894211 0.076025 0.254077 0.964191 360.142151 0.000000 0.000000 0.000000 1.000000
0.997173 -0.010684 -0.074373 1.377657 -0.009463 0.964100 -0.265370 83.523209 0.074538 0.265324 0.961274 361.138245 0.000000 0.000000 0.000000 1.000000
0.997012 -0.013814 -0.076006 1.669648 -0.007753 0.961021 -0.276365 84.475220 0.076861 0.276129 0.958042 362.162170 0.000000 0.000000 0.000000 1.000000
0.996470 -0.011779 -0.083116 2.083597 -0.011790 0.960655 -0.277495 84.628136 0.083115 0.277496 0.957125 363.099640 0.000000 0.000000 0.000000 1.000000
0.995907 -0.012542 -0.089506 2.461709 -0.012860 0.960583 -0.277695 84.201561 0.089461 0.277709 0.956491 363.893860 0.000000 0.000000 0.000000 1.000000
0.996067 -0.009845 -0.088052 2.755158 -0.015417 0.959389 -0.281663 83.437111 0.087249 0.281913 0.955465 364.490417 0.000000 0.000000 0.000000 1.000000
0.996952 -0.002834 -0.077962 2.955781 -0.019607 0.958159 -0.285564 82.788445 0.075509 0.286222 0.955183 365.059052 0.000000 0.000000 0.000000 1.000000
0.997617 0.001575 -0.068980 3.143851 -0.021383 0.957577 -0.287384 82.367271 0.065601 0.288174 0.955328 365.571167 0.000000 0.000000 0.000000 1.000000
0.997984 0.003666 -0.063359 3.288250 -0.021796 0.957408 -0.287916 82.311485 0.059605 0.288716 0.955558 366.074158 0.000000 0.000000 0.000000 1.000000
0.998180 0.002233 -0.060257 3.433914 -0.019608 0.957025 -0.289342 82.646561 0.057022 0.289997 0.955327 366.634186 0.000000 0.000000 0.000000 1.000000
0.998363 0.000494 -0.057191 3.572139 -0.017284 0.955809 -0.293478 83.292557 0.054519 0.293986 0.954253 367.136963 0.000000 0.000000 0.000000 1.000000
0.998364 -0.001000 -0.057173 3.682419 -0.016170 0.954103 -0.299041 84.081390 0.054847 0.299477 0.952526 367.512177 0.000000 0.000000 0.000000 1.000000</float_array><technique_common><accessor source="#Mutant_Hips-Matrix-animation-output-transform-array" count="86" stride="16"><param type="float4x4"/></accessor></technique_common></source><source id="Mutant_Hips-Interpolations"><Name_array id="Mutant_Hips-Interpolations-array" count="86">
 LINEAR LINEAR LINEAR LINEAR LINEAR LINEAR LINEAR LINEAR LINEAR LINEAR LINEAR
LINEAR LINEAR LINEAR LINEAR LINEAR LINEAR LINEAR LINEAR LINEAR LINEAR LINEAR LINEAR
LINEAR LINEAR LINEAR LINEAR LINEAR LINEAR LINEAR LINEAR LINEAR LINEAR LINEAR LINEAR
LINEAR LINEAR LINEAR LINEAR LINEAR LINEAR LINEAR LINEAR LINEAR LINEAR LINEAR LINEAR
LINEAR LINEAR LINEAR LINEAR LINEAR LINEAR LINEAR LINEAR LINEAR LINEAR LINEAR LINEAR
LINEAR LINEAR LINEAR LINEAR LINEAR LINEAR LINEAR LINEAR LINEAR LINEAR LINEAR LINEAR
LINEAR LINEAR LINEAR LINEAR LINEAR LINEAR LINEAR LINEAR LINEAR LINEAR LINEAR LINEAR
LINEAR LINEAR LINEAR</Name_array><technique_common><accessor source="#Mutant_Hips-Interpolations-array" count="86"><param type="name"/></accessor></technique_common></source><sampler id="Mutant_Hips-Matrix-animation-transform"><input semantic="INPUT" source="#Mutant_Hips-Matrix-animation-input"/><input semantic="OUTPUT" source="#Mutant_Hips-Matrix-animation-output-transform"/><input semantic="INTERPOLATION" source="#Mutant_Hips-Interpolations"/></sampler><channel source="#Mutant_Hips-Matrix-animation-transform" target="Mutant_Hips/matrix"/></animation>
    <animation id="Mutant_Spine-anim" name="Mutant_Spine"><source id="Mutant_Spine-Matrix-animation-input"><float_array id="Mutant_Spine-Matrix-animation-input-array" count="86">

0.000000 0.033333 0.066667 0.100000 0.133333 0.166667 0.200000 0.233333 0.266667 0.300000 0.333333 0.366667 0.400000 0.433333 0.466667 0.500000
0.533333 0.566667 0.600000 0.633333 0.666667 0.700000 0.733333 0.766667 0.800000 0.833333 0.866667 0.900000 0.933333 0.966667 1.000000 1.033333
1.066667 1.100000 1.133333 1.166667 1.200000 1.233333 1.266667 1.300000 1.333333 1.366667 1.400000 1.433333 1.466667 1.500000 1.533333 1.566667
1.600000 1.633333 1.666667 1.700000 1.733333 1.766667 1.800000 1.833333 1.866667 1.900000 1.933333 1.966667 2.000000 2.033333 2.066667 2.100000
2.133333 2.166667 2.200000 2.233333 2.266667 2.300000 2.333333 2.366667 2.400000 2.433333 2.466667 2.500000 2.533333 2.566667 2.600000 2.633333
2.666667 2.700000 2.733333 2.766667 2.800000 2.833333</float_array><technique_common><accessor source="#Mutant_Spine-Matrix-animation-input-array" count="86"><param name="TIME" type="float"/></accessor></technique_common></source><source id="Mutant_Spine-Matrix-animation-output-transform"><float_array id="Mutant_Spine-Matrix-animation-output-transform-array" count="1376">

0.999554 -0.028125 -0.010060 0.000000 0.027454 0.997729 -0.061511 10.763900 0.011768 0.061207 0.998056 1.243500 0.000000 0.000000 0.000000 1.000000
0.999536 -0.029270 -0.008488 0.000000 0.028691 0.997680 -0.061735 10.763900 0.010276 0.061462 0.998057 1.243500 0.000000 0.000000 0.000000 1.000000
0.999488 -0.030912 -0.008220 -0.000000 0.030341 0.997591 -0.062390 10.763900 0.010129 0.062108 0.998018 1.243500 0.000000 0.000000 0.000000 1.000000
0.999414 -0.033612 -0.006407 0.000000 0.033145 0.997481 -0.062718 10.763900 0.008499 0.062469 0.998011 1.243500 0.000000 0.000000 0.000000 1.000000
0.999321 -0.036236 -0.006680 -0.000000 0.035734 0.997300 -0.064156 10.763900 0.008986 0.063873 0.997918 1.243500 0.000000 0.000000 0.000000 1.000000
0.999346 -0.035811 -0.005096 -0.000000 0.035396 0.997184 -0.066115 10.763900 0.007449 0.065891 0.997799 1.243500 0.000000 0.000000 0.000000 1.000000
0.999344 -0.036153 -0.002339 0.000000 0.035908 0.997004 -0.068507 10.763900 0.004809 0.068378 0.997648 1.243500 0.000000 0.000000 0.000000 1.000000
0.999167 -0.040819 0.000269 -0.000000 0.040731 0.996553 -0.072273 10.763900 0.002682 0.072224 0.997385 1.243500 0.000000 0.000000 0.000000 1.000000
0.999003 -0.044648 0.000260 -0.000000 0.044537 0.996066 -0.076604 10.763900 0.003161 0.076539 0.997062 1.243500 0.000000 0.000000 0.000000 1.000000
0.998693 -0.050585 -0.007351 -0.000000 0.049833 0.995522 -0.080330 10.763900 0.011381 0.079859 0.996741 1.243500 0.000000 0.000000 0.000000 1.000000
0.997958 -0.057046 -0.028743 0.000000 0.054605 0.995336 -0.079524 10.763900 0.033145 0.077792 0.996419 1.243500 0.000000 0.000000 0.000000 1.000000
0.996279 -0.068020 -0.052924 0.000000 0.064086 0.995287 -0.072776 10.763900 0.057625 0.069114 0.995943 1.243500 0.000000 0.000000 0.000000 1.000000
0.994013 -0.088196 -0.064493 0.000000 0.083451 0.993842 -0.072902 10.763900 0.070526 0.067083 0.995252 1.243500 0.000000 0.000000 0.000000 1.000000
0.990835 -0.111950 -0.075591 0.000000 0.106247 0.991456 -0.075672 10.763900 0.083417 0.066947 0.994263 1.243500 0.000000 0.000000 0.000000 1.000000
0.988842 -0.119856 -0.088461 0.000000 0.113426 0.990752 -0.074468 10.763900 0.096568 0.063603 0.993292 1.243500 0.000000 0.000000 0.000000 1.000000
0.988467 -0.116099 -0.097235 -0.000000 0.109077 0.991224 -0.074676 10.763900 0.105052 0.063208 0.992456 1.243500 0.000000 0.000000 0.000000 1.000000
0.991702 -0.086280 -0.095302 0.000000 0.078421 0.993431 -0.083340 10.763900 0.101867 0.075175 0.991954 1.243500 0.000000 0.000000 0.000000 1.000000
0.995766 -0.056873 -0.072222 0.000000 0.049972 0.994317 -0.094005 10.763900 0.077158 0.089997 0.992949 1.243500 0.000000 0.000000 0.000000 1.000000
0.998567 -0.029537 -0.044620 0.000000 0.025469 0.995694 -0.089139 10.763900 0.047061 0.087874 0.995019 1.243500 0.000000 0.000000 0.000000 1.000000
0.999517 -0.022676 -0.021255 0.000000 0.020529 0.995142 -0.096282 10.763900 0.023335 0.095799 0.995127 1.243500 0.000000 0.000000 0.000000 1.000000
0.999277 -0.017805 -0.033590 0.000000 0.014204 0.994416 -0.104570 10.763900 0.035264 0.104017 0.993950 1.243500 0.000000 0.000000 0.000000 1.000000
0.999177 -0.007446 -0.039876 0.000000 0.003455 0.995056 -0.099258 10.763900 0.040418 0.099038 0.994262 1.243500 0.000000 0.000000 0.000000 1.000000
0.999416 -0.014777 -0.030807 0.000000 0.011704 0.995153 -0.097643 10.763900 0.032100 0.097226 0.994745 1.243500 0.000000 0.000000 0.000000 1.000000
0.999606 -0.026277 -0.009894 0.000000 0.025243 0.995337 -0.093096 10.763900 0.012294 0.092809 0.995608 1.243500 0.000000 0.000000 0.000000 1.000000
0.998466 -0.048650 0.026443 0.000000 0.050910 0.994375 -0.092879 10.763900 -0.021775 0.094082 0.995326 1.243500 0.000000 0.000000 0.000000 1.000000
0.996276 -0.068961 0.051749 -0.000000 0.073595 0.992871 -0.093756 10.763900 -0.044915 0.097215 0.994249 1.243500 0.000000 0.000000 0.000000 1.000000
0.996745 -0.064972 0.047726 0.000000 0.069719 0.991956 -0.105656 10.763900 -0.040477 0.108639 0.993257 1.243500 0.000000 0.000000 0.000000 1.000000
0.995308 -0.092374 0.028787 0.000000 0.095064 0.989017 -0.113170 10.763900 -0.018016 0.115376 0.993159 1.243500 0.000000 0.000000 0.000000 1.000000
0.992029 -0.122531 0.029388 -0.000000 0.125094 0.985702 -0.112884 10.763900 -0.015136 0.115660 0.993174 1.243500 0.000000 0.000000 0.000000 1.000000
0.989709 -0.140368 0.027822 0.000000 0.142609 0.983569 -0.110700 10.763900 -0.011826 0.113529 0.993464 1.243500 0.000000 0.000000 0.000000 1.000000
0.994977 -0.099899 0.006403 0.000000 0.099968 0.988246 -0.115654 10.763900 0.005226 0.115714 0.993269 1.243500 0.000000 0.000000 0.000000 1.000000
0.998469 -0.054383 -0.010130 0.000000 0.052699 0.990792 -0.124717 10.763900 0.016820 0.123992 0.992141 1.243500 0.000000 0.000000 0.000000 1.000000
0.998334 -0.054884 -0.017786 0.000000 0.052039 0.989729 -0.133147 10.763900 0.024911 0.131999 0.990937 1.243500 0.000000 0.000000 0.000000 1.000000
0.997699 -0.057654 -0.035672 -0.000000 0.052680 0.990451 -0.127404 10.763900 0.042677 0.125232 0.991209 1.243500 0.000000 0.000000 0.000000 1.000000
0.996455 -0.065169 -0.053201 0.000000 0.058697 0.991597 -0.115283 10.763900 0.060267 0.111752 0.991907 1.243500 0.000000 0.000000 0.000000 1.000000
0.995242 -0.074528 -0.062766 -0.000000 0.067373 0.991726 -0.109276 10.763900 0.070391 0.104527 0.992028 1.243500 0.000000 0.000000 0.000000 1.000000
0.994290 -0.078887 -0.071867 0.000000 0.070676 0.991371 -0.110400 10.763900 0.079956 0.104690 0.991286 1.243500 0.000000 0.000000 0.000000 1.000000
0.993670 -0.075145 -0.083511 0.000000 0.066339 0.992401 -0.103628 10.763900 0.090664 0.097432 0.991104 1.243500 0.000000 0.000000 0.000000 1.000000
0.994188 -0.047639 -0.096539 0.000000 0.038631 0.994905 -0.093122 10.763900 0.100483 0.088852 0.990963 1.243500 0.000000 0.000000 0.000000 1.000000
0.994070 -0.016856 -0.107429 0.000000 0.007264 0.996000 -0.089057 10.763900 0.108500 0.087748 0.990216 1.243500 0.000000 0.000000 0.000000 1.000000
0.992731 0.038078 -0.114174 -0.000000 -0.046131 0.996568 -0.068737 10.763900 0.111165 0.073504 0.991080 1.243500 0.000000 0.000000 0.000000 1.000000
0.987809 0.106457 -0.113582 -0.000000 -0.112943 0.992226 -0.052266 10.763900 0.107135 0.064457 0.992153 1.243500 0.000000 0.000000 0.000000 1.000000
0.981171 0.165047 -0.100316 -0.000000 -0.171667 0.983243 -0.061343 10.763900 0.088511 0.077409 0.993063 1.243500 0.000000 0.000000 0.000000 1.000000
0.979638 0.184129 -0.080041 0.000000 -0.190478 0.978377 -0.080603 10.763900 0.063469 0.094208 0.993527 1.243500 0.000000 0.000000 0.000000 1.000000
0.981865 0.183823 -0.046380 -0.000000 -0.187617 0.977301 -0.098400 10.763900 0.027239 0.105317 0.994066 1.243500 0.000000 0.000000 0.000000 1.000000
0.985514 0.169592 0.000799 0.000000 -0.168257 0.978323 -0.120720 10.763900 -0.021255 0.118836 0.992686 1.243500 0.000000 0.000000 0.000000 1.000000
0.987715 0.148434 0.048858 -0.000000 -0.140199 0.979817 -0.142486 10.763900 -0.069021 0.133885 0.988590 1.243500 0.000000 0.000000 0.000000 1.000000
0.986974 0.134775 0.087852 0.000000 -0.118900 0.978930 -0.166006 10.763900 -0.108374 0.153398 0.982204 1.243500 0.000000 0.000000 0.000000 1.000000
0.985189 0.114079 0.128017 -0.000000 -0.088326 0.977535 -0.191372 10.763900 -0.146972 0.177230 0.973133 1.243500 0.000000 0.000000 0.000000 1.000000
0.983931 0.071029 0.163814 -0.000000 -0.035529 0.977007 -0.210225 10.763900 -0.174980 0.201027 0.963831 1.243500 0.000000 0.000000 0.000000 1.000000
0.982365 0.025755 0.185192 -0.000000 0.014474 0.977021 -0.212653 10.763900 -0.186413 0.211583 0.959418 1.243500 0.000000 0.000000 0.000000 1.000000
0.980511 -0.008508 0.196282 -0.000000 0.052282 0.974337 -0.218937 10.763900 -0.189383 0.224932 0.955793 1.243500 0.000000 0.000000 0.000000 1.000000
0.980973 -0.041057 0.189754 0.000000 0.084547 0.970179 -0.227166 10.763900 -0.174769 0.238887 0.955191 1.243500 0.000000 0.000000 0.000000 1.000000
0.986410 -0.054270 0.155079 0.000000 0.091052 0.966240 -0.241017 10.763900 -0.136764 0.251862 0.958051 1.243500 0.000000 0.000000 0.000000 1.000000
0.992137 -0.052011 0.113835 0.000000 0.078967 0.965801 -0.246968 10.763900 -0.097097 0.254015 0.962314 1.243500 0.000000 0.000000 0.000000 1.000000
0.997567 -0.034291 0.060700 0.000000 0.047870 0.969889 -0.238798 10.763900 -0.050683 0.241123 0.969170 1.243500 0.000000 0.000000 0.000000 1.000000
0.999275 -0.033894 0.017337 0.000000 0.037004 0.971759 -0.233056 10.763900 -0.008948 0.233528 0.972309 1.243500 0.000000 0.000000 0.000000 1.000000
0.999252 -0.036663 0.012267 0.000000 0.038513 0.971723 -0.232961 10.763900 -0.003379 0.233259 0.972409 1.243500 0.000000 0.000000 0.000000 1.000000
0.999051 -0.039027 0.019362 0.000000 0.042498 0.970819 -0.236017 10.763900 -0.009586 0.236616 0.971556 1.243500 0.000000 0.000000 0.000000 1.000000
0.999096 -0.037631 0.019800 -0.000000 0.041290 0.969838 -0.240227 10.763900 -0.010163 0.240827 0.970515 1.243500 0.000000 0.000000 0.000000 1.000000
0.999314 -0.033377 0.016078 0.000000 0.036298 0.968935 -0.244637 10.763900 -0.007413 0.245053 0.969481 1.243500 0.000000 0.000000 0.000000 1.000000
0.999521 -0.029326 0.009930 0.000000 0.030870 0.968568 -0.246825 10.763900 -0.002380 0.247013 0.969009 1.243500 0.000000 0.000000 0.000000 1.000000
0.999372 -0.035066 0.005002 0.000000 0.035233 0.969557 -0.242318 10.763900 0.003647 0.242342 0.970184 1.243500 0.000000 0.000000 0.000000 1.000000
0.999004 -0.042282 0.014256 0.000000 0.044465 0.969978 -0.239093 10.763900 -0.003719 0.239489 0.970892 1.243500 0.000000 0.000000 0.000000 1.000000
0.998670 -0.043983 0.026894 0.000000 0.049139 0.969897 -0.238508 10.763900 -0.015594 0.239512 0.970768 1.243500 0.000000 0.000000 0.000000 1.000000
0.998900 -0.035775 0.030316 -0.000000 0.041981 0.970295 -0.238254 10.763900 -0.020892 0.239265 0.970729 1.243500 0.000000 0.000000 0.000000 1.000000
0.999405 -0.016413 0.030340 0.000000 0.023216 0.970572 -0.239689 10.763900 -0.025514 0.240251 0.970375 1.243500 0.000000 0.000000 0.000000 1.000000
0.999564 -0.000188 0.029511 0.000000 0.007477 0.968968 -0.247073 10.763900 -0.028549 0.247186 0.968547 1.243500 0.000000 0.000000 0.000000 1.000000
0.999756 0.004551 0.021610 0.000000 0.001125 0.966766 -0.255661 10.763900 -0.022055 0.255623 0.966525 1.243500 0.000000 0.000000 0.000000 1.000000
0.999827 0.001974 0.018479 -0.000000 0.002875 0.965942 -0.258743 10.763900 -0.018361 0.258752 0.965769 1.243500 0.000000 0.000000 0.000000 1.000000
0.999897 0.003435 0.013928 0.000000 0.000438 0.963149 -0.268968 10.763900 -0.014339 0.268946 0.963048 1.243500 0.000000 0.000000 0.000000 1.000000
0.999963 0.002438 0.008200 0.000000 -0.000110 0.962127 -0.272600 10.763900 -0.008554 0.272589 0.962092 1.243500 0.000000 0.000000 0.000000 1.000000
0.999952 0.003144 0.009303 0.000000 -0.000552 0.963858 -0.266415 10.763900 -0.009805 0.266397 0.963814 1.243500 0.000000 0.000000 0.000000 1.000000
0.999968 0.005163 0.006189 0.000000 -0.003375 0.965543 -0.260222 10.763900 -0.007319 0.260193 0.965529 1.243500 0.000000 0.000000 0.000000 1.000000
0.999962 0.008684 -0.001237 0.000000 -0.008707 0.965565 -0.260015 10.763900 -0.001064 0.260016 0.965604 1.243500 0.000000 0.000000 0.000000 1.000000
0.999902 0.010233 -0.009601 0.000000 -0.012353 0.966497 -0.256382 10.763900 0.006655 0.256475 0.966528 1.243500 0.000000 0.000000 0.000000 1.000000
0.999853 0.010727 -0.013387 0.000000 -0.013757 0.967593 -0.252140 10.763900 0.010248 0.252287 0.967598 1.243500 0.000000 0.000000 0.000000 1.000000
0.999885 0.008013 -0.012840 -0.000000 -0.010985 0.967795 -0.251500 10.763900 0.010412 0.251613 0.967772 1.243500 0.000000 0.000000 0.000000 1.000000
0.999841 0.008908 -0.015479 0.000000 -0.012509 0.967915 -0.250967 10.763900 0.012747 0.251120 0.967872 1.243500 0.000000 0.000000 0.000000 1.000000
0.999786 0.006696 -0.019567 0.000000 -0.011407 0.967747 -0.251666 10.763900 0.017251 0.251836 0.967616 1.243500 0.000000 0.000000 0.000000 1.000000
0.999764 0.000356 -0.021729 0.000000 -0.005888 0.966911 -0.255045 10.763900 0.020919 0.255113 0.966685 1.243500 0.000000 0.000000 0.000000 1.000000
0.999772 -0.003388 -0.021094 0.000000 -0.002176 0.966061 -0.258303 10.763900 0.021253 0.258290 0.965833 1.243500 0.000000 0.000000 0.000000 1.000000
0.999757 -0.006010 -0.021229 -0.000000 0.000281 0.965585 -0.260088 10.763900 0.022062 0.260019 0.965351 1.243500 0.000000 0.000000 0.000000 1.000000
0.999709 -0.006493 -0.023249 -0.000000 0.000244 0.965815 -0.259233 10.763900 0.024137 0.259152 0.965535 1.243500 0.000000 0.000000 0.000000 1.000000
0.999650 -0.007006 -0.025512 -0.000000 0.000205 0.966322 -0.257335 10.763900 0.026455 0.257240 0.965985 1.243500 0.000000 0.000000 0.000000 1.000000
0.999606 -0.007213 -0.027144 -0.000000 -0.000013 0.966339 -0.257273 10.763900 0.028086 0.257172 0.965958 1.243500 0.000000 0.000000 0.000000 1.000000</float_array><technique_common><accessor source="#Mutant_Spine-Matrix-animation-output-transform-array" count="86" stride="16"><param type="float4x4"/></accessor></technique_common></source><source id="Mutant_Spine-Interpolations"><Name_array id="Mutant_Spine-Interpolations-array" count="86">
 LINEAR LINEAR LINEAR LINEAR LINEAR LINEAR LINEAR LINEAR LINEAR LINEAR LINEAR
LINEAR LINEAR LINEAR LINEAR LINEAR LINEAR LINEAR LINEAR LINEAR LINEAR LINEAR LINEAR
LINEAR LINEAR LINEAR LINEAR LINEAR LINEAR LINEAR LINEAR LINEAR LINEAR LINEAR LINEAR
LINEAR LINEAR LINEAR LINEAR LINEAR LINEAR LINEAR LINEAR LINEAR LINEAR LINEAR LINEAR
LINEAR LINEAR LINEAR LINEAR LINEAR LINEAR LINEAR LINEAR LINEAR LINEAR LINEAR LINEAR
LINEAR LINEAR LINEAR LINEAR LINEAR LINEAR LINEAR LINEAR LINEAR LINEAR LINEAR LINEAR
LINEAR LINEAR LINEAR LINEAR LINEAR LINEAR LINEAR LINEAR LINEAR LINEAR LINEAR LINEAR
LINEAR LINEAR LINEAR</Name_array><technique_common><accessor source="#Mutant_Spine-Interpolations-array" count="86"><param type="name"/></accessor></technique_common></source><sampler id="Mutant_Spine-Matrix-animation-transform"><input semantic="INPUT" source="#Mutant_Spine-Matrix-animation-input"/><input semantic="OUTPUT" source="#Mutant_Spine-Matrix-animation-output-transform"/><input semantic="INTERPOLATION" source="#Mutant_Spine-Interpolations"/></sampler><channel source="#Mutant_Spine-Matrix-animation-transform" target="Mutant_Spine/matrix"/></animation>
    <animation id="Mutant_Spine1-anim" name="Mutant_Spine1"><source id="Mutant_Spine1-Matrix-animation-input"><float_array id="Mutant_Spine1-Matrix-animation-input-array" count="86">

0.000000 0.033333 0.066667 0.100000 0.133333 0.166667 0.200000 0.233333 0.266667 0.300000 0.333333 0.366667 0.400000 0.433333 0.466667 0.500000
0.533333 0.566667 0.600000 0.633333 0.666667 0.700000 0.733333 0.766667 0.800000 0.833333 0.866667 0.900000 0.933333 0.966667 1.000000 1.033333
1.066667 1.100000 1.133333 1.166667 1.200000 1.233333 1.266667 1.300000 1.333333 1.366667 1.400000 1.433333 1.466667 1.500000 1.533333 1.566667
1.600000 1.633333 1.666667 1.700000 1.733333 1.766667 1.800000 1.833333 1.866667 1.900000 1.933333 1.966667 2.000000 2.033333 2.066667 2.100000
2.133333 2.166667 2.200000 2.233333 2.266667 2.300000 2.333333 2.366667 2.400000 2.433333 2.466667 2.500000 2.533333 2.566667 2.600000 2.633333
2.666667 2.700000 2.733333 2.766667 2.800000 2.833333</float_array><technique_common><accessor source="#Mutant_Spine1-Matrix-animation-input-array" count="86"><param name="TIME" type="float"/></accessor></technique_common></source><source id="Mutant_Spine1-Matrix-animation-output-transform"><float_array id="Mutant_Spine1-Matrix-animation-output-transform-array" count="1376">

0.999840 -0.015039 -0.009678 -0.018900 0.014538 0.998651 -0.049845 13.061300 0.010415 0.049696 0.998710 0.227500 0.000000 0.000000 0.000000 1.000000
0.999858 -0.014551 -0.008556 -0.018900 0.014118 0.998715 -0.048676 13.061300 0.009253 0.048548 0.998778 0.227500 0.000000 0.000000 0.000000 1.000000
0.999857 -0.014688 -0.008370 -0.018900 0.014271 0.998751 -0.047877 13.061300 0.009063 0.047751 0.998818 0.227500 0.000000 0.000000 0.000000 1.000000
0.999851 -0.015835 -0.006892 -0.018900 0.015493 0.998773 -0.047030 13.061300 0.007628 0.046916 0.998870 0.227500 0.000000 0.000000 0.000000 1.000000
0.999830 -0.017059 -0.006997 -0.018900 0.016710 0.998740 -0.047325 13.061300 0.007795 0.047200 0.998855 0.227500 0.000000 0.000000 0.000000 1.000000
0.999842 -0.016953 -0.005334 -0.018900 0.016679 0.998719 -0.047778 13.061300 0.006137 0.047682 0.998844 0.227500 0.000000 0.000000 0.000000 1.000000
0.999872 -0.015712 -0.003049 -0.018900 0.015547 0.998713 -0.048268 13.061300 0.003803 0.048215 0.998830 0.227500 0.000000 0.000000 0.000000 1.000000
0.999888 -0.014913 -0.001291 -0.018900 0.014831 0.998653 -0.049721 13.061300 0.002031 0.049696 0.998762 0.227500 0.000000 0.000000 0.000000 1.000000
0.999878 -0.015563 -0.000947 -0.018900 0.015492 0.998522 -0.052097 13.061300 0.001756 0.052076 0.998642 0.227500 0.000000 0.000000 0.000000 1.000000
0.999828 -0.017367 -0.006492 -0.018900 0.016989 0.998379 -0.054314 13.061300 0.007425 0.054195 0.998503 0.227500 0.000000 0.000000 0.000000 1.000000
0.999571 -0.017398 -0.023563 -0.018900 0.016147 0.998502 -0.052280 13.061300 0.024437 0.051877 0.998354 0.227500 0.000000 0.000000 0.000000 1.000000
0.998913 -0.018316 -0.042863 -0.018900 0.016332 0.998799 -0.046185 13.061300 0.043657 0.045434 0.998013 0.227500 0.000000 0.000000 0.000000 1.000000
0.998374 -0.025646 -0.050906 -0.018900 0.023393 0.998741 -0.044386 13.061300 0.051980 0.043123 0.997717 0.227500 0.000000 0.000000 0.000000 1.000000
0.997677 -0.038609 -0.056129 -0.018900 0.036156 0.998373 -0.044081 13.061300 0.057739 0.041949 0.997450 0.227500 0.000000 0.000000 0.000000 1.000000
0.997057 -0.044412 -0.062486 -0.018900 0.041941 0.998306 -0.040320 13.061300 0.064171 0.037581 0.997231 0.227500 0.000000 0.000000 0.000000 1.000000
0.996726 -0.044472 -0.067522 -0.018900 0.041979 0.998399 -0.037908 13.061300 0.069100 0.034949 0.996997 0.227500 0.000000 0.000000 0.000000 1.000000
0.997255 -0.033655 -0.065957 -0.018900 0.030784 0.998554 -0.044075 13.061300 0.067344 0.041924 0.996849 0.227500 0.000000 0.000000 0.000000 1.000000
0.998441 -0.021723 -0.051416 -0.018900 0.019049 0.998469 -0.051939 13.061300 0.052466 0.050879 0.997326 0.227500 0.000000 0.000000 0.000000 1.000000
0.999308 -0.015924 -0.033622 -0.018900 0.014242 0.998664 -0.049680 13.061300 0.034368 0.049166 0.998199 0.227500 0.000000 0.000000 0.000000 1.000000
0.999738 -0.016592 -0.015757 -0.018900 0.015690 0.998321 -0.055759 13.061300 0.016655 0.055497 0.998320 0.227500 0.000000 0.000000 0.000000 1.000000
0.999628 -0.012383 -0.024291 -0.018900 0.010903 0.998130 -0.060147 13.061300 0.024990 0.059860 0.997894 0.227500 0.000000 0.000000 0.000000 1.000000
0.999587 -0.005174 -0.028250 -0.018900 0.003591 0.998437 -0.055777 13.061300 0.028495 0.055652 0.998044 0.227500 0.000000 0.000000 0.000000 1.000000
0.999725 -0.006459 -0.022521 -0.018900 0.005256 0.998577 -0.053067 13.061300 0.022832 0.052934 0.998337 0.227500 0.000000 0.000000 0.000000 1.000000
0.999912 -0.010470 -0.008135 -0.018900 0.010077 0.998847 -0.046941 13.061300 0.008617 0.046855 0.998865 0.227500 0.000000 0.000000 0.000000 1.000000
0.999511 -0.023966 0.020068 -0.018900 0.024826 0.998735 -0.043731 13.061300 -0.018995 0.044208 0.998842 0.227500 0.000000 0.000000 0.000000 1.000000
0.998537 -0.037191 0.039261 -0.018900 0.038900 0.998286 -0.043716 13.061300 -0.037568 0.045179 0.998272 0.227500 0.000000 0.000000 0.000000 1.000000
0.998700 -0.036183 0.035895 -0.018900 0.038112 0.997781 -0.054599 13.061300 -0.033840 0.055897 0.997863 0.227500 0.000000 0.000000 0.000000 1.000000
0.999128 -0.038574 0.015948 -0.018900 0.039464 0.997425 -0.059878 13.061300 -0.013598 0.060456 0.998078 0.227500 0.000000 0.000000 0.000000 1.000000
0.999278 -0.037040 0.008507 -0.018900 0.037467 0.997657 -0.057242 13.061300 -0.006367 0.057519 0.998324 0.227500 0.000000 0.000000 0.000000 1.000000
0.999406 -0.034453 0.001204 -0.018900 0.034469 0.998028 -0.052457 13.061300 0.000606 0.052467 0.998622 0.227500 0.000000 0.000000 0.000000 1.000000
0.999593 -0.027460 -0.007689 -0.018900 0.027015 0.998225 -0.053073 13.061300 0.009133 0.052844 0.998561 0.227500 0.000000 0.000000 0.000000 1.000000
0.999799 -0.016398 -0.011502 -0.018900 0.015687 0.998112 -0.059391 13.061300 0.012454 0.059199 0.998169 0.227500 0.000000 0.000000 0.000000 1.000000
0.999799 -0.008816 -0.018009 -0.018900 0.007632 0.997868 -0.064822 13.061300 0.018542 0.064671 0.997734 0.227500 0.000000 0.000000 0.000000 1.000000
0.999476 0.000461 -0.032377 -0.018900 -0.002323 0.998344 -0.057485 13.061300 0.032296 0.057530 0.997821 0.227500 0.000000 0.000000 0.000000 1.000000
0.998948 -0.000716 -0.045854 -0.018900 -0.001421 0.998915 -0.046539 13.061300 0.045837 0.046555 0.997863 0.227500 0.000000 0.000000 0.000000 1.000000
0.998513 -0.011699 -0.053245 -0.018900 0.009547 0.999134 -0.040500 13.061300 0.053673 0.039931 0.997760 0.227500 0.000000 0.000000 0.000000 1.000000
0.998078 -0.016620 -0.059708 -0.018900 0.014249 0.999101 -0.039923 13.061300 0.060318 0.038995 0.997417 0.227500 0.000000 0.000000 0.000000 1.000000
0.997704 -0.010185 -0.066957 -0.018900 0.007937 0.999399 -0.033752 13.061300 0.067260 0.033143 0.997185 0.227500 0.000000 0.000000 0.000000 1.000000
0.997171 0.001773 -0.075141 -0.018900 -0.003710 0.999664 -0.025646 13.061300 0.075070 0.025853 0.996843 0.227500 0.000000 0.000000 0.000000 1.000000
0.996474 0.018135 -0.081915 -0.018900 -0.020069 0.999538 -0.022843 13.061300 0.081463 0.024407 0.996378 0.227500 0.000000 0.000000 0.000000 1.000000
0.994972 0.052225 -0.085454 -0.018900 -0.053093 0.998558 -0.007918 13.061300 0.084917 0.012415 0.996311 0.227500 0.000000 0.000000 0.000000 1.000000
0.992092 0.093008 -0.084277 -0.018900 -0.093271 0.995640 0.000821 13.061300 0.083986 0.007046 0.996442 0.227500 0.000000 0.000000 0.000000 1.000000
0.990181 0.118968 -0.073409 -0.018900 -0.120083 0.992703 -0.010953 13.061300 0.071570 0.019661 0.997242 0.227500 0.000000 0.000000 0.000000 1.000000
0.991063 0.121453 -0.055162 -0.018900 -0.123066 0.992036 -0.026834 13.061300 0.051464 0.033383 0.998117 0.227500 0.000000 0.000000 0.000000 1.000000
0.992852 0.115918 -0.028421 -0.018900 -0.116904 0.992493 -0.035934 13.061300 0.024043 0.039000 0.998950 0.227500 0.000000 0.000000 0.000000 1.000000
0.994707 0.102269 0.009990 -0.018900 -0.101733 0.993825 -0.044309 13.061300 -0.014460 0.043058 0.998968 0.227500 0.000000 0.000000 0.000000 1.000000
0.995017 0.087538 0.047725 -0.018900 -0.085003 0.994981 -0.052803 13.061300 -0.052107 0.048483 0.997464 0.227500 0.000000 0.000000 0.000000 1.000000
0.993661 0.081894 0.077016 -0.018900 -0.076824 0.994815 -0.066648 13.061300 -0.082075 0.060309 0.994800 0.227500 0.000000 0.000000 0.000000 1.000000
