<?xml version="1.0" encoding="utf-8"?>
<COLLADA xmlns="http://www.collada.org/2005/11/COLLADASchema" version="1.4.1">
  <asset><contributor><author>Mixamo</author><authoring_tool>COLLADA Mixamo exporter</authoring_tool><comments></comments></contributor><created>2018-04-27T17:49:34Z</created><modified>2018-04-27T17:49:34Z</modified><revision></revision><title></title><unit meter="0.010000"/><up_axis>Y_UP</up_axis></asset>
  <library_animations>
    <animation id="Mutant_Hips-anim" name="Mutant_Hips"><source id="Mutant_Hips-Matrix-animation-input"><float_array id="Mutant_Hips-Matrix-animation-input-array" count="84">

0.000000 0.033333 0.066667 0.100000 0.133333 0.166667 0.200000 0.233333 0.266667 0.300000 0.333333 0.366667 0.400000 0.433333 0.466667 0.500000
0.533333 0.566667 0.600000 0.633333 0.666667 0.700000 0.733333 0.766667 0.800000 0.833333 0.866667 0.900000 0.933333 0.966667 1.000000 1.033333
1.066667 1.100000 1.133333 1.166667 1.200000 1.233333 1.266667 1.300000 1.333333 1.366667 1.400000 1.433333 1.466667 1.500000 1.533333 1.566667
1.600000 1.633333 1.666667 1.700000 1.733333 1.766667 1.800000 1.833333 1.866667 1.900000 1.933333 1.966667 2.000000 2.033333 2.066667 2.100000
2.133333 2.166667 2.200000 2.233333 2.266667 2.300000 2.333333 2.366667 2.400000 2.433333 2.466667 2.500000 2.533333 2.566667 2.600000 2.633333
2.666667 2.700000 2.733333 2.766667</float_array><technique_common><accessor source="#Mutant_Hips-Matrix-animation-input-array" count="84"><param name="TIME" type="float"/></accessor></technique_common></source><source id="Mutant_Hips-Matrix-animation-output-transform"><float_array id="Mutant_Hips-Matrix-animation-output-transform-array" count="1344">

0.998258 0.010917 0.057977 -0.099813 -0.008242 0.998899 -0.046179 86.467438 -0.058417 0.045621 0.997249 0.005325 0.000000 0.000000 0.000000 1.000000
0.998145 0.015397 0.058908 0.307935 -0.011611 0.997877 -0.064088 86.396812 -0.059770 0.063285 0.996204 0.506286 0.000000 0.000000 0.000000 1.000000
0.998217 0.017339 0.057120 0.814851 -0.012696 0.996660 -0.080672 86.305710 -0.058328 0.079803 0.995103 1.016390 0.000000 0.000000 0.000000 1.000000
0.998164 0.017369 0.058019 1.383333 -0.011666 0.995194 -0.097222 86.175240 -0.059429 0.096367 0.993570 1.635389 0.000000 0.000000 0.000000 1.000000
0.998261 0.014511 0.057133 2.008203 -0.007956 0.993526 -0.113324 86.027290 -0.058407 0.112673 0.991914 2.379208 0.000000 0.000000 0.000000 1.000000
0.999369 0.000624 0.035504 2.758453 0.004378 0.990052 -0.140630 85.938835 -0.035238 0.140697 0.989425 3.178726 0.000000 0.000000 0.000000 1.000000
0.999649 -0.012881 0.023167 3.648182 0.016388 0.987265 -0.158239 85.832809 -0.020834 0.158563 0.987129 4.093516 0.000000 0.000000 0.000000 1.000000
0.999506 -0.021172 0.023221 4.524573 0.024572 0.987204 -0.157560 85.768394 -0.019588 0.158053 0.987236 5.131764 0.000000 0.000000 0.000000 1.000000
0.999350 -0.028187 0.022491 5.312088 0.031293 0.987813 -0.152470 85.674568 -0.017919 0.153075 0.988052 6.219361 0.000000 0.000000 0.000000 1.000000
0.999228 -0.032577 0.021942 6.033509 0.035447 0.988569 -0.146546 85.589279 -0.016917 0.147210 0.988961 7.384846 0.000000 0.000000 0.000000 1.000000
0.999255 -0.031231 0.022669 6.669453 0.034150 0.989204 -0.142511 85.556297 -0.017974 0.143179 0.989534 8.708199 0.000000 0.000000 0.000000 1.000000
0.999581 -0.014713 0.024924 7.112064 0.018089 0.989822 -0.141159 85.676071 -0.022593 0.141551 0.989673 10.478454 0.000000 0.000000 0.000000 1.000000
0.999760 0.007173 0.020711 7.658813 -0.004123 0.989615 -0.143683 85.882347 -0.021526 0.143563 0.989407 12.849445 0.000000 0.000000 0.000000 1.000000
0.999524 0.027029 0.014886 8.189980 -0.024458 0.988095 -0.151885 86.103683 -0.018814 0.151449 0.988286 15.558602 0.000000 0.000000 0.000000 1.000000
0.999441 0.032517 0.007808 8.539156 -0.030856 0.986704 -0.159574 86.186562 -0.012893 0.159244 0.987155 18.410244 0.000000 0.000000 0.000000 1.000000
0.999616 0.026999 0.006166 8.596193 -0.025606 0.985862 -0.165591 85.871552 -0.010549 0.165369 0.986175 21.051716 0.000000 0.000000 0.000000 1.000000
0.999786 0.019900 0.005679 8.493586 -0.018620 0.984794 -0.172727 84.704041 -0.009030 0.172584 0.984953 23.812551 0.000000 0.000000 0.000000 1.000000
0.999857 0.015457 0.006861 8.202864 -0.013948 0.983168 -0.182171 81.525162 -0.009562 0.182049 0.983243 27.010288 0.000000 0.000000 0.000000 1.000000
0.999679 0.020274 0.015196 7.775293 -0.017118 0.982615 -0.184863 77.672226 -0.018680 0.184543 0.982647 30.804184 0.000000 0.000000 0.000000 1.000000
0.998705 0.018322 0.047471 7.250496 -0.009495 0.983639 -0.179898 74.379150 -0.049991 0.179214 0.982539 34.530594 0.000000 0.000000 0.000000 1.000000
0.995812 0.013056 0.090486 6.544686 0.002456 0.985572 -0.169239 72.042282 -0.091390 0.168753 0.981412 38.506683 0.000000 0.000000 0.000000 1.000000
0.992960 0.013203 0.117709 5.796007 0.005978 0.986916 -0.161127 71.122887 -0.118297 0.160697 0.979889 42.872383 0.000000 0.000000 0.000000 1.000000
0.992230 0.012065 0.123830 5.234313 0.004931 0.990692 -0.136034 72.009193 -0.124319 0.135588 0.982935 47.848999 0.000000 0.000000 0.000000 1.000000
0.993820 0.025797 0.107962 4.520372 -0.011683 0.991527 -0.129377 72.394341 -0.110385 0.127316 0.985701 55.000561 0.000000 0.000000 0.000000 1.000000
0.993876 0.038140 0.103706 3.558940 -0.023345 0.989833 -0.140306 73.354286 -0.108003 0.137026 0.984662 62.847744 0.000000 0.000000 0.000000 1.000000
0.995440 0.032392 0.089721 2.723664 -0.016422 0.984728 -0.173325 74.598854 -0.093965 0.171062 0.980769 70.037621 0.000000 0.000000 0.000000 1.000000
0.998066 0.039865 0.047702 1.813106 -0.033142 0.990394 -0.134243 76.410072 -0.052596 0.132403 0.989800 77.271133 0.000000 0.000000 0.000000 1.000000
0.997440 0.053458 0.047501 0.502654 -0.049401 0.995339 -0.082830 78.949272 -0.051707 0.080271 0.995431 84.856438 0.000000 0.000000 0.000000 1.000000
0.995317 0.049469 0.083046 -0.522114 -0.047849 0.998626 -0.021391 81.749130 -0.083991 0.017318 0.996316 92.416687 0.000000 0.000000 0.000000 1.000000
0.992617 0.031132 0.117231 -1.608984 -0.034035 0.999159 0.022846 84.771072 -0.116421 -0.026668 0.992842 100.478699 0.000000 0.000000 0.000000 1.000000
0.991512 0.009410 0.129674 -2.701675 -0.019014 0.997149 0.073022 87.483192 -0.128617 -0.074868 0.988864 108.275696 0.000000 0.000000 0.000000 1.000000
0.993372 -0.005406 0.114820 -3.681255 -0.007681 0.993539 0.113229 89.350296 -0.114690 -0.113360 0.986912 115.571281 0.000000 0.000000 0.000000 1.000000
0.996140 -0.010872 0.087101 -4.727670 -0.002022 0.989193 0.146603 90.360909 -0.087753 -0.146213 0.985353 123.010361 0.000000 0.000000 0.000000 1.000000
0.997333 -0.017847 0.070775 -5.828174 0.006363 0.987215 0.159266 90.163101 -0.072713 -0.158391 0.984695 130.551773 0.000000 0.000000 0.000000 1.000000
0.997455 -0.030396 0.064499 -6.819725 0.019637 0.986707 0.161318 88.831009 -0.068545 -0.159641 0.984793 137.834732 0.000000 0.000000 0.000000 1.000000
0.997699 -0.042540 0.052787 -7.807890 0.034764 0.989489 0.140367 87.053398 -0.058204 -0.138209 0.988691 144.913239 0.000000 0.000000 0.000000 1.000000
0.998366 -0.045447 0.034637 -8.504284 0.041045 0.992089 0.118640 83.184563 -0.039755 -0.117024 0.992333 152.793320 0.000000 0.000000 0.000000 1.000000
0.999281 -0.037567 0.005040 -9.026088 0.037025 0.995920 0.082293 80.456619 -0.008111 -0.082047 0.996595 160.658844 0.000000 0.000000 0.000000 1.000000
0.999215 -0.026446 -0.029512 -9.483718 0.027528 0.998940 0.036891 78.290825 0.028505 -0.037674 0.998883 168.429565 0.000000 0.000000 0.000000 1.000000
0.997919 -0.019716 -0.061391 -9.946671 0.019253 0.999782 -0.008118 76.289726 0.061537 0.006919 0.998081 176.134354 0.000000 0.000000 0.000000 1.000000
0.996623 -0.028252 -0.077106 -10.490655 0.024986 0.998763 -0.042997 74.085854 0.078225 0.040925 0.996095 183.703598 0.000000 0.000000 0.000000 1.000000
0.994174 -0.039172 -0.100418 -10.872482 0.032372 0.997128 -0.068473 72.382797 0.102812 0.064823 0.992586 190.519119 0.000000 0.000000 0.000000 1.000000
0.991118 -0.047934 -0.124046 -10.948829 0.035196 0.994067 -0.102914 71.876427 0.128243 0.097634 0.986925 196.081238 0.000000 0.000000 0.000000 1.000000
0.991151 -0.072369 -0.111277 -11.172502 0.057483 0.989635 -0.131596 71.133530 0.119647 0.124035 0.985038 201.194046 0.000000 0.000000 0.000000 1.000000
0.990970 -0.090439 -0.098990 -11.615829 0.077355 0.988643 -0.128848 70.332779 0.109518 0.120027 0.986711 206.472992 0.000000 0.000000 0.000000 1.000000
0.989789 -0.103245 -0.098280 -11.857203 0.090499 0.987851 -0.126336 70.601189 0.110129 0.116152 0.987107 210.905060 0.000000 0.000000 0.000000 1.000000
0.989785 -0.112205 -0.087955 -12.013426 0.098728 0.984505 -0.144921 70.908340 0.102852 0.134757 0.985526 213.429504 0.000000 0.000000 0.000000 1.000000
0.990027 -0.122108 -0.070262 -12.096390 0.107927 0.977945 -0.178815 72.251183 0.090547 0.169448 0.981371 216.059998 0.000000 0.000000 0.000000 1.000000
0.990620 -0.128563 -0.046303 -12.234179 0.116759 0.972408 -0.201967 74.225204 0.070991 0.194666 0.978297 218.799774 0.000000 0.000000 0.000000 1.000000
0.991969 -0.125257 -0.017547 -12.536149 0.118981 0.971191 -0.206474 76.674507 0.042904 0.202728 0.978295 221.601746 0.000000 0.000000 0.000000 1.000000
0.993456 -0.113958 0.007644 -12.984561 0.112716 0.967426 -0.226676 79.437592 0.018436 0.226055 0.973940 224.761948 0.000000 0.000000 0.000000 1.000000
0.994809 -0.098653 0.024965 -13.543196 0.101739 0.958813 -0.265192 82.246902 0.002225 0.266355 0.963872 228.123978 0.000000 0.000000 0.000000 1.000000
0.995096 -0.097931 0.013872 -13.902339 0.097522 0.948047 -0.302813 84.355629 0.016504 0.302681 0.952949 231.235687 0.000000 0.000000 0.000000 1.000000
0.994723 -0.100442 -0.020915 -14.354015 0.087540 0.937233 -0.337536 85.978500 0.053505 0.333924 0.941080 234.482925 0.000000 0.000000 0.000000 1.000000
0.994794 -0.090336 -0.047156 -14.878010 0.067895 0.932646 -0.354346 87.019424 0.075990 0.349300 0.933925 237.729340 0.000000 0.000000 0.000000 1.000000
0.994414 -0.089323 -0.056237 -15.412343 0.063277 0.930917 -0.359706 87.582062 0.084482 0.354138 0.931369 240.734894 0.000000 0.000000 0.000000 1.000000
0.993792 -0.092075 -0.062450 -16.071215 0.063128 0.928885 -0.364949 87.834000 0.091612 0.358741 0.928931 243.663925 0.000000 0.000000 0.000000 1.000000
0.994448 -0.083785 -0.063661 -16.829479 0.055683 0.932347 -0.357251 88.243866 0.089286 0.351723 0.931836 246.497604 0.000000 0.000000 0.000000 1.000000
0.995478 -0.068799 -0.065497 -17.707064 0.042576 0.939534 -0.339797 88.776505 0.084915 0.335472 0.938215 249.048965 0.000000 0.000000 0.000000 1.000000
0.996977 -0.051592 -0.058093 -18.722794 0.029956 0.945142 -0.325283 89.529007 0.071688 0.322560 0.943830 251.638962 0.000000 0.000000 0.000000 1.000000
0.997774 -0.036034 -0.056113 -19.767784 0.017093 0.951525 -0.307097 90.348160 0.064458 0.305455 0.950022 254.340240 0.000000 0.000000 0.000000 1.000000
0.998006 -0.023623 -0.058524 -20.895548 0.006387 0.960349 -0.278727 90.968819 0.062788 0.277798 0.958585 257.117523 0.000000 0.000000 0.000000 1.000000
0.998043 -0.012659 -0.061229 -22.091061 -0.002669 0.969768 -0.244013 91.545502 0.062467 0.243699 0.967837 260.014801 0.000000 0.000000 0.000000 1.000000
0.998300 -0.004186 -0.058131 -23.510960 -0.007989 0.978174 -0.207635 91.885818 0.057731 0.207746 0.976478 263.303558 0.000000 0.000000 0.000000 1.000000
0.998912 -0.000540 -0.046627 -25.011990 -0.007541 0.984902 -0.172949 91.817558 0.046016 0.173113 0.983826 266.967773 0.000000 0.000000 0.000000 1.000000
0.999428 0.001397 -0.033775 -26.503086 -0.005867 0.991149 -0.132628 91.613052 0.033291 0.132750 0.990590 270.539978 0.000000 0.000000 0.000000 1.000000
0.999765 -0.002082 -0.021555 -28.140913 0.000406 0.996994 -0.077481 90.447304 0.021651 0.077454 0.996761 273.999237 0.000000 0.000000 0.000000 1.000000
0.999446 -0.008013 0.032303 -30.393181 0.009510 0.998874 -0.046486 89.107391 -0.031895 0.046768 0.998396 278.032867 0.000000 0.000000 0.000000 1.000000
0.998916 -0.007240 0.045989 -31.978346 0.007780 0.999903 -0.011573 88.261803 -0.045901 0.011918 0.998875 280.782440 0.000000 0.000000 0.000000 1.000000
0.999420 -0.007196 0.033275 -33.389053 0.007153 0.999973 0.001422 87.363464 -0.033285 -0.001184 0.999445 282.975067 0.000000 0.000000 0.000000 1.000000
0.999821 -0.009667 0.016268 -34.616577 0.009477 0.999886 0.011717 86.686432 -0.016379 -0.011561 0.999799 284.982269 0.000000 0.000000 0.000000 1.000000
0.999772 -0.017332 0.012478 -35.476597 0.016898 0.999278 0.034040 86.492340 -0.013059 -0.033821 0.999343 287.096375 0.000000 0.000000 0.000000 1.000000
0.999799 -0.019858 0.002581 -36.406403 0.019745 0.999081 0.038049 87.082085 -0.003334 -0.037990 0.999273 289.275330 0.000000 0.000000 0.000000 1.000000
0.999506 -0.030345 -0.008239 -37.242886 0.030623 0.998883 0.035995 88.303833 0.007137 -0.036229 0.999318 291.218506 0.000000 0.000000 0.000000 1.000000
0.999189 -0.039844 -0.005843 -37.897995 0.040046 0.998402 0.039867 89.852837 0.004246 -0.040069 0.999188 293.088074 0.000000 0.000000 0.000000 1.000000
0.999155 -0.041093 -0.001258 -38.337917 0.041109 0.998274 0.041934 90.732086 -0.000467 -0.041950 0.999120 294.729797 0.000000 0.000000 0.000000 1.000000
0.999174 -0.040398 0.004472 -38.727837 0.040169 0.998268 0.042987 91.016106 -0.006201 -0.042772 0.999066 296.297577 0.000000 0.000000 0.000000 1.000000
0.999247 -0.037480 0.010003 -39.051010 0.037012 0.998369 0.043479 91.164604 -0.011616 -0.043076 0.999004 297.828247 0.000000 0.000000 0.000000 1.000000
0.999427 -0.030958 0.013656 -39.260300 0.030338 0.998592 0.043507 91.448654 -0.014984 -0.043067 0.998960 299.342529 0.000000 0.000000 0.000000 1.000000
0.999657 -0.021277 0.015290 -39.244625 0.020675 0.999045 0.038484 91.337921 -0.016095 -0.038155 0.999142 300.618561 0.000000 0.000000 0.000000 1.000000
0.999910 -0.008390 0.010480 -39.082767 0.008028 0.999385 0.034133 91.078888 -0.010760 -0.034045 0.999362 301.640991 0.000000 0.000000 0.000000 1.000000
0.999993 0.000876 -0.003625 -38.858330 -0.000761 0.999497 0.031708 91.077454 0.003651 -0.031705 0.999491 302.372833 0.000000 0.000000 0.000000 1.000000
0.999788 0.002542 -0.020429 -38.629772 -0.001949 0.999577 0.029005 91.179779 0.020494 -0.028959 0.999370 302.948792 0.000000 0.000000 0.000000 1.000000
0.999229 0.000316 -0.039255 -38.364250 0.000604 0.999726 0.023408 91.295639 0.039251 -0.023413 0.998955 303.550568 0.000000 0.000000 0.000000 1.000000</float_array><technique_common><accessor source="#Mutant_Hips-Matrix-animation-output-transform-array" count="84" stride="16"><param type="float4x4"/></accessor></technique_common></source><source id="Mutant_Hips-Interpolations"><Name_array id="Mutant_Hips-Interpolations-array" count="84">
 LINEAR LINEAR LINEAR LINEAR LINEAR LINEAR LINEAR LINEAR LINEAR LINEAR LINEAR
LINEAR LINEAR LINEAR LINEAR LINEAR LINEAR LINEAR LINEAR LINEAR LINEAR LINEAR LINEAR
LINEAR LINEAR LINEAR LINEAR LINEAR LINEAR LINEAR LINEAR LINEAR LINEAR LINEAR LINEAR
LINEAR LINEAR LINEAR LINEAR LINEAR LINEAR LINEAR LINEAR LINEAR LINEAR LINEAR LINEAR
LINEAR LINEAR LINEAR LINEAR LINEAR LINEAR LINEAR LINEAR LINEAR LINEAR LINEAR LINEAR
LINEAR LINEAR LINEAR LINEAR LINEAR LINEAR LINEAR LINEAR LINEAR LINEAR LINEAR LINEAR
LINEAR LINEAR LINEAR LINEAR LINEAR LINEAR LINEAR LINEAR LINEAR LINEAR LINEAR LINEAR
LINEAR</Name_array><technique_common><accessor source="#Mutant_Hips-Interpolations-array" count="84"><param type="name"/></accessor></technique_common></source><sampler id="Mutant_Hips-Matrix-animation-transform"><input semantic="INPUT" source="#Mutant_Hips-Matrix-animation-input"/><input semantic="OUTPUT" source="#Mutant_Hips-Matrix-animation-output-transform"/><input semantic="INTERPOLATION" source="#Mutant_Hips-Interpolations"/></sampler><channel source="#Mutant_Hips-Matrix-animation-transform" target="Mutant_Hips/matrix"/></animation>
    <animation id="Mutant_Spine-anim" name="Mutant_Spine"><source id="Mutant_Spine-Matrix-animation-input"><float_array id="Mutant_Spine-Matrix-animation-input-array" count="84">

0.000000 0.033333 0.066667 0.100000 0.133333 0.166667 0.200000 0.233333 0.266667 0.300000 0.333333 0.366667 0.400000 0.433333 0.466667 0.500000
0.533333 0.566667 0.600000 0.633333 0.666667 0.700000 0.733333 0.766667 0.800000 0.833333 0.866667 0.900000 0.933333 0.966667 1.000000 1.033333
1.066667 1.100000 1.133333 1.166667 1.200000 1.233333 1.266667 1.300000 1.333333 1.366667 1.400000 1.433333 1.466667 1.500000 1.533333 1.566667
1.600000 1.633333 1.666667 1.700000 1.733333 1.766667 1.800000 1.833333 1.866667 1.900000 1.933333 1.966667 2.000000 2.033333 2.066667 2.100000
2.133333 2.166667 2.200000 2.233333 2.266667 2.300000 2.333333 2.366667 2.400000 2.433333 2.466667 2.500000 2.533333 2.566667 2.600000 2.633333
2.666667 2.700000 2.733333 2.766667</float_array><technique_common><accessor source="#Mutant_Spine-Matrix-animation-input-array" count="84"><param name="TIME" type="float"/></accessor></technique_common></source><source id="Mutant_Spine-Matrix-animation-output-transform"><float_array id="Mutant_Spine-Matrix-animation-output-transform-array" count="1344">

0.993835 -0.024341 -0.108168 -0.000000 0.010064 0.991381 -0.130621 10.763900 0.110415 0.128727 0.985514 1.243500 0.000000 0.000000 0.000000 1.000000
0.994149 -0.032230 -0.103098 -0.000000 0.019073 0.991828 -0.126145 10.763900 0.106321 0.123441 0.986640 1.243500 0.000000 0.000000 0.000000 1.000000
0.994224 -0.039332 -0.099858 0.000000 0.026813 0.991951 -0.123750 10.763900 0.103922 0.120358 0.987276 1.243500 0.000000 0.000000 0.000000 1.000000
0.994421 -0.042857 -0.096383 -0.000000 0.031136 0.992288 -0.119981 10.763900 0.100782 0.116311 0.988086 1.243500 0.000000 0.000000 0.000000 1.000000
0.995325 -0.039750 -0.088023 -0.000000 0.029837 0.993350 -0.111204 10.763900 0.091858 0.108057 0.989892 1.243500 0.000000 0.000000 0.000000 1.000000
0.996746 -0.031104 -0.074369 0.000000 0.023588 0.994720 -0.099877 10.763900 0.077083 0.097798 0.992217 1.243500 0.000000 0.000000 0.000000 1.000000
0.997764 -0.022675 -0.062878 0.000000 0.016575 0.995254 -0.095894 10.763900 0.064754 0.094637 0.993404 1.243500 0.000000 0.000000 0.000000 1.000000
0.998039 -0.018458 -0.059820 -0.000000 0.012010 0.994249 -0.106414 10.763900 0.061440 0.105487 0.992521 1.243500 0.000000 0.000000 0.000000 1.000000
0.997820 -0.016931 -0.063792 0.000000 0.008644 0.991736 -0.128002 10.763900 0.065432 0.127171 0.989720 1.243500 0.000000 0.000000 0.000000 1.000000
0.997352 -0.017100 -0.070680 0.000000 0.006155 0.988322 -0.152255 10.763900 0.072458 0.151417 0.985811 1.243500 0.000000 0.000000 0.000000 1.000000
0.996657 -0.023695 -0.078182 0.000000 0.009833 0.984849 -0.173136 10.763900 0.081100 0.171789 0.981790 1.243500 0.000000 0.000000 0.000000 1.000000
0.995517 -0.041841 -0.084829 0.000000 0.025263 0.981876 -0.187833 10.763900 0.091150 0.184848 0.978531 1.243500 0.000000 0.000000 0.000000 1.000000
0.993629 -0.068352 -0.089602 0.000000 0.049622 0.979208 -0.196696 10.763900 0.101184 0.190996 0.976362 1.243500 0.000000 0.000000 0.000000 1.000000
0.991305 -0.092545 -0.093540 0.000000 0.071776 0.976112 -0.205068 10.763900 0.110284 0.196571 0.974268 1.243500 0.000000 0.000000 0.000000 1.000000
0.989610 -0.105351 -0.097839 -0.000000 0.081812 0.972210 -0.219351 10.763900 0.118229 0.209068 0.970728 1.243500 0.000000 0.000000 0.000000 1.000000
0.989206 -0.105807 -0.101370 0.000000 0.079354 0.968402 -0.236432 10.763900 0.123184 0.225836 0.966346 1.243500 0.000000 0.000000 0.000000 1.000000
0.989688 -0.099954 -0.102600 -0.000000 0.072610 0.967516 -0.242159 10.763900 0.123472 0.232212 0.964796 1.243500 0.000000 0.000000 0.000000 1.000000
0.990106 -0.093645 -0.104499 0.000000 0.068064 0.971762 -0.225933 10.763900 0.122706 0.216585 0.968522 1.243500 0.000000 0.000000 0.000000 1.000000
0.989629 -0.086658 -0.114567 0.000000 0.063093 0.978713 -0.195296 10.763900 0.129052 0.186042 0.974030 1.243500 0.000000 0.000000 0.000000 1.000000
0.987951 -0.077853 -0.133762 0.000000 0.053960 0.983307 -0.173769 10.763900 0.145057 0.164458 0.975660 1.243500 0.000000 0.000000 0.000000 1.000000
0.985630 -0.071757 -0.152918 0.000000 0.043056 0.982107 -0.183338 10.763900 0.163337 0.174120 0.971084 1.243500 0.000000 0.000000 0.000000 1.000000
0.983599 -0.078463 -0.162409 0.000000 0.040777 0.973845 -0.223524 10.763900 0.175700 0.213235 0.961072 1.243500 0.000000 0.000000 0.000000 1.000000
0.981162 -0.099693 -0.165477 0.000000 0.053828 0.963717 -0.261441 10.763900 0.185537 0.247609 0.950929 1.243500 0.000000 0.000000 0.000000 1.000000
0.976040 -0.125895 -0.177472 0.000000 0.077152 0.962864 -0.258728 10.763900 0.203454 0.238837 0.949507 1.243500 0.000000 0.000000 0.000000 1.000000
0.970868 -0.143054 -0.192225 0.000000 0.100290 0.971181 -0.216218 10.763900 0.217616 0.190640 0.957235 1.243500 0.000000 0.000000 0.000000 1.000000
0.969346 -0.152928 -0.192306 0.000000 0.119258 0.977153 -0.175924 10.763900 0.214816 0.147598 0.965437 1.243500 0.000000 0.000000 0.000000 1.000000
0.971928 -0.157651 -0.174649 0.000000 0.128184 0.977277 -0.168815 10.763900 0.197294 0.141689 0.970051 1.243500 0.000000 0.000000 0.000000 1.000000
0.974081 -0.157602 -0.162257 0.000000 0.127163 0.974777 -0.183411 10.763900 0.187070 0.158024 0.969553 1.243500 0.000000 0.000000 0.000000 1.000000
0.973442 -0.152765 -0.170512 0.000000 0.119376 0.974239 -0.191329 10.763900 0.195347 0.165893 0.966602 1.243500 0.000000 0.000000 0.000000 1.000000
0.974145 -0.131795 -0.183498 0.000000 0.098349 0.978599 -0.180754 10.763900 0.203394 0.158034 0.966259 1.243500 0.000000 0.000000 0.000000 1.000000
0.978146 -0.102510 -0.180893 0.000000 0.072858 0.983839 -0.163564 10.763900 0.194736 0.146810 0.969806 1.243500 0.000000 0.000000 0.000000 1.000000
0.983591 -0.076636 -0.163329 0.000000 0.051976 0.987282 -0.150241 10.763900 0.172765 0.139287 0.975065 1.243500 0.000000 0.000000 0.000000 1.000000
0.987333 -0.058837 -0.147350 0.000000 0.038180 0.989515 -0.139289 10.763900 0.154001 0.131899 0.979227 1.243500 0.000000 0.000000 0.000000 1.000000
0.988714 -0.044286 -0.143121 0.000000 0.025830 0.991395 -0.128328 10.763900 0.147573 0.123183 0.981350 1.243500 0.000000 0.000000 0.000000 1.000000
0.989249 -0.026645 -0.143794 0.000000 0.009595 0.992969 -0.117987 10.763900 0.145927 0.115339 0.982549 1.243500 0.000000 0.000000 0.000000 1.000000
0.990530 -0.007875 -0.137073 0.000000 -0.006602 0.994467 -0.104844 10.763900 0.137140 0.104756 0.984997 1.243500 0.000000 0.000000 0.000000 1.000000
0.992839 0.004920 -0.119359 -0.000000 -0.014671 0.996610 -0.080955 10.763900 0.118556 0.082127 0.989545 1.243500 0.000000 0.000000 0.000000 1.000000
0.995262 0.008351 -0.096870 -0.000000 -0.012499 0.999027 -0.042290 10.763900 0.096423 0.043300 0.994398 1.243500 0.000000 0.000000 0.000000 1.000000
0.997110 0.005979 -0.075736 0.000000 -0.005665 0.999974 0.004358 10.763900 0.075760 -0.003916 0.997118 1.243500 0.000000 0.000000 0.000000 1.000000
0.998281 0.009400 -0.057851 0.000000 -0.006976 0.999095 0.041954 10.763900 0.058194 -0.041479 0.997443 1.243500 0.000000 0.000000 0.000000 1.000000
0.998760 0.025231 -0.042913 0.000000 -0.023047 0.998451 0.050647 10.763900 0.044124 -0.049595 0.997794 1.243500 0.000000 0.000000 0.000000 1.000000
0.998509 0.047420 -0.027032 0.000000 -0.046807 0.998642 0.022863 10.763900 0.028079 -0.021563 0.999373 1.243500 0.000000 0.000000 0.000000 1.000000
0.997256 0.072845 -0.013172 -0.000000 -0.073194 0.996915 -0.028326 10.763900 0.011068 0.029212 0.999512 1.243500 0.000000 0.000000 0.000000 1.000000
0.995149 0.098369 -0.001355 0.000000 -0.098142 0.991702 -0.083038 10.763900 -0.006825 0.082768 0.996545 1.243500 0.000000 0.000000 0.000000 1.000000
0.992982 0.118147 0.005279 0.000000 -0.116416 0.984346 -0.132324 10.763900 -0.020830 0.130781 0.991192 1.243500 0.000000 0.000000 0.000000 1.000000
0.991584 0.129333 0.005864 -0.000000 -0.126287 0.976220 -0.176197 10.763900 -0.028513 0.173974 0.984337 1.243500 0.000000 0.000000 0.000000 1.000000
0.990889 0.134639 0.003405 -0.000000 -0.130809 0.968107 -0.213678 10.763900 -0.032066 0.211285 0.976898 1.243500 0.000000 0.000000 0.000000 1.000000
0.991116 0.132919 -0.004583 -0.000000 -0.130020 0.961092 -0.243714 10.763900 -0.027990 0.242145 0.969836 1.243500 0.000000 0.000000 0.000000 1.000000
0.992036 0.124658 -0.018033 0.000000 -0.124890 0.954920 -0.269315 10.763900 -0.016352 0.269423 0.962883 1.243500 0.000000 0.000000 0.000000 1.000000
0.993489 0.109052 -0.032961 0.000000 -0.113922 0.949099 -0.293656 10.763900 -0.000741 0.295499 0.955343 1.243500 0.000000 0.000000 0.000000 1.000000
0.995111 0.089091 -0.042634 -0.000000 -0.098001 0.944313 -0.314117 10.763900 0.012275 0.316760 0.948426 1.243500 0.000000 0.000000 0.000000 1.000000
0.996189 0.073781 -0.046509 0.000000 -0.084954 0.941549 -0.325987 10.763900 0.019739 0.328696 0.944229 1.243500 0.000000 0.000000 0.000000 1.000000
0.996552 0.068318 -0.047084 -0.000000 -0.080117 0.939893 -0.331937 10.763900 0.021576 0.334565 0.942126 1.243500 0.000000 0.000000 0.000000 1.000000
0.996609 0.070470 -0.042484 -0.000000 -0.080753 0.936777 -0.340481 10.763900 0.015805 0.342757 0.939291 1.243500 0.000000 0.000000 0.000000 1.000000
0.996637 0.075003 -0.033019 0.000000 -0.081836 0.932100 -0.352835 10.763900 0.004313 0.354351 0.935103 1.243500 0.000000 0.000000 0.000000 1.000000
0.996657 0.077943 -0.024474 0.000000 -0.081519 0.929211 -0.360447 10.763900 -0.005353 0.361238 0.932458 1.243500 0.000000 0.000000 0.000000 1.000000
0.996766 0.077687 -0.020559 -0.000000 -0.079878 0.929813 -0.359259 10.763900 -0.008794 0.359739 0.933012 1.243500 0.000000 0.000000 0.000000 1.000000
0.997255 0.071563 -0.019030 0.000000 -0.073653 0.932035 -0.354805 10.763900 -0.007654 0.355233 0.934747 1.243500 0.000000 0.000000 0.000000 1.000000
0.997946 0.060602 -0.020780 -0.000000 -0.064040 0.934457 -0.350270 10.763900 -0.001809 0.350882 0.936418 1.243500 0.000000 0.000000 0.000000 1.000000
0.998608 0.046061 -0.025685 0.000000 -0.052082 0.937895 -0.342987 10.763900 0.008291 0.343847 0.938989 1.243500 0.000000 0.000000 0.000000 1.000000
0.998985 0.031914 -0.031786 0.000000 -0.040693 0.942017 -0.333089 10.763900 0.019313 0.334045 0.942359 1.243500 0.000000 0.000000 0.000000 1.000000
0.999100 0.021208 -0.036733 -0.000000 -0.031987 0.945459 -0.324166 10.763900 0.027854 0.325050 0.945287 1.243500 0.000000 0.000000 0.000000 1.000000
0.999104 0.013494 -0.040123 0.000000 -0.025434 0.949030 -0.314158 10.763900 0.033839 0.314897 0.948522 1.243500 0.000000 0.000000 0.000000 1.000000
0.999029 0.008000 -0.043319 -0.000000 -0.020475 0.955022 -0.295828 10.763900 0.039004 0.296428 0.954258 1.243500 0.000000 0.000000 0.000000 1.000000
0.998881 0.003959 -0.047139 -0.000000 -0.016526 0.962905 -0.269333 10.763900 0.044324 0.269811 0.961893 1.243500 0.000000 0.000000 0.000000 1.000000
0.998512 0.001187 -0.054513 0.000000 -0.014476 0.969658 -0.244037 10.763900 0.052569 0.244463 0.968233 1.243500 0.000000 0.000000 0.000000 1.000000
0.997475 0.001590 -0.071000 0.000000 -0.017690 0.973801 -0.226713 10.763900 0.068779 0.227397 0.971370 1.243500 0.000000 0.000000 0.000000 1.000000
0.995934 -0.002270 -0.090059 0.000000 -0.017708 0.975247 -0.220408 10.763900 0.088330 0.221107 0.971241 1.243500 0.000000 0.000000 0.000000 1.000000
0.995167 -0.012374 -0.097419 0.000000 -0.010147 0.973763 -0.227340 10.763900 0.097676 0.227230 0.968930 1.243500 0.000000 0.000000 0.000000 1.000000
0.995780 -0.022045 -0.089091 -0.000000 -0.000248 0.970072 -0.242818 10.763900 0.091777 0.241815 0.965972 1.243500 0.000000 0.000000 0.000000 1.000000
0.996726 -0.028863 -0.075523 0.000000 0.008452 0.966189 -0.257696 10.763900 0.080407 0.256214 0.963270 1.243500 0.000000 0.000000 0.000000 1.000000
0.997270 -0.030742 -0.067139 0.000000 0.011924 0.964329 -0.264437 10.763900 0.072874 0.262915 0.962063 1.243500 0.000000 0.000000 0.000000 1.000000
0.997595 -0.026135 -0.064197 0.000000 0.008461 0.965182 -0.261443 10.763900 0.068794 0.260271 0.963082 1.243500 0.000000 0.000000 0.000000 1.000000
0.997827 -0.017808 -0.063442 0.000000 0.001134 0.967288 -0.253677 10.763900 0.065884 0.253054 0.965206 1.243500 0.000000 0.000000 0.000000 1.000000
0.997965 -0.010430 -0.062898 0.000000 -0.005343 0.969377 -0.245520 10.763900 0.063533 0.245356 0.967349 1.243500 0.000000 0.000000 0.000000 1.000000
0.998137 -0.006967 -0.060613 0.000000 -0.007564 0.971664 -0.236244 10.763900 0.060541 0.236262 0.969802 1.243500 0.000000 0.000000 0.000000 1.000000
0.998434 -0.007036 -0.055504 0.000000 -0.005520 0.974830 -0.222882 10.763900 0.055676 0.222839 0.973264 1.243500 0.000000 0.000000 0.000000 1.000000
0.998834 -0.009539 -0.047324 0.000000 -0.000275 0.979144 -0.203165 10.763900 0.048275 0.202941 0.978000 1.243500 0.000000 0.000000 0.000000 1.000000
0.999265 -0.014269 -0.035569 0.000000 0.007732 0.984076 -0.177580 10.763900 0.037537 0.177174 0.983463 1.243500 0.000000 0.000000 0.000000 1.000000
0.999580 -0.021836 -0.019027 -0.000000 0.018715 0.988347 -0.151064 10.763900 0.022104 0.150645 0.988341 1.243500 0.000000 0.000000 0.000000 1.000000
0.999558 -0.029534 0.003499 0.000000 0.029739 0.991053 -0.130111 10.763900 0.000375 0.130157 0.991493 1.243500 0.000000 0.000000 0.000000 1.000000
0.999020 -0.029932 0.032592 0.000000 0.033534 0.992656 -0.116234 10.763900 -0.028874 0.117213 0.992687 1.243500 0.000000 0.000000 0.000000 1.000000
0.997510 -0.020861 0.067367 0.000000 0.027859 0.994117 -0.104667 10.763900 -0.064788 0.106283 0.992223 1.243500 0.000000 0.000000 0.000000 1.000000
0.994558 -0.008770 0.103816 0.000000 0.018371 0.995600 -0.091892 10.763900 -0.102554 0.093299 0.990342 1.243500 0.000000 0.000000 0.000000 1.000000</float_array><technique_common><accessor source="#Mutant_Spine-Matrix-animation-output-transform-array" count="84" stride="16"><param type="float4x4"/></accessor></technique_common></source><source id="Mutant_Spine-Interpolations"><Name_array id="Mutant_Spine-Interpolations-array" count="84">
 LINEAR LINEAR LINEAR LINEAR LINEAR LINEAR LINEAR LINEAR LINEAR LINEAR LINEAR
LINEAR LINEAR LINEAR LINEAR LINEAR LINEAR LINEAR LINEAR LINEAR LINEAR LINEAR LINEAR
LINEAR LINEAR LINEAR LINEAR LINEAR LINEAR LINEAR LINEAR LINEAR LINEAR LINEAR LINEAR
LINEAR LINEAR LINEAR LINEAR LINEAR LINEAR LINEAR LINEAR LINEAR LINEAR LINEAR LINEAR
LINEAR LINEAR LINEAR LINEAR LINEAR LINEAR LINEAR LINEAR LINEAR LINEAR LINEAR LINEAR
LINEAR LINEAR LINEAR LINEAR LINEAR LINEAR LINEAR LINEAR LINEAR LINEAR LINEAR LINEAR
LINEAR LINEAR LINEAR LINEAR LINEAR LINEAR LINEAR LINEAR LINEAR LINEAR LINEAR LINEAR
LINEAR</Name_array><technique_common><accessor source="#Mutant_Spine-Interpolations-array" count="84"><param type="name"/></accessor></technique_common></source><sampler id="Mutant_Spine-Matrix-animation-transform"><input semantic="INPUT" source="#Mutant_Spine-Matrix-animation-input"/><input semantic="OUTPUT" source="#Mutant_Spine-Matrix-animation-output-transform"/><input semantic="INTERPOLATION" source="#Mutant_Spine-Interpolations"/></sampler><channel source="#Mutant_Spine-Matrix-animation-transform" target="Mutant_Spine/matrix"/></animation>
    <animation id="Mutant_Spine1-anim" name="Mutant_Spine1"><source id="Mutant_Spine1-Matrix-animation-input"><float_array id="Mutant_Spine1-Matrix-animation-input-array" count="84">

0.000000 0.033333 0.066667 0.100000 0.133333 0.166667 0.200000 0.233333 0.266667 0.300000 0.333333 0.366667 0.400000 0.433333 0.466667 0.500000
0.533333 0.566667 0.600000 0.633333 0.666667 0.700000 0.733333 0.766667 0.800000 0.833333 0.866667 0.900000 0.933333 0.966667 1.000000 1.033333
1.066667 1.100000 1.133333 1.166667 1.200000 1.233333 1.266667 1.300000 1.333333 1.366667 1.400000 1.433333 1.466667 1.500000 1.533333 1.566667
1.600000 1.633333 1.666667 1.700000 1.733333 1.766667 1.800000 1.833333 1.866667 1.900000 1.933333 1.966667 2.000000 2.033333 2.066667 2.100000
2.133333 2.166667 2.200000 2.233333 2.266667 2.300000 2.333333 2.366667 2.400000 2.433333 2.466667 2.500000 2.533333 2.566667 2.600000 2.633333
2.666667 2.700000 2.733333 2.766667</float_array><technique_common><accessor source="#Mutant_Spine1-Matrix-animation-input-array" count="84"><param name="TIME" type="float"/></accessor></technique_common></source><source id="Mutant_Spine1-Matrix-animation-output-transform"><float_array id="Mutant_Spine1-Matrix-animation-output-transform-array" count="1344">

0.999515 -0.007459 -0.030228 -0.018900 0.006658 0.999626 -0.026537 13.061300 0.030415 0.026323 0.999191 0.227500 0.000000 0.000000 0.000000 1.000000
0.999538 -0.009142 -0.028977 -0.018900 0.008408 0.999643 -0.025359 13.061300 0.029199 0.025104 0.999258 0.227500 0.000000 0.000000 0.000000 1.000000
0.999544 -0.010779 -0.028213 -0.018900 0.010085 0.999645 -0.024644 13.061300 0.028469 0.024348 0.999298 0.227500 0.000000 0.000000 0.000000 1.000000
0.999554 -0.012163 -0.027267 -0.018900 0.011516 0.999651 -0.023780 13.061300 0.027547 0.023456 0.999345 0.227500 0.000000 0.000000 0.000000 1.000000
0.999611 -0.012855 -0.024767 -0.018900 0.012314 0.999685 -0.021848 13.061300 0.025040 0.021535 0.999454 0.227500 0.000000 0.000000 0.000000 1.000000
0.999706 -0.012626 -0.020684 -0.018900 0.012234 0.999745 -0.018999 13.061300 0.020918 0.018740 0.999606 0.227500 0.000000 0.000000 0.000000 1.000000
0.999779 -0.011930 -0.017301 -0.018900 0.011637 0.999789 -0.016930 13.061300 0.017499 0.016725 0.999707 0.227500 0.000000 0.000000 0.000000 1.000000
0.999802 -0.011201 -0.016473 -0.018900 0.010921 0.999796 -0.016995 13.061300 0.016660 0.016812 0.999720 0.227500 0.000000 0.000000 0.000000 1.000000
0.999789 -0.010424 -0.017720 -0.018900 0.010092 0.999774 -0.018720 13.061300 0.017911 0.018537 0.999668 0.227500 0.000000 0.000000 0.000000 1.000000
0.999754 -0.009973 -0.019823 -0.018900 0.009563 0.999741 -0.020656 13.061300 0.020024 0.020462 0.999590 0.227500 0.000000 0.000000 0.000000 1.000000
0.999689 -0.011082 -0.022324 -0.018900 0.010600 0.999711 -0.021575 13.061300 0.022557 0.021332 0.999518 0.227500 0.000000 0.000000 0.000000 1.000000
0.999577 -0.014745 -0.025069 -0.018900 0.014217 0.999677 -0.021083 13.061300 0.025372 0.020718 0.999463 0.227500 0.000000 0.000000 0.000000 1.000000
0.999414 -0.020111 -0.027689 -0.018900 0.019556 0.999605 -0.020176 13.061300 0.028084 0.019623 0.999413 0.227500 0.000000 0.000000 0.000000 1.000000
0.999251 -0.024515 -0.029956 -0.018900 0.023896 0.999497 -0.020843 13.061300 0.030452 0.020111 0.999334 0.227500 0.000000 0.000000 0.000000 1.000000
0.999164 -0.025700 -0.031787 -0.018900 0.024931 0.999392 -0.024369 13.061300 0.032394 0.023556 0.999198 0.227500 0.000000 0.000000 0.000000 1.000000
0.999172 -0.024129 -0.032749 -0.018900 0.023118 0.999254 -0.030926 13.061300 0.033471 0.030143 0.998985 0.227500 0.000000 0.000000 0.000000 1.000000
0.999227 -0.022342 -0.032361 -0.018900 0.021009 0.998939 -0.040973 13.061300 0.033242 0.040261 0.998636 0.227500 0.000000 0.000000 0.000000 1.000000
0.999260 -0.022012 -0.031529 -0.018900 0.020266 0.998300 -0.054653 13.061300 0.032678 0.053973 0.998008 0.227500 0.000000 0.000000 0.000000 1.000000
0.999217 -0.022435 -0.032604 -0.018900 0.020140 0.997409 -0.069065 13.061300 0.034069 0.068354 0.997079 0.227500 0.000000 0.000000 0.000000 1.000000
0.999088 -0.021960 -0.036625 -0.018900 0.019051 0.996773 -0.077972 13.061300 0.038219 0.077203 0.996283 0.227500 0.000000 0.000000 0.000000 1.000000
0.998927 -0.020206 -0.041665 -0.018900 0.017030 0.997022 -0.075217 13.061300 0.043061 0.074427 0.996296 0.227500 0.000000 0.000000 0.000000 1.000000
0.998790 -0.018588 -0.045526 -0.018900 0.015842 0.998075 -0.059954 13.061300 0.046553 0.059160 0.997162 0.227500 0.000000 0.000000 0.000000 1.000000
0.998619 -0.019123 -0.048932 -0.018900 0.017202 0.999076 -0.039387 13.061300 0.049640 0.038491 0.998025 0.227500 0.000000 0.000000 0.000000 1.000000
0.998293 -0.022173 -0.054024 -0.018900 0.021029 0.999544 -0.021668 13.061300 0.054480 0.020495 0.998304 0.227500 0.000000 0.000000 0.000000 1.000000
0.997913 -0.025492 -0.059322 -0.018900 0.025037 0.999651 -0.008404 13.061300 0.059516 0.006901 0.998204 0.227500 0.000000 0.000000 0.000000 1.000000
0.997835 -0.027204 -0.059880 -0.018900 0.027273 0.999628 0.000332 13.061300 0.059848 -0.001964 0.998206 0.227500 0.000000 0.000000 0.000000 1.000000
0.998061 -0.027876 -0.055647 -0.018900 0.028087 0.999601 0.003004 13.061300 0.055541 -0.004561 0.998446 0.227500 0.000000 0.000000 0.000000 1.000000
0.998203 -0.027828 -0.053070 -0.018900 0.027920 0.999610 0.001000 13.061300 0.053021 -0.002479 0.998590 0.227500 0.000000 0.000000 0.000000 1.000000
0.998147 -0.025703 -0.055162 -0.018900 0.025656 0.999670 -0.001559 13.061300 0.055184 0.000141 0.998476 0.227500 0.000000 0.000000 0.000000 1.000000
0.998132 -0.021044 -0.057364 -0.018900 0.020945 0.999778 -0.002330 13.061300 0.057400 0.001125 0.998351 0.227500 0.000000 0.000000 0.000000 1.000000
0.998375 -0.015592 -0.054819 -0.018900 0.015488 0.999877 -0.002324 13.061300 0.054849 0.001471 0.998494 0.227500 0.000000 0.000000 0.000000 1.000000
0.998755 -0.011450 -0.048556 -0.018900 0.011339 0.999932 -0.002562 13.061300 0.048582 0.002008 0.998817 0.227500 0.000000 0.000000 0.000000 1.000000
0.999025 -0.008890 -0.043239 -0.018900 0.008825 0.999960 -0.001700 13.061300 0.043253 0.001317 0.999063 0.227500 0.000000 0.000000 0.000000 1.000000
0.999129 -0.006188 -0.041259 -0.018900 0.006258 0.999979 0.001564 13.061300 0.041249 -0.001821 0.999147 0.227500 0.000000 0.000000 0.000000 1.000000
0.999176 -0.001877 -0.040549 -0.018900 0.002109 0.999982 0.005692 13.061300 0.040538 -0.005772 0.999161 0.227500 0.000000 0.000000 0.000000 1.000000
0.999275 0.002952 -0.037951 -0.018900 -0.002665 0.999967 0.007613 13.061300 0.037972 -0.007506 0.999251 0.227500 0.000000 0.000000 0.000000 1.000000
0.999440 0.005782 -0.032967 -0.018900 -0.005562 0.999962 0.006763 13.061300 0.033005 -0.006576 0.999434 0.227500 0.000000 0.000000 0.000000 1.000000
0.999609 0.005914 -0.027320 -0.018900 -0.005752 0.999965 0.006014 13.061300 0.027355 -0.005854 0.999609 0.227500 0.000000 0.000000 0.000000 1.000000
0.999734 0.005343 -0.022451 -0.018900 -0.005185 0.999962 0.007060 13.061300 0.022488 -0.006942 0.999723 0.227500 0.000000 0.000000 0.000000 1.000000
0.999811 0.006438 -0.018364 -0.018900 -0.006253 0.999930 0.010082 13.061300 0.018427 -0.009965 0.999781 0.227500 0.000000 0.000000 0.000000 1.000000
0.999863 0.009023 -0.013852 -0.018900 -0.008749 0.999767 0.019752 13.061300 0.014027 -0.019628 0.999709 0.227500 0.000000 0.000000 0.000000 1.000000
0.999912 0.010754 -0.007822 -0.018900 -0.010416 0.999064 0.041992 13.061300 0.008267 -0.041907 0.999087 0.227500 0.000000 0.000000 0.000000 1.000000
0.999934 0.011497 -0.000900 -0.018900 -0.011408 0.997564 0.068813 13.061300 0.001689 -0.068799 0.997629 0.227500 0.000000 0.000000 0.000000 1.000000
0.999888 0.014150 0.004866 -0.018900 -0.014487 0.996842 0.078072 13.061300 -0.003745 -0.078134 0.996936 0.227500 0.000000 0.000000 0.000000 1.000000
0.999785 0.019244 0.007742 -0.018900 -0.019665 0.998086 0.058637 13.061300 -0.006599 -0.058777 0.998249 0.227500 0.000000 0.000000 0.000000 1.000000
0.999692 0.023530 0.007829 -0.018900 -0.023715 0.999419 0.024495 13.061300 -0.007248 -0.024674 0.999669 0.227500 0.000000 0.000000 0.000000 1.000000
0.999672 0.024749 0.006558 -0.018900 -0.024729 0.999689 -0.003244 13.061300 -0.006636 0.003081 0.999973 0.227500 0.000000 0.000000 0.000000 1.000000
0.999696 0.024235 0.004518 -0.018900 -0.024151 0.999549 -0.017857 13.061300 -0.004949 0.017742 0.999830 0.227500 0.000000 0.000000 0.000000 1.000000
0.999713 0.023908 0.001201 -0.018900 -0.023869 0.999377 -0.026008 13.061300 -0.001822 0.025972 0.999661 0.227500 0.000000 0.000000 0.000000 1.000000
0.999738 0.022679 -0.003031 -0.018900 -0.022771 0.999146 -0.034473 13.061300 0.002247 0.034533 0.999401 0.227500 0.000000 0.000000 0.000000 1.000000
0.999806 0.018548 -0.006563 -0.018900 -0.018817 0.998864 -0.043773 13.061300 0.005744 0.043888 0.999020 0.227500 0.000000 0.000000 0.000000 1.000000
0.999877 0.013196 -0.008532 -0.018900 -0.013619 0.998574 -0.051611 13.061300 0.007839 0.051720 0.998631 0.227500 0.000000 0.000000 0.000000 1.000000
