<?xml version="1.0" encoding="utf-8"?>
<COLLADA xmlns="http://www.collada.org/2005/11/COLLADASchema" version="1.4.1">
  <asset><contributor><author>Mixamo</author><authoring_tool>COLLADA Mixamo exporter</authoring_tool><comments></comments></contributor><created>2018-04-27T23:42:23Z</created><modified>2018-04-27T23:42:23Z</modified><revision></revision><title></title><unit meter="0.010000"/><up_axis>Y_UP</up_axis></asset>
  <library_animations>
    <animation id="Mutant_Hips-anim" name="Mutant_Hips"><source id="Mutant_Hips-Matrix-animation-input"><float_array id="Mutant_Hips-Matrix-animation-input-array" count="149">

0.000000 0.033333 0.066667 0.100000 0.133333 0.166667 0.200000 0.233333 0.266667 0.300000 0.333333 0.366667 0.400000 0.433333 0.466667 0.500000
0.533333 0.566667 0.600000 0.633333 0.666667 0.700000 0.733333 0.766667 0.800000 0.833333 0.866667 0.900000 0.933333 0.966667 1.000000 1.033333
1.066667 1.100000 1.133333 1.166667 1.200000 1.233333 1.266667 1.300000 1.333333 1.366667 1.400000 1.433333 1.466667 1.500000 1.533333 1.566667
1.600000 1.633333 1.666667 1.700000 1.733333 1.766667 1.800000 1.833333 1.866667 1.900000 1.933333 1.966667 2.000000 2.033333 2.066667 2.100000
2.133333 2.166667 2.200000 2.233333 2.266667 2.300000 2.333333 2.366667 2.400000 2.433333 2.466667 2.500000 2.533333 2.566667 2.600000 2.633333
2.666667 2.700000 2.733333 2.766667 2.800000 2.833333 2.866667 2.900000 2.933333 2.966667 3.000000 3.033333 3.066667 3.100000 3.133333 3.166667
3.200000 3.233333 3.266667 3.300000 3.333333 3.366667 3.400000 3.433333 3.466667 3.500000 3.533333 3.566667 3.600000 3.633333 3.666667 3.700000
3.733333 3.766667 3.800000 3.833333 3.866667 3.900000 3.933333 3.966667 4.000000 4.033333 4.066667 4.100000 4.133333 4.166667 4.200000 4.233333
4.266667 4.300000 4.333333 4.366667 4.400000 4.433333 4.466667 4.500000 4.533333 4.566667 4.600000 4.633333 4.666667 4.700000 4.733333 4.766667
4.800000 4.833333 4.866667 4.900000 4.933333</float_array><technique_common><accessor source="#Mutant_Hips-Matrix-animation-input-array" count="149"><param name="TIME" type="float"/></accessor></technique_common></source><source id="Mutant_Hips-Matrix-animation-output-transform"><float_array id="Mutant_Hips-Matrix-animation-output-transform-array" count="2384">

0.970976 0.036689 -0.236345 0.058929 -0.034194 0.999308 0.014649 77.715508 0.236719 -0.006142 0.971559 -0.197024 0.000000 0.000000 0.000000 1.000000
0.971228 0.037915 -0.235114 -0.037019 -0.035077 0.999253 0.016243 77.685158 0.235554 -0.007529 0.971832 -0.145654 0.000000 0.000000 0.000000 1.000000
0.971297 0.038896 -0.234669 -0.178064 -0.035721 0.999204 0.017768 77.665543 0.235174 -0.008875 0.971913 -0.090527 0.000000 0.000000 0.000000 1.000000
0.970823 0.039864 -0.236461 -0.378561 -0.036328 0.999154 0.019293 77.656517 0.237030 -0.010140 0.971449 -0.033757 0.000000 0.000000 0.000000 1.000000
0.969925 0.041691 -0.239808 -0.644048 -0.037517 0.999055 0.021947 77.650604 0.240496 -0.012291 0.970572 0.000420 0.000000 0.000000 0.000000 1.000000
0.968886 0.044024 -0.243560 -0.961202 -0.038861 0.998907 0.025967 77.645477 0.244437 -0.015694 0.969538 -0.008839 0.000000 0.000000 0.000000 1.000000
0.966960 0.041946 -0.251455 -1.303722 -0.036063 0.998958 0.027959 77.652275 0.252366 -0.017967 0.967465 -0.013154 0.000000 0.000000 0.000000 1.000000
0.962129 0.026391 -0.271316 -1.666913 -0.019423 0.999410 0.028336 77.696068 0.271903 -0.021993 0.962073 0.105382 0.000000 0.000000 0.000000 1.000000
0.953417 -0.006247 -0.301591 -2.108607 0.019285 0.999003 0.040273 77.805740 0.301038 -0.044213 0.952587 0.437676 0.000000 0.000000 0.000000 1.000000
0.945282 -0.045041 -0.323132 -2.748392 0.074467 0.994067 0.079281 78.024391 0.317644 -0.099006 0.943027 0.998351 0.000000 0.000000 0.000000 1.000000
0.946712 -0.076829 -0.312785 -3.727531 0.125619 0.982303 0.138930 78.426331 0.296576 -0.170818 0.939608 1.780077 0.000000 0.000000 0.000000 1.000000
0.959224 -0.100258 -0.264270 -5.194828 0.152855 0.970463 0.186648 79.143845 0.237751 -0.219432 0.946216 2.737690 0.000000 0.000000 0.000000 1.000000
0.974251 -0.116534 -0.193016 -7.231079 0.154461 0.968594 0.194851 80.272163 0.164247 -0.219648 0.961654 3.747689 0.000000 0.000000 0.000000 1.000000
0.984642 -0.126412 -0.120417 -9.673513 0.145817 0.974762 0.169044 81.566521 0.096009 -0.184006 0.978225 4.696982 0.000000 0.000000 0.000000 1.000000
0.988795 -0.137274 -0.058653 -12.282506 0.144289 0.979622 0.139719 82.711815 0.038278 -0.146617 0.988453 5.457048 0.000000 0.000000 0.000000 1.000000
0.987991 -0.154185 -0.010070 -14.932806 0.154142 0.979014 0.133312 83.531128 -0.010696 -0.133263 0.991023 5.910999 0.000000 0.000000 0.000000 1.000000
0.984425 -0.173816 0.026356 -17.693462 0.167734 0.973527 0.155273 84.022369 -0.052648 -0.148434 0.987520 6.020159 0.000000 0.000000 0.000000 1.000000
0.980967 -0.187793 0.049381 -20.624006 0.175248 0.965752 0.191340 84.241051 -0.083622 -0.179044 0.980281 5.850481 0.000000 0.000000 0.000000 1.000000
0.980044 -0.190430 0.057011 -23.624495 0.173751 0.959975 0.219680 84.304146 -0.096563 -0.205390 0.973905 5.508973 0.000000 0.000000 0.000000 1.000000
0.981603 -0.184347 0.049724 -26.571085 0.168410 0.958638 0.229460 84.423531 -0.089967 -0.216865 0.972047 5.062760 0.000000 0.000000 0.000000 1.000000
0.984191 -0.174556 0.029974 -29.370420 0.163329 0.959968 0.227563 84.657333 -0.068497 -0.219070 0.973302 4.589960 0.000000 0.000000 0.000000 1.000000
0.986712 -0.162480 0.000574 -32.017620 0.158196 0.961489 0.224752 84.929153 -0.037070 -0.221675 0.974416 4.170415 0.000000 0.000000 0.000000 1.000000
0.988409 -0.147390 -0.036386 -34.587906 0.151796 0.963256 0.221577 85.161476 0.002390 -0.224532 0.974464 3.881317 0.000000 0.000000 0.000000 1.000000
0.988397 -0.129010 -0.080170 -37.181503 0.143460 0.966308 0.213699 85.307930 0.049899 -0.222721 0.973604 3.809631 0.000000 0.000000 0.000000 1.000000
0.985558 -0.106707 -0.131486 -39.857334 0.132076 0.970332 0.202513 85.362411 0.105975 -0.216954 0.970412 3.955728 0.000000 0.000000 0.000000 1.000000
0.978017 -0.080220 -0.192475 -42.578278 0.117459 0.974608 0.190637 85.318977 0.172295 -0.209055 0.962606 4.237186 0.000000 0.000000 0.000000 1.000000
0.961785 -0.051887 -0.268844 -45.299339 0.101836 0.979229 0.175327 85.201118 0.254163 -0.196005 0.947092 4.650513 0.000000 0.000000 0.000000 1.000000
0.928997 -0.027697 -0.369050 -48.053978 0.090036 0.984150 0.152784 85.135239 0.358968 -0.175163 0.916766 5.326350 0.000000 0.000000 0.000000 1.000000
0.872146 -0.016476 -0.488968 -50.850182 0.087046 0.988712 0.121946 85.215454 0.481439 -0.148918 0.863736 6.351314 0.000000 0.000000 0.000000 1.000000
0.798222 -0.024279 -0.601875 -53.661705 0.092568 0.992263 0.082739 85.371216 0.595209 -0.121758 0.794293 7.576632 0.000000 0.000000 0.000000 1.000000
0.729058 -0.046553 -0.682867 -56.563301 0.100093 0.994210 0.039085 85.439720 0.677093 -0.096846 0.729497 8.725035 0.000000 0.000000 0.000000 1.000000
0.677641 -0.073304 -0.731731 -59.773197 0.102263 0.994745 -0.004949 85.376724 0.728248 -0.071476 0.681576 9.722716 0.000000 0.000000 0.000000 1.000000
0.639570 -0.101976 -0.761939 -63.465408 0.099041 0.993833 -0.049877 85.195381 0.762326 -0.043563 0.645725 10.632612 0.000000 0.000000 0.000000 1.000000
0.612870 -0.132603 -0.778978 -67.575737 0.099188 0.990931 -0.090645 84.982666 0.783933 -0.021712 0.620465 11.345251 0.000000 0.000000 0.000000 1.000000
0.604386 -0.158206 -0.780825 -71.801003 0.109453 0.987280 -0.115317 84.902725 0.789137 -0.015768 0.614014 11.714087 0.000000 0.000000 0.000000 1.000000
0.615817 -0.171330 -0.769035 -75.761612 0.127132 0.984888 -0.117617 84.876549 0.777565 -0.025339 0.628292 11.841774 0.000000 0.000000 0.000000 1.000000
0.642582 -0.172967 -0.746439 -79.242622 0.142291 0.984180 -0.105564 84.600708 0.752889 -0.038378 0.657028 11.928920 0.000000 0.000000 0.000000 1.000000
0.680717 -0.165820 -0.713532 -82.854065 0.143609 0.985350 -0.091984 84.659492 0.718332 -0.039854 0.694558 12.064692 0.000000 0.000000 0.000000 1.000000
0.728480 -0.149655 -0.668521 -86.746208 0.130755 0.988282 -0.078754 85.282913 0.672473 -0.030041 0.739512 12.204237 0.000000 0.000000 0.000000 1.000000
0.779933 -0.120646 -0.614125 -90.700333 0.108643 0.992446 -0.056992 85.960808 0.616362 -0.022271 0.787148 12.236727 0.000000 0.000000 0.000000 1.000000
0.827093 -0.082021 -0.556048 -94.615829 0.082719 0.996286 -0.023919 86.321350 0.555945 -0.026213 0.830806 12.057265 0.000000 0.000000 0.000000 1.000000
0.864840 -0.046200 -0.499916 -98.506783 0.057343 0.998330 0.006939 86.354622 0.498761 -0.034668 0.866046 11.711996 0.000000 0.000000 0.000000 1.000000
0.892415 -0.022263 -0.450666 -102.394127 0.035114 0.999180 0.020172 86.108055 0.449847 -0.033827 0.892465 11.322967 0.000000 0.000000 0.000000 1.000000
0.912654 -0.007825 -0.408657 -106.382660 0.015448 0.999763 0.015356 85.721092 0.408440 -0.020327 0.912559 10.998336 0.000000 0.000000 0.000000 1.000000
0.929934 -0.000281 -0.367727 -110.675194 0.002353 0.999984 0.005186 85.203018 0.367719 -0.005688 0.929919 10.725877 0.000000 0.000000 0.000000 1.000000
0.948043 -0.000557 -0.318140 -115.441299 0.001058 0.999998 0.001401 84.432114 0.318139 -0.001665 0.948043 10.403116 0.000000 0.000000 0.000000 1.000000
0.966938 -0.007813 -0.254891 -120.616676 0.009419 0.999943 0.005083 83.282990 0.254837 -0.007315 0.966956 9.905609 0.000000 0.000000 0.000000 1.000000
0.982714 -0.014219 -0.184582 -125.933983 0.016941 0.999770 0.013182 82.031860 0.184352 -0.016081 0.982729 9.162293 0.000000 0.000000 0.000000 1.000000
0.992635 -0.015196 -0.120188 -131.286240 0.018663 0.999440 0.027773 81.021378 0.119698 -0.029811 0.992363 8.241592 0.000000 0.000000 0.000000 1.000000
0.997407 -0.019785 -0.069194 -136.680588 0.023254 0.998494 0.049689 80.073524 0.068107 -0.051169 0.996365 7.355153 0.000000 0.000000 0.000000 1.000000
0.998751 -0.037350 -0.033202 -142.057236 0.039598 0.996772 0.069843 79.178696 0.030486 -0.071071 0.997005 6.696165 0.000000 0.000000 0.000000 1.000000
0.997919 -0.062836 -0.014482 -147.373825 0.063773 0.994955 0.077443 78.500710 0.009543 -0.078205 0.996892 6.287718 0.000000 0.000000 0.000000 1.000000
0.996181 -0.086222 -0.013731 -152.739426 0.086984 0.993675 0.071014 78.229683 0.007521 -0.071937 0.997381 6.061826 0.000000 0.000000 0.000000 1.000000
0.994061 -0.106062 -0.024373 -158.228424 0.107281 0.992662 0.055788 78.093910 0.018278 -0.058072 0.998145 5.948967 0.000000 0.000000 0.000000 1.000000
0.991515 -0.125253 -0.034783 -163.896820 0.126525 0.991266 0.037180 77.885796 0.029822 -0.041266 0.998703 5.996737 0.000000 0.000000 0.000000 1.000000
0.988419 -0.146371 -0.040049 -169.815353 0.147169 0.988952 0.017755 77.581871 0.037007 -0.023443 0.999040 6.237659 0.000000 0.000000 0.000000 1.000000
0.984618 -0.169106 -0.043935 -175.979752 0.169065 0.985594 -0.004656 77.208328 0.044089 -0.002843 0.999024 6.655670 0.000000 0.000000 0.000000 1.000000
0.980849 -0.190531 -0.040404 -182.149109 0.189457 0.981462 -0.028965 76.450867 0.045173 0.020756 0.998764 7.226615 0.000000 0.000000 0.000000 1.000000
0.974463 -0.224486 -0.005296 -187.466049 0.224100 0.973735 -0.040237 74.120094 0.014190 0.038023 0.999176 7.564400 0.000000 0.000000 0.000000 1.000000
0.961793 -0.261832 0.079990 -192.129227 0.264317 0.964184 -0.022055 70.184700 -0.071350 0.042355 0.996552 7.360981 0.000000 0.000000 0.000000 1.000000
0.930579 -0.301041 0.208321 -197.532089 0.302696 0.952768 0.024673 66.407738 -0.205909 0.040097 0.977749 6.779819 0.000000 0.000000 0.000000 1.000000
0.868977 -0.348603 0.351219 -203.490479 0.342042 0.936031 0.082786 62.181610 -0.357611 0.048193 0.932626 5.774014 0.000000 0.000000 0.000000 1.000000
0.790133 -0.390935 0.472081 -209.825180 0.373741 0.917737 0.134448 57.282097 -0.485806 0.070205 0.871242 4.871930 0.000000 0.000000 0.000000 1.000000
0.722489 -0.426730 0.543978 -216.152649 0.402274 0.899364 0.171232 51.465675 -0.562304 0.095115 0.821442 4.339045 0.000000 0.000000 0.000000 1.000000
0.681505 -0.463166 0.566593 -222.367584 0.437046 0.878592 0.192528 45.100727 -0.586977 0.116418 0.801190 4.239767 0.000000 0.000000 0.000000 1.000000
0.651295 -0.508081 0.563620 -228.030579 0.481662 0.850744 0.210324 38.689293 -0.586358 0.134492 0.798809 4.558578 0.000000 0.000000 0.000000 1.000000
0.597043 -0.574141 0.560269 -232.599548 0.535574 0.805242 0.254452 32.420269 -0.597243 0.148146 0.788260 5.197666 0.000000 0.000000 0.000000 1.000000
0.494769 -0.672256 0.550705 -236.869553 0.595666 0.723764 0.348348 26.061001 -0.632760 0.155685 0.758536 5.932559 0.000000 0.000000 0.000000 1.000000
0.347145 -0.797748 0.493040 -241.203049 0.655990 0.582271 0.480247 19.816986 -0.670199 0.156714 0.725447 6.382069 0.000000 0.000000 0.000000 1.000000
0.171807 -0.921793 0.347534 -245.101837 0.705678 0.361314 0.609484 15.449783 -0.687387 0.140534 0.712565 6.097309 0.000000 0.000000 0.000000 1.000000
0.000205 -0.992819 0.119630 -248.476624 0.727506 0.082226 0.681156 13.359116 -0.686101 0.086892 0.722299 5.284403 0.000000 0.000000 0.000000 1.000000
-0.129700 -0.984137 -0.121049 -251.182449 0.716431 -0.177410 0.674724 12.851035 -0.685496 0.000788 0.728076 4.455294 0.000000 0.000000 0.000000 1.000000
-0.217330 -0.930996 -0.293281 -253.761063 0.686595 -0.359373 0.632012 12.869795 -0.693798 -0.064010 0.717319 4.193350 0.000000 0.000000 0.000000 1.000000
-0.284488 -0.881808 -0.376141 -256.150024 0.651316 -0.465680 0.599107 13.435878 -0.703459 -0.074548 0.706816 4.781790 0.000000 0.000000 0.000000 1.000000
-0.335554 -0.850636 -0.404748 -258.453094 0.616113 -0.523196 0.588787 14.365438 -0.712607 -0.051801 0.699649 5.955760 0.000000 0.000000 0.000000 1.000000
-0.363638 -0.829739 -0.423438 -260.552673 0.581777 -0.557294 0.592418 15.258148 -0.727532 -0.030921 0.685377 6.878311 0.000000 0.000000 0.000000 1.000000
-0.368510 -0.810019 -0.456146 -262.304260 0.549378 -0.585586 0.596048 15.888517 -0.749923 -0.030947 0.660801 7.249764 0.000000 0.000000 0.000000 1.000000
-0.360424 -0.785630 -0.502871 -263.505188 0.520257 -0.616775 0.590696 16.398483 -0.774227 -0.048721 0.631030 7.416316 0.000000 0.000000 0.000000 1.000000
-0.348036 -0.753974 -0.557130 -264.167023 0.493753 -0.652602 0.574733 16.935268 -0.796918 -0.075057 0.599406 7.781165 0.000000 0.000000 0.000000 1.000000
-0.331559 -0.714970 -0.615538 -264.401093 0.467934 -0.691162 0.550757 17.390400 -0.819211 -0.105423 0.563719 8.389571 0.000000 0.000000 0.000000 1.000000
-0.307358 -0.672327 -0.673430 -264.479065 0.441944 -0.727589 0.524691 17.604708 -0.842744 -0.136350 0.520761 9.229126 0.000000 0.000000 0.000000 1.000000
-0.273322 -0.632382 -0.724837 -264.495758 0.416761 -0.756984 0.503276 17.634918 -0.866952 -0.164527 0.470452 10.272400 0.000000 0.000000 0.000000 1.000000
-0.229828 -0.601791 -0.764870 -264.512177 0.394871 -0.775973 0.491876 17.692657 -0.889526 -0.188978 0.415970 11.564263 0.000000 0.000000 0.000000 1.000000
-0.181043 -0.585145 -0.790461 -264.544189 0.381111 -0.782683 0.492099 17.811607 -0.906630 -0.212162 0.364705 13.088433 0.000000 0.000000 0.000000 1.000000
-0.132818 -0.580760 -0.803167 -264.570251 0.378249 -0.778715 0.500529 17.911615 -0.916126 -0.237318 0.323100 14.731313 0.000000 0.000000 0.000000 1.000000
-0.089551 -0.582959 -0.807551 -264.530365 0.384391 -0.768219 0.511940 17.851467 -0.918816 -0.264571 0.292880 16.263107 0.000000 0.000000 0.000000 1.000000
-0.051835 -0.588654 -0.806722 -264.480103 0.396161 -0.753648 0.524472 17.704693 -0.916717 -0.292405 0.272267 17.857872 0.000000 0.000000 0.000000 1.000000
-0.017136 -0.599517 -0.800179 -264.452789 0.411442 -0.733625 0.540842 17.572296 -0.911275 -0.319959 0.259238 19.462267 0.000000 0.000000 0.000000 1.000000
0.015555 -0.615888 -0.787680 -264.375397 0.431769 -0.706404 0.560864 17.512207 -0.901850 -0.348821 0.254933 20.962868 0.000000 0.000000 0.000000 1.000000
0.043197 -0.634084 -0.772056 -264.124756 0.460141 -0.673308 0.578728 17.440056 -0.886794 -0.380254 0.262684 22.262497 0.000000 0.000000 0.000000 1.000000
0.062760 -0.651014 -0.756467 -263.708679 0.496757 -0.637024 0.589434 17.317528 -0.865617 -0.412773 0.283416 23.368814 0.000000 0.000000 0.000000 1.000000
0.075193 -0.667831 -0.740505 -263.219910 0.539023 -0.597541 0.593632 17.231876 -0.838928 -0.443786 0.315046 24.399761 0.000000 0.000000 0.000000 1.000000
0.086783 -0.685750 -0.722645 -262.673737 0.583914 -0.552705 0.594610 17.296198 -0.807163 -0.473565 0.352454 25.501314 0.000000 0.000000 0.000000 1.000000
0.106212 -0.701430 -0.704780 -262.017975 0.629304 -0.501359 0.593814 17.420683 -0.769867 -0.506591 0.388162 26.706829 0.000000 0.000000 0.000000 1.000000
0.137527 -0.711940 -0.688642 -261.272217 0.672977 -0.442967 0.592353 17.336105 -0.726765 -0.544905 0.418199 27.934258 0.000000 0.000000 0.000000 1.000000
0.176267 -0.720784 -0.670373 -260.516663 0.713585 -0.375541 0.591410 16.936245 -0.678031 -0.582615 0.448145 29.175379 0.000000 0.000000 0.000000 1.000000
0.214199 -0.732390 -0.646315 -259.620422 0.754271 -0.296401 0.585852 16.362450 -0.620640 -0.612986 0.488932 30.578699 0.000000 0.000000 0.000000 1.000000
0.246034 -0.745180 -0.619817 -258.514893 0.798717 -0.206404 0.565197 15.819128 -0.549107 -0.634117 0.544406 32.172348 0.000000 0.000000 0.000000 1.000000
0.272297 -0.754994 -0.596522 -257.384705 0.845160 -0.108682 0.523348 15.287810 -0.459956 -0.646662 0.608497 33.836533 0.000000 0.000000 0.000000 1.000000
0.295687 -0.760017 -0.578743 -256.159698 0.887315 -0.005929 0.461126 14.769648 -0.353895 -0.649876 0.672621 35.433491 0.000000 0.000000 0.000000 1.000000
0.316338 -0.762111 -0.564904 -255.416367 0.918731 0.097755 0.382594 14.416283 -0.236357 -0.640024 0.731098 36.792919 0.000000 0.000000 0.000000 1.000000
0.330874 -0.765882 -0.551314 -255.342804 0.935842 0.191191 0.296049 14.378615 -0.121332 -0.613897 0.780006 37.935646 0.000000 0.000000 0.000000 1.000000
0.339860 -0.772806 -0.535972 -255.130539 0.940105 0.263140 0.216704 14.668212 -0.026434 -0.577519 0.815949 39.514317 0.000000 0.000000 0.000000 1.000000
0.334182 -0.786064 -0.520024 -255.114471 0.941943 0.297662 0.155375 14.840210 0.032656 -0.541757 0.839901 40.713634 0.000000 0.000000 0.000000 1.000000
0.320810 -0.802328 -0.503339 -255.165451 0.945026 0.306665 0.113498 14.915246 0.063293 -0.512080 0.856602 41.599277 0.000000 0.000000 0.000000 1.000000
0.304006 -0.818775 -0.487020 -255.300766 0.949435 0.302485 0.084117 14.932986 0.078443 -0.487966 0.869331 42.168430 0.000000 0.000000 0.000000 1.000000
0.284563 -0.833159 -0.474205 -255.854660 0.954868 0.290274 0.063002 14.939980 0.085158 -0.470731 0.878158 42.050327 0.000000 0.000000 0.000000 1.000000
0.271579 -0.840505 -0.468825 -256.439178 0.958262 0.281367 0.050667 14.955464 0.089326 -0.463017 0.881837 41.697323 0.000000 0.000000 0.000000 1.000000
0.267599 -0.839869 -0.472240 -256.753967 0.959180 0.278721 0.047829 14.947584 0.091453 -0.465762 0.880171 41.484749 0.000000 0.000000 0.000000 1.000000
0.266576 -0.834634 -0.481999 -256.972351 0.959535 0.276892 0.051214 14.918781 0.090717 -0.476147 0.874674 41.239372 0.000000 0.000000 0.000000 1.000000
0.268404 -0.827308 -0.493478 -257.001038 0.958999 0.277871 0.055754 14.868971 0.090997 -0.488209 0.867970 41.267475 0.000000 0.000000 0.000000 1.000000
0.271569 -0.820595 -0.502866 -256.911621 0.957909 0.280988 0.058786 14.836388 0.093060 -0.497664 0.862363 41.496151 0.000000 0.000000 0.000000 1.000000
0.270173 -0.816792 -0.509761 -257.031525 0.958400 0.278773 0.061274 14.829601 0.092059 -0.505110 0.858131 41.407204 0.000000 0.000000 0.000000 1.000000
0.268635 -0.813167 -0.516329 -257.098480 0.959168 0.275071 0.065825 14.816368 0.088500 -0.512929 0.853857 41.349236 0.000000 0.000000 0.000000 1.000000
0.266942 -0.809232 -0.523341 -257.136200 0.960258 0.269290 0.073403 14.788369 0.081530 -0.522137 0.848956 41.282707 0.000000 0.000000 0.000000 1.000000
0.265396 -0.806224 -0.528742 -257.167572 0.961413 0.262510 0.082297 14.753769 0.072450 -0.530181 0.844783 41.189785 0.000000 0.000000 0.000000 1.000000
0.264169 -0.805531 -0.530410 -257.199646 0.962374 0.256444 0.089847 14.728070 0.063646 -0.534188 0.842966 41.076801 0.000000 0.000000 0.000000 1.000000
0.263157 -0.807105 -0.528516 -257.231873 0.963086 0.251967 0.094754 14.718120 0.056692 -0.533942 0.843619 40.954849 0.000000 0.000000 0.000000 1.000000
0.262196 -0.809838 -0.524801 -257.264618 0.963635 0.248788 0.097529 14.719227 0.051581 -0.531288 0.845620 40.832523 0.000000 0.000000 0.000000 1.000000
0.261413 -0.812590 -0.520922 -257.292908 0.964045 0.246501 0.099267 14.724363 0.047744 -0.528142 0.847813 40.723030 0.000000 0.000000 0.000000 1.000000
0.261203 -0.814500 -0.518038 -257.305664 0.964228 0.245251 0.100575 14.729658 0.045131 -0.525778 0.849424 40.644932 0.000000 0.000000 0.000000 1.000000
0.261696 -0.815182 -0.516715 -257.299957 0.964139 0.245307 0.101295 14.733989 0.044180 -0.524693 0.850144 40.610657 0.000000 0.000000 0.000000 1.000000
0.262616 -0.814933 -0.516640 -257.283478 0.963838 0.246681 0.100826 14.738176 0.045279 -0.524435 0.850245 40.620293 0.000000 0.000000 0.000000 1.000000
0.263560 -0.814357 -0.517067 -257.265594 0.963433 0.249056 0.098830 14.744060 0.048295 -0.524207 0.850220 40.664463 0.000000 0.000000 0.000000 1.000000
0.264198 -0.813805 -0.517610 -257.252869 0.963040 0.251789 0.095683 14.751610 0.052462 -0.523759 0.850250 40.731491 0.000000 0.000000 0.000000 1.000000
0.264269 -0.813340 -0.518304 -257.250275 0.962783 0.254052 0.092230 14.757881 0.056662 -0.523388 0.850208 40.809948 0.000000 0.000000 0.000000 1.000000
0.263621 -0.813007 -0.519157 -257.260986 0.962758 0.255234 0.089176 14.760322 0.060006 -0.523331 0.850014 40.888912 0.000000 0.000000 0.000000 1.000000
0.262347 -0.812876 -0.520007 -257.283112 0.962963 0.255305 0.086729 14.759734 0.062260 -0.523500 0.849748 40.958839 0.000000 0.000000 0.000000 1.000000
0.260797 -0.812917 -0.520722 -257.309540 0.963298 0.254653 0.084908 14.758270 0.063580 -0.523754 0.849494 41.014679 0.000000 0.000000 0.000000 1.000000
0.259379 -0.812976 -0.521337 -257.332581 0.963648 0.253675 0.083859 14.756535 0.064074 -0.524136 0.849221 41.055973 0.000000 0.000000 0.000000 1.000000
0.258352 -0.812910 -0.521950 -257.348358 0.963940 0.252621 0.083681 14.754193 0.063830 -0.524747 0.848862 41.084354 0.000000 0.000000 0.000000 1.000000
0.257798 -0.812710 -0.522536 -257.356445 0.964141 0.251660 0.084257 14.751286 0.063025 -0.525519 0.848444 41.102982 0.000000 0.000000 0.000000 1.000000
0.257699 -0.812481 -0.522940 -257.356354 0.964241 0.250916 0.085325 14.748109 0.061889 -0.526229 0.848088 41.116413 0.000000 0.000000 0.000000 1.000000
0.258000 -0.812278 -0.523107 -257.347687 0.964240 0.250464 0.086652 14.744937 0.060634 -0.526757 0.847851 41.128479 0.000000 0.000000 0.000000 1.000000
0.258574 -0.812071 -0.523144 -257.333099 0.964163 0.250264 0.088074 14.742160 0.059402 -0.527170 0.847681 41.141064 0.000000 0.000000 0.000000 1.000000
0.259180 -0.811890 -0.523125 -257.318481 0.964069 0.250161 0.089394 14.740152 0.058287 -0.527498 0.847555 41.154339 0.000000 0.000000 0.000000 1.000000
0.259602 -0.811825 -0.523018 -257.307648 0.964009 0.250033 0.090389 14.738862 0.057391 -0.527659 0.847515 41.169922 0.000000 0.000000 0.000000 1.000000
0.259754 -0.811907 -0.522815 -257.301544 0.964003 0.249857 0.090938 14.738005 0.056795 -0.527616 0.847582 41.189392 0.000000 0.000000 0.000000 1.000000
0.259660 -0.812069 -0.522609 -257.299469 0.964043 0.249668 0.091035 14.737444 0.056552 -0.527456 0.847698 41.212940 0.000000 0.000000 0.000000 1.000000
0.259369 -0.812203 -0.522546 -257.301483 0.964113 0.249509 0.090726 14.737251 0.056692 -0.527325 0.847770 41.239674 0.000000 0.000000 0.000000 1.000000
0.258944 -0.812210 -0.522745 -257.306793 0.964199 0.249398 0.090119 14.737227 0.057176 -0.527366 0.847712 41.268833 0.000000 0.000000 0.000000 1.000000
0.258488 -0.812063 -0.523200 -257.313507 0.964280 0.249340 0.089403 14.737156 0.057853 -0.527621 0.847507 41.299854 0.000000 0.000000 0.000000 1.000000
0.258105 -0.811831 -0.523748 -257.318573 0.964344 0.249314 0.088785 14.737082 0.058499 -0.527989 0.847234 41.331753 0.000000 0.000000 0.000000 1.000000
0.257834 -0.811616 -0.524215 -257.320679 0.964391 0.249267 0.088406 14.737035 0.058918 -0.528342 0.846985 41.362679 0.000000 0.000000 0.000000 1.000000
0.257668 -0.811451 -0.524552 -257.320068 0.964429 0.249151 0.088320 14.736836 0.059025 -0.528650 0.846785 41.390594 0.000000 0.000000 0.000000 1.000000
0.257595 -0.811313 -0.524801 -257.317535 0.964460 0.248958 0.088525 14.736291 0.058832 -0.528953 0.846609 41.414646 0.000000 0.000000 0.000000 1.000000
0.257599 -0.811195 -0.524981 -257.313782 0.964485 0.248704 0.088960 14.735340 0.058401 -0.529252 0.846452 41.435055 0.000000 0.000000 0.000000 1.000000
0.257662 -0.811121 -0.525066 -257.309692 0.964503 0.248432 0.089526 14.734272 0.057826 -0.529495 0.846340 41.452648 0.000000 0.000000 0.000000 1.000000
0.257759 -0.811108 -0.525038 -257.306091 0.964514 0.248179 0.090111 14.733240 0.057213 -0.529633 0.846295 41.469185 0.000000 0.000000 0.000000 1.000000</float_array><technique_common><accessor source="#Mutant_Hips-Matrix-animation-output-transform-array" count="149" stride="16"><param type="float4x4"/></accessor></technique_common></source><source id="Mutant_Hips-Interpolations"><Name_array id="Mutant_Hips-Interpolations-array" count="149">
 LINEAR LINEAR LINEAR LINEAR LINEAR LINEAR LINEAR LINEAR LINEAR LINEAR LINEAR
LINEAR LINEAR LINEAR LINEAR LINEAR LINEAR LINEAR LINEAR LINEAR LINEAR LINEAR LINEAR
LINEAR LINEAR LINEAR LINEAR LINEAR LINEAR LINEAR LINEAR LINEAR LINEAR LINEAR LINEAR
LINEAR LINEAR LINEAR LINEAR LINEAR LINEAR LINEAR LINEAR LINEAR LINEAR LINEAR LINEAR
LINEAR LINEAR LINEAR LINEAR LINEAR LINEAR LINEAR LINEAR LINEAR LINEAR LINEAR LINEAR
LINEAR LINEAR LINEAR LINEAR LINEAR LINEAR LINEAR LINEAR LINEAR LINEAR LINEAR LINEAR
LINEAR LINEAR LINEAR LINEAR LINEAR LINEAR LINEAR LINEAR LINEAR LINEAR LINEAR LINEAR
LINEAR LINEAR LINEAR LINEAR LINEAR LINEAR LINEAR LINEAR LINEAR LINEAR LINEAR LINEAR
LINEAR LINEAR LINEAR LINEAR LINEAR LINEAR LINEAR LINEAR LINEAR LINEAR LINEAR LINEAR
LINEAR LINEAR LINEAR LINEAR LINEAR LINEAR LINEAR LINEAR LINEAR LINEAR LINEAR LINEAR
LINEAR LINEAR LINEAR LINEAR LINEAR LINEAR LINEAR LINEAR LINEAR LINEAR LINEAR LINEAR
LINEAR LINEAR LINEAR LINEAR LINEAR LINEAR LINEAR LINEAR LINEAR LINEAR LINEAR LINEAR
LINEAR LINEAR LINEAR LINEAR LINEAR LINEAR</Name_array><technique_common><accessor source="#Mutant_Hips-Interpolations-array" count="149"><param type="name"/></accessor></technique_common></source><sampler id="Mutant_Hips-Matrix-animation-transform"><input semantic="INPUT" source="#Mutant_Hips-Matrix-animation-input"/><input semantic="OUTPUT" source="#Mutant_Hips-Matrix-animation-output-transform"/><input semantic="INTERPOLATION" source="#Mutant_Hips-Interpolations"/></sampler><channel source="#Mutant_Hips-Matrix-animation-transform" target="Mutant_Hips/matrix"/></animation>
    <animation id="Mutant_Spine-anim" name="Mutant_Spine"><source id="Mutant_Spine-Matrix-animation-input"><float_array id="Mutant_Spine-Matrix-animation-input-array" count="149">

0.000000 0.033333 0.066667 0.100000 0.133333 0.166667 0.200000 0.233333 0.266667 0.300000 0.333333 0.366667 0.400000 0.433333 0.466667 0.500000
0.533333 0.566667 0.600000 0.633333 0.666667 0.700000 0.733333 0.766667 0.800000 0.833333 0.866667 0.900000 0.933333 0.966667 1.000000 1.033333
1.066667 1.100000 1.133333 1.166667 1.200000 1.233333 1.266667 1.300000 1.333333 1.366667 1.400000 1.433333 1.466667 1.500000 1.533333 1.566667
1.600000 1.633333 1.666667 1.700000 1.733333 1.766667 1.800000 1.833333 1.866667 1.900000 1.933333 1.966667 2.000000 2.033333 2.066667 2.100000
2.133333 2.166667 2.200000 2.233333 2.266667 2.300000 2.333333 2.366667 2.400000 2.433333 2.466667 2.500000 2.533333 2.566667 2.600000 2.633333
2.666667 2.700000 2.733333 2.766667 2.800000 2.833333 2.866667 2.900000 2.933333 2.966667 3.000000 3.033333 3.066667 3.100000 3.133333 3.166667
3.200000 3.233333 3.266667 3.300000 3.333333 3.366667 3.400000 3.433333 3.466667 3.500000 3.533333 3.566667 3.600000 3.633333 3.666667 3.700000
3.733333 3.766667 3.800000 3.833333 3.866667 3.900000 3.933333 3.966667 4.000000 4.033333 4.066667 4.100000 4.133333 4.166667 4.200000 4.233333
4.266667 4.300000 4.333333 4.366667 4.400000 4.433333 4.466667 4.500000 4.533333 4.566667 4.600000 4.633333 4.666667 4.700000 4.733333 4.766667
4.800000 4.833333 4.866667 4.900000 4.933333</float_array><technique_common><accessor source="#Mutant_Spine-Matrix-animation-input-array" count="149"><param name="TIME" type="float"/></accessor></technique_common></source><source id="Mutant_Spine-Matrix-animation-output-transform"><float_array id="Mutant_Spine-Matrix-animation-output-transform-array" count="2384">

0.999784 0.020773 0.000284 0.000000 -0.015578 0.758650 -0.651312 10.763900 -0.013745 0.651167 0.758810 1.243500 0.000000 0.000000 0.000000 1.000000
0.999737 0.022702 0.003093 0.000000 -0.015182 0.757476 -0.652686 10.763900 -0.017160 0.652468 0.757622 1.243500 0.000000 0.000000 0.000000 1.000000
0.999669 0.024989 0.006175 -0.000000 -0.014885 0.756914 -0.653344 10.763900 -0.021000 0.653036 0.757036 1.243500 0.000000 0.000000 0.000000 1.000000
0.999539 0.028357 0.010835 0.000000 -0.014398 0.757068 -0.653177 10.763900 -0.026725 0.652720 0.757127 1.243500 0.000000 0.000000 0.000000 1.000000
0.999330 0.032548 0.016765 0.000000 -0.013634 0.755800 -0.654660 10.763900 -0.033979 0.653993 0.755737 1.243500 0.000000 0.000000 0.000000 1.000000
0.999108 0.036775 0.020775 0.000000 -0.013915 0.750989 -0.660168 10.763900 -0.039879 0.659290 0.750831 1.243500 0.000000 0.000000 0.000000 1.000000
0.998891 0.042079 0.021139 0.000000 -0.017386 0.746731 -0.664899 10.763900 -0.043764 0.663794 0.746634 1.243500 0.000000 0.000000 0.000000 1.000000
0.998270 0.053888 0.023510 0.000000 -0.024954 0.750418 -0.660493 10.763900 -0.053235 0.658763 0.750464 1.243500 0.000000 0.000000 0.000000 1.000000
0.996347 0.076200 0.038544 -0.000000 -0.033029 0.760119 -0.648943 10.763900 -0.078747 0.645300 0.759860 1.243500 0.000000 0.000000 0.000000 1.000000
0.992419 0.101329 0.069551 -0.000000 -0.033437 0.767166 -0.640576 10.763900 -0.118265 0.633394 0.764738 1.243500 0.000000 0.000000 0.000000 1.000000
0.987704 0.114463 0.106482 0.000000 -0.021809 0.775345 -0.631161 10.763900 -0.154805 0.621079 0.768308 1.243500 0.000000 0.000000 0.000000 1.000000
0.985478 0.105641 0.132943 0.000000 -0.005506 0.802384 -0.596782 10.763900 -0.169716 0.587384 0.791313 1.243500 0.000000 0.000000 0.000000 1.000000
0.987469 0.078888 0.136683 0.000000 0.004014 0.853261 -0.521469 10.763900 -0.157764 0.515482 0.842252 1.243500 0.000000 0.000000 0.000000 1.000000
0.992376 0.047679 0.113648 -0.000000 0.004937 0.906015 -0.423217 10.763900 -0.123146 0.420552 0.898872 1.243500 0.000000 0.000000 0.000000 1.000000
0.997173 0.021879 0.071887 0.000000 0.004016 0.939788 -0.341735 10.763900 -0.075035 0.341057 0.937043 1.243500 0.000000 0.000000 0.000000 1.000000
0.999528 0.004879 0.030332 -0.000000 0.004459 0.953813 -0.300368 10.763900 -0.030397 0.300361 0.953341 1.243500 0.000000 0.000000 0.000000 1.000000
0.999999 0.001077 0.000901 0.000000 -0.000762 0.955217 -0.295904 10.763900 -0.001180 0.295903 0.955217 1.243500 0.000000 0.000000 0.000000 1.000000
0.999836 0.011113 -0.014321 -0.000000 -0.015040 0.949568 -0.313201 10.763900 0.010118 0.313365 0.949579 1.243500 0.000000 0.000000 0.000000 1.000000
0.999519 0.027306 -0.014678 -0.000000 -0.030647 0.941637 -0.335232 10.763900 0.004668 0.335521 0.942021 1.243500 0.000000 0.000000 0.000000 1.000000
0.999139 0.041493 -0.000770 -0.000000 -0.039122 0.935541 -0.351045 10.763900 -0.013845 0.350773 0.936358 1.243500 0.000000 0.000000 0.000000 1.000000
0.998423 0.050794 0.023891 0.000000 -0.038787 0.931956 -0.360491 10.763900 -0.040576 0.358996 0.932457 1.243500 0.000000 0.000000 0.000000 1.000000
0.996896 0.056717 0.054602 0.000000 -0.032757 0.929477 -0.367424 10.763900 -0.071591 0.364495 0.928449 1.243500 0.000000 0.000000 0.000000 1.000000
0.994219 0.061653 0.087909 -0.000000 -0.024884 0.928731 -0.369919 10.763900 -0.104450 0.365593 0.924895 1.243500 0.000000 0.000000 0.000000 1.000000
0.990197 0.066436 0.122863 0.000000 -0.017243 0.931051 -0.364482 10.763900 -0.138606 0.358790 0.923070 1.243500 0.000000 0.000000 0.000000 1.000000
0.984758 0.069242 0.159552 -0.000000 -0.008142 0.934686 -0.355381 10.763900 -0.173738 0.348665 0.921004 1.243500 0.000000 0.000000 0.000000 1.000000
0.977519 0.068270 0.199489 0.000000 0.005573 0.937432 -0.348124 10.763900 -0.210774 0.341410 0.915977 1.243500 0.000000 0.000000 0.000000 1.000000
0.966871 0.064651 0.246944 0.000000 0.023967 0.940131 -0.339969 10.763900 -0.254139 0.334625 0.907436 1.243500 0.000000 0.000000 0.000000 1.000000
0.950160 0.062269 0.305481 0.000000 0.042602 0.944727 -0.325079 10.763900 -0.308838 0.321891 0.894989 1.243500 0.000000 0.000000 0.000000 1.000000
0.926582 0.063560 0.370684 0.000000 0.055865 0.951421 -0.302781 10.763900 -0.371921 0.301260 0.878019 1.243500 0.000000 0.000000 0.000000 1.000000
0.901046 0.066384 0.428614 0.000000 0.061590 0.958620 -0.277948 10.763900 -0.429329 0.276842 0.859671 1.243500 0.000000 0.000000 0.000000 1.000000
0.880550 0.068317 0.469004 -0.000000 0.061958 0.964473 -0.256814 10.763900 -0.469886 0.255196 0.845034 1.243500 0.000000 0.000000 0.000000 1.000000
0.866809 0.069688 0.493747 0.000000 0.057111 0.969795 -0.237140 10.763900 -0.495359 0.233753 0.836647 1.243500 0.000000 0.000000 0.000000 1.000000
0.858192 0.078368 0.507312 0.000000 0.038155 0.975806 -0.215285 10.763900 -0.511909 0.204112 0.834438 1.243500 0.000000 0.000000 0.000000 1.000000
0.855963 0.106205 0.506012 0.000000 -0.002605 0.979549 -0.201188 10.763900 -0.517031 0.170891 0.838734 1.243500 0.000000 0.000000 0.000000 1.000000
0.861340 0.150552 0.485209 -0.000000 -0.054769 0.977033 -0.205931 10.763900 -0.505069 0.150802 0.849803 1.243500 0.000000 0.000000 0.000000 1.000000
0.872520 0.191379 0.449536 -0.000000 -0.096902 0.969598 -0.224701 10.763900 -0.478872 0.152495 0.864539 1.243500 0.000000 0.000000 0.000000 1.000000
0.888845 0.209006 0.407762 0.000000 -0.117180 0.964001 -0.238686 10.763900 -0.442970 0.164373 0.881339 1.243500 0.000000 0.000000 0.000000 1.000000
0.908966 0.201246 0.365077 0.000000 -0.119780 0.964909 -0.233672 10.763900 -0.399292 0.168670 0.901175 1.243500 0.000000 0.000000 0.000000 1.000000
0.930946 0.181635 0.316778 0.000000 -0.114902 0.969156 -0.218023 10.763900 -0.346607 0.166569 0.923102 1.243500 0.000000 0.000000 0.000000 1.000000
0.953284 0.156343 0.258471 -0.000000 -0.100600 0.971114 -0.216374 10.763900 -0.284833 0.180264 0.941475 1.243500 0.000000 0.000000 0.000000 1.000000
0.973650 0.125663 0.190301 -0.000000 -0.077381 0.967022 -0.242652 10.763900 -0.214518 0.221532 0.951265 1.243500 0.000000 0.000000 0.000000 1.000000
0.988565 0.093293 0.118475 0.000000 -0.056693 0.957948 -0.281284 10.763900 -0.139735 0.271351 0.952283 1.243500 0.000000 0.000000 0.000000 1.000000
0.996451 0.063871 0.054826 0.000000 -0.044075 0.950809 -0.306626 10.763900 -0.071714 0.303121 0.950250 1.243500 0.000000 0.000000 0.000000 1.000000
0.999226 0.038431 0.008369 0.000000 -0.033956 0.950281 -0.309537 10.763900 -0.019849 0.309014 0.950850 1.243500 0.000000 0.000000 0.000000 1.000000
0.999479 0.021117 -0.024418 -0.000000 -0.027464 0.953738 -0.299382 10.763900 0.016966 0.299896 0.953821 1.243500 0.000000 0.000000 0.000000 1.000000
0.998500 0.016827 -0.052097 0.000000 -0.031213 0.956757 -0.289209 10.763900 0.044977 0.290401 0.955847 1.243500 0.000000 0.000000 0.000000 1.000000
0.996708 0.022102 -0.078010 0.000000 -0.043629 0.957161 -0.286250 10.763900 0.068341 0.288711 0.954974 1.243500 0.000000 0.000000 0.000000 1.000000
0.994665 0.024390 -0.100232 -0.000000 -0.053130 0.953987 -0.295105 10.763900 0.088422 0.298856 0.950193 1.243500 0.000000 0.000000 0.000000 1.000000
0.992984 0.021195 -0.116332 0.000000 -0.057372 0.946606 -0.317247 10.763900 0.103397 0.321695 0.941181 1.243500 0.000000 0.000000 0.000000 1.000000
0.991973 0.024812 -0.123991 -0.000000 -0.066504 0.936361 -0.344681 10.763900 0.107548 0.350160 0.930495 1.243500 0.000000 0.000000 0.000000 1.000000
0.992309 0.041522 -0.116611 0.000000 -0.081652 0.927603 -0.364535 10.763900 0.093032 0.371253 0.923859 1.243500 0.000000 0.000000 0.000000 1.000000
0.994040 0.064642 -0.087782 0.000000 -0.092885 0.923737 -0.371594 10.763900 0.057067 0.377533 0.924236 1.243500 0.000000 0.000000 0.000000 1.000000
0.995514 0.085196 -0.041154 0.000000 -0.094375 0.925074 -0.367874 10.763900 0.006729 0.370108 0.928965 1.243500 0.000000 0.000000 0.000000 1.000000
0.994808 0.101271 0.010017 0.000000 -0.090995 0.929280 -0.357994 10.763900 -0.045563 0.355224 0.933670 1.243500 0.000000 0.000000 0.000000 1.000000
0.991561 0.117711 0.054326 0.000000 -0.091836 0.933530 -0.346538 10.763900 -0.091506 0.338624 0.936462 1.243500 0.000000 0.000000 0.000000 1.000000
0.985486 0.142177 0.092752 -0.000000 -0.103700 0.936791 -0.334169 10.763900 -0.134400 0.319700 0.937938 1.243500 0.000000 0.000000 0.000000 1.000000
0.975601 0.174729 0.132937 0.000000 -0.125026 0.939877 -0.317804 10.763900 -0.180474 0.293430 0.938791 1.243500 0.000000 0.000000 0.000000 1.000000
0.965619 0.199831 0.166272 0.000000 -0.144122 0.943830 -0.297344 10.763900 -0.216352 0.263158 0.940181 1.243500 0.000000 0.000000 0.000000 1.000000
0.963118 0.215976 0.160491 0.000000 -0.163866 0.943867 -0.286814 10.763900 -0.213427 0.249937 0.944447 1.243500 0.000000 0.000000 0.000000 1.000000
0.971705 0.212546 0.103025 0.000000 -0.173098 0.937573 -0.301653 10.763900 -0.160709 0.275284 0.947835 1.243500 0.000000 0.000000 0.000000 1.000000
0.981037 0.193460 0.011783 0.000000 -0.177860 0.922753 -0.341895 10.763900 -0.077015 0.333316 0.939664 1.243500 0.000000 0.000000 0.000000 1.000000
0.981802 0.170464 -0.083713 -0.000000 -0.189605 0.904813 -0.381266 10.763900 0.010752 0.390200 0.920667 1.243500 0.000000 0.000000 0.000000 1.000000
0.977699 0.141561 -0.155131 -0.000000 -0.192833 0.897726 -0.396111 10.763900 0.083191 0.417192 0.905003 1.243500 0.000000 0.000000 0.000000 1.000000
0.974569 0.118519 -0.190179 0.000000 -0.186275 0.900238 -0.393539 10.763900 0.124564 0.418956 0.899422 1.243500 0.000000 0.000000 0.000000 1.000000
0.973674 0.112202 -0.198417 0.000000 -0.183847 0.901154 -0.392583 10.763900 0.134756 0.418726 0.898059 1.243500 0.000000 0.000000 0.000000 1.000000
0.970628 0.121295 -0.207773 0.000000 -0.196820 0.896993 -0.395809 10.763900 0.138361 0.425077 0.894520 1.243500 0.000000 0.000000 0.000000 1.000000
0.959546 0.138061 -0.245379 0.000000 -0.230529 0.885601 -0.403196 10.763900 0.161642 0.443452 0.881602 1.243500 0.000000 0.000000 0.000000 1.000000
0.940092 0.154784 -0.303758 0.000000 -0.280750 0.856955 -0.432213 10.763900 0.193407 0.491600 0.849072 1.243500 0.000000 0.000000 0.000000 1.000000
0.923941 0.165300 -0.344977 0.000000 -0.326782 0.809879 -0.487144 10.763900 0.198865 0.562825 0.802297 1.243500 0.000000 0.000000 0.000000 1.000000
0.917889 0.161069 -0.362679 0.000000 -0.354536 0.743424 -0.567120 10.763900 0.178279 0.649136 0.739486 1.243500 0.000000 0.000000 0.000000 1.000000
0.915353 0.138828 -0.377962 -0.000000 -0.370615 0.657413 -0.656089 10.763900 0.157393 0.740631 0.653217 1.243500 0.000000 0.000000 0.000000 1.000000
0.914250 0.090243 -0.394971 0.000000 -0.371292 0.576762 -0.727660 10.763900 0.162138 0.811913 0.560811 1.243500 0.000000 0.000000 0.000000 1.000000
0.914659 0.049953 -0.401127 0.000000 -0.365762 0.524749 -0.768672 10.763900 0.172094 0.849790 0.498238 1.243500 0.000000 0.000000 0.000000 1.000000
0.921022 0.052101 -0.386009 0.000000 -0.354133 0.524675 -0.774148 10.763900 0.162195 0.849707 0.501689 1.243500 0.000000 0.000000 0.000000 1.000000
0.930729 0.086705 -0.355282 -0.000000 -0.340556 0.559551 -0.755595 10.763900 0.133284 0.824248 0.550319 1.243500 0.000000 0.000000 0.000000 1.000000
0.942734 0.113926 -0.313485 0.000000 -0.317989 0.590664 -0.741619 10.763900 0.100675 0.798835 0.593066 1.243500 0.000000 0.000000 0.000000 1.000000
