<?xml version="1.0" encoding="utf-8"?>
<COLLADA xmlns="http://www.collada.org/2005/11/COLLADASchema" version="1.4.1">
  <asset><contributor><author>Mixamo</author><authoring_tool>COLLADA Mixamo exporter</authoring_tool><comments></comments></contributor><created>2018-04-27T17:50:50Z</created><modified>2018-04-27T17:50:50Z</modified><revision></revision><title></title><unit meter="0.010000"/><up_axis>Y_UP</up_axis></asset>
  <library_animations>
    <animation id="Mutant_Hips-anim" name="Mutant_Hips"><source id="Mutant_Hips-Matrix-animation-input"><float_array id="Mutant_Hips-Matrix-animation-input-array" count="25">

0.000000 0.033333 0.066667 0.100000 0.133333 0.166667 0.200000 0.233333 0.266667 0.300000 0.333333 0.366667 0.400000 0.433333 0.466667 0.500000
0.533333 0.566667 0.600000 0.633333 0.666667 0.700000 0.733333 0.766667 0.800000</float_array><technique_common><accessor source="#Mutant_Hips-Matrix-animation-input-array" count="25"><param name="TIME" type="float"/></accessor></technique_common></source><source id="Mutant_Hips-Matrix-animation-output-transform"><float_array id="Mutant_Hips-Matrix-animation-output-transform-array" count="400">

0.998703 -0.037376 -0.034561 0.084535 0.038962 0.998162 0.046407 76.099770 0.032763 -0.047694 0.998325 -0.425063 0.000000 0.000000 0.000000 1.000000
0.995273 -0.059726 -0.076579 -0.151895 0.061770 0.997787 0.024595 76.919830 0.074940 -0.029209 0.996760 8.757154 0.000000 0.000000 0.000000 1.000000
0.990728 -0.079734 -0.110004 -0.100099 0.079608 0.996811 -0.005540 77.811676 0.110095 -0.003269 0.993916 18.112125 0.000000 0.000000 0.000000 1.000000
0.987336 -0.090338 -0.130410 0.195151 0.085378 0.995414 -0.043147 78.641975 0.133710 0.031467 0.990521 27.894413 0.000000 0.000000 0.000000 1.000000
0.986163 -0.091505 -0.138234 0.710577 0.079671 0.992853 -0.088856 79.218765 0.145377 0.076613 0.986406 38.227131 0.000000 0.000000 0.000000 1.000000
0.986095 -0.088452 -0.140686 1.411722 0.072212 0.990547 -0.116631 79.312088 0.149672 0.104850 0.983161 48.933414 0.000000 0.000000 0.000000 1.000000
0.985642 -0.084709 -0.146065 2.190271 0.066816 0.990113 -0.123336 78.920319 0.155068 0.111806 0.981557 59.498196 0.000000 0.000000 0.000000 1.000000
0.984286 -0.081707 -0.156538 3.043631 0.064757 0.991766 -0.110481 78.016708 0.164276 0.098608 0.981473 69.683540 0.000000 0.000000 0.000000 1.000000
0.983628 -0.077794 -0.162552 4.083059 0.064383 0.994195 -0.086210 77.083008 0.168315 0.074333 0.982927 79.480141 0.000000 0.000000 0.000000 1.000000
0.986083 -0.075456 -0.148144 5.099060 0.066440 0.995677 -0.064901 76.362526 0.152400 0.054156 0.986834 88.907349 0.000000 0.000000 0.000000 1.000000
0.992102 -0.074229 -0.101115 5.959436 0.068205 0.995756 -0.061788 75.668320 0.105273 0.054404 0.992954 97.630859 0.000000 0.000000 0.000000 1.000000
0.997324 -0.069074 -0.023962 6.695274 0.067944 0.996669 -0.045106 75.215286 0.026998 0.043358 0.998695 106.238571 0.000000 0.000000 0.000000 1.000000
0.996651 -0.057369 0.058276 7.130124 0.059180 0.997801 -0.029844 75.365486 -0.056435 0.033193 0.997854 114.578163 0.000000 0.000000 0.000000 1.000000
0.991977 -0.041903 0.119274 7.449108 0.043625 0.998978 -0.011864 75.915939 -0.118655 0.016972 0.992790 123.196220 0.000000 0.000000 0.000000 1.000000
0.988601 -0.027835 0.147961 7.518335 0.027745 0.999611 0.002673 76.695778 -0.147978 0.001462 0.988990 132.063904 0.000000 0.000000 0.000000 1.000000
0.989551 -0.017031 0.143173 7.316375 0.015299 0.999796 0.013186 77.662537 -0.143369 -0.010858 0.989610 141.412155 0.000000 0.000000 0.000000 1.000000
0.991119 -0.012359 0.132405 6.844084 0.009167 0.999653 0.024690 78.335129 -0.132664 -0.023257 0.990888 151.374512 0.000000 0.000000 0.000000 1.000000
0.991883 -0.012056 0.126578 6.063159 0.007513 0.999313 0.036304 78.471619 -0.126929 -0.035058 0.991292 161.818008 0.000000 0.000000 0.000000 1.000000
0.991996 -0.011974 0.125703 5.132785 0.007034 0.999188 0.039673 77.987625 -0.126076 -0.038471 0.991274 172.308136 0.000000 0.000000 0.000000 1.000000
0.992601 -0.010210 0.120996 4.070392 0.003903 0.998626 0.052249 76.894989 -0.121363 -0.051390 0.991277 182.590927 0.000000 0.000000 0.000000 1.000000
0.994335 -0.008500 0.105954 2.853619 0.001951 0.998090 0.061753 75.970322 -0.106277 -0.061196 0.992452 192.488846 0.000000 0.000000 0.000000 1.000000
0.996658 -0.005555 0.081495 1.697650 0.000492 0.998075 0.062024 75.333939 -0.081683 -0.061777 0.994742 202.073807 0.000000 0.000000 0.000000 1.000000
0.998772 -0.007079 0.049033 0.892876 0.004028 0.998066 0.062034 75.246933 -0.049378 -0.061760 0.996869 211.176407 0.000000 0.000000 0.000000 1.000000
0.999809 -0.017072 0.009489 0.337921 0.016476 0.998082 0.059670 75.519684 -0.010490 -0.059502 0.998173 220.137009 0.000000 0.000000 0.000000 1.000000
0.998741 -0.036372 -0.034541 0.081016 0.037978 0.998170 0.047055 76.100677 0.032767 -0.048308 0.998295 229.084122 0.000000 0.000000 0.000000 1.000000</float_array><technique_common><accessor source="#Mutant_Hips-Matrix-animation-output-transform-array" count="25" stride="16"><param type="float4x4"/></accessor></technique_common></source><source id="Mutant_Hips-Interpolations"><Name_array id="Mutant_Hips-Interpolations-array" count="25">
 LINEAR LINEAR LINEAR LINEAR LINEAR LINEAR LINEAR LINEAR LINEAR LINEAR LINEAR
LINEAR LINEAR LINEAR LINEAR LINEAR LINEAR LINEAR LINEAR LINEAR LINEAR LINEAR LINEAR
LINEAR LINEAR</Name_array><technique_common><accessor source="#Mutant_Hips-Interpolations-array" count="25"><param type="name"/></accessor></technique_common></source><sampler id="Mutant_Hips-Matrix-animation-transform"><input semantic="INPUT" source="#Mutant_Hips-Matrix-animation-input"/><input semantic="OUTPUT" source="#Mutant_Hips-Matrix-animation-output-transform"/><input semantic="INTERPOLATION" source="#Mutant_Hips-Interpolations"/></sampler><channel source="#Mutant_Hips-Matrix-animation-transform" target="Mutant_Hips/matrix"/></animation>
    <animation id="Mutant_Spine-anim" name="Mutant_Spine"><source id="Mutant_Spine-Matrix-animation-input"><float_array id="Mutant_Spine-Matrix-animation-input-array" count="25">

0.000000 0.033333 0.066667 0.100000 0.133333 0.166667 0.200000 0.233333 0.266667 0.300000 0.333333 0.366667 0.400000 0.433333 0.466667 0.500000
0.533333 0.566667 0.600000 0.633333 0.666667 0.700000 0.733333 0.766667 0.800000</float_array><technique_common><accessor source="#Mutant_Spine-Matrix-animation-input-array" count="25"><param name="TIME" type="float"/></accessor></technique_common></source><source id="Mutant_Spine-Matrix-animation-output-transform"><float_array id="Mutant_Spine-Matrix-animation-output-transform-array" count="400">

0.989209 -0.143127 0.031299 0.000000 0.128828 0.748007 -0.651068 10.763900 0.069774 0.648074 0.758374 1.243500 0.000000 0.000000 0.000000 1.000000
0.992762 -0.095981 0.072194 0.000000 0.119963 0.763554 -0.634504 10.763900 0.005776 0.638572 0.769541 1.243500 0.000000 0.000000 0.000000 1.000000
0.992989 -0.045404 0.109135 0.000000 0.102537 0.790206 -0.604202 10.763900 -0.058806 0.611157 0.789322 1.243500 0.000000 0.000000 0.000000 1.000000
0.989859 0.003047 0.142024 0.000000 0.077798 0.824882 -0.559927 10.763900 -0.118859 0.565297 0.816279 1.243500 0.000000 0.000000 0.000000 1.000000
0.983754 0.049593 0.172535 0.000000 0.044285 0.864345 -0.500946 10.763900 -0.173973 0.500448 0.848107 1.243500 0.000000 0.000000 0.000000 1.000000
0.974838 0.100735 0.198856 0.000000 0.000222 0.891631 -0.452763 10.763900 -0.222915 0.441415 0.869173 1.243500 0.000000 0.000000 0.000000 1.000000
0.963522 0.156046 0.217427 0.000000 -0.050506 0.903846 -0.424866 10.763900 -0.262819 0.398386 0.878757 1.243500 0.000000 0.000000 0.000000 1.000000
0.951518 0.209029 0.225657 0.000000 -0.097240 0.900411 -0.424033 10.763900 -0.291819 0.381532 0.877083 1.243500 0.000000 0.000000 0.000000 1.000000
0.942388 0.249879 0.222407 0.000000 -0.128193 0.883856 -0.449850 10.763900 -0.308984 0.395422 0.864968 1.243500 0.000000 0.000000 0.000000 1.000000
0.941095 0.271613 0.201412 0.000000 -0.143099 0.859580 -0.490555 10.763900 -0.306371 0.432837 0.847814 1.243500 0.000000 0.000000 0.000000 1.000000
0.951058 0.264965 0.159008 -0.000000 -0.146111 0.838995 -0.524155 10.763900 -0.272289 0.475269 0.836647 1.243500 0.000000 0.000000 0.000000 1.000000
0.969921 0.222329 0.099109 0.000000 -0.129287 0.815497 -0.564135 10.763900 -0.206247 0.534353 0.819713 1.243500 0.000000 0.000000 0.000000 1.000000
0.987719 0.150785 0.040925 -0.000000 -0.097638 0.800188 -0.591748 10.763900 -0.121975 0.580484 0.805084 1.243500 0.000000 0.000000 0.000000 1.000000
0.997288 0.073312 -0.006459 -0.000000 -0.061824 0.786930 -0.613938 10.763900 -0.039927 0.612672 0.789328 1.243500 0.000000 0.000000 0.000000 1.000000
0.998990 0.008222 -0.044177 0.000000 -0.034113 0.778681 -0.626492 10.763900 0.029249 0.627366 0.778175 1.243500 0.000000 0.000000 0.000000 1.000000
0.996212 -0.039189 -0.077623 0.000000 -0.017870 0.781363 -0.623821 10.763900 0.085099 0.622845 0.777703 1.243500 0.000000 0.000000 0.000000 1.000000
0.990100 -0.084428 -0.112137 0.000000 -0.001252 0.793543 -0.608512 10.763900 0.140361 0.602628 0.785581 1.243500 0.000000 0.000000 0.000000 1.000000
0.981549 -0.129143 -0.141011 0.000000 0.022032 0.808932 -0.587490 10.763900 0.189939 0.573543 0.796851 1.243500 0.000000 0.000000 0.000000 1.000000
0.972954 -0.168792 -0.157699 0.000000 0.051266 0.823445 -0.565075 10.763900 0.225237 0.541708 0.809828 1.243500 0.000000 0.000000 0.000000 1.000000
0.967456 -0.198708 -0.156665 0.000000 0.077208 0.821419 -0.565076 10.763900 0.240972 0.534590 0.810028 1.243500 0.000000 0.000000 0.000000 1.000000
0.967344 -0.212124 -0.138743 0.000000 0.093957 0.808473 -0.580985 10.763900 0.235411 0.548976 0.802002 1.243500 0.000000 0.000000 0.000000 1.000000
0.971482 -0.212064 -0.106076 0.000000 0.106566 0.790119 -0.603619 10.763900 0.211818 0.575101 0.790185 1.243500 0.000000 0.000000 0.000000 1.000000
0.977730 -0.200357 -0.062466 0.000000 0.117018 0.767534 -0.630237 10.763900 0.174217 0.608891 0.773886 1.243500 0.000000 0.000000 0.000000 1.000000
0.984122 -0.176927 -0.014180 0.000000 0.125403 0.749616 -0.649884 10.763900 0.125612 0.637787 0.759901 1.243500 0.000000 0.000000 0.000000 1.000000
0.989217 -0.143083 0.031262 0.000000 0.128770 0.748015 -0.651069 10.763900 0.069773 0.648074 0.758374 1.243500 0.000000 0.000000 0.000000 1.000000</float_array><technique_common><accessor source="#Mutant_Spine-Matrix-animation-output-transform-array" count="25" stride="16"><param type="float4x4"/></accessor></technique_common></source><source id="Mutant_Spine-Interpolations"><Name_array id="Mutant_Spine-Interpolations-array" count="25">
 LINEAR LINEAR LINEAR LINEAR LINEAR LINEAR LINEAR LINEAR LINEAR LINEAR LINEAR
LINEAR LINEAR LINEAR LINEAR LINEAR LINEAR LINEAR LINEAR LINEAR LINEAR LINEAR LINEAR
LINEAR LINEAR</Name_array><technique_common><accessor source="#Mutant_Spine-Interpolations-array" count="25"><param type="name"/></accessor></technique_common></source><sampler id="Mutant_Spine-Matrix-animation-transform"><input semantic="INPUT" source="#Mutant_Spine-Matrix-animation-input"/><input semantic="OUTPUT" source="#Mutant_Spine-Matrix-animation-output-transform"/><input semantic="INTERPOLATION" source="#Mutant_Spine-Interpolations"/></sampler><channel source="#Mutant_Spine-Matrix-animation-transform" target="Mutant_Spine/matrix"/></animation>
    <animation id="Mutant_Spine1-anim" name="Mutant_Spine1"><source id="Mutant_Spine1-Matrix-animation-input"><float_array id="Mutant_Spine1-Matrix-animation-input-array" count="25">

0.000000 0.033333 0.066667 0.100000 0.133333 0.166667 0.200000 0.233333 0.266667 0.300000 0.333333 0.366667 0.400000 0.433333 0.466667 0.500000
0.533333 0.566667 0.600000 0.633333 0.666667 0.700000 0.733333 0.766667 0.800000</float_array><technique_common><accessor source="#Mutant_Spine1-Matrix-animation-input-array" count="25"><param name="TIME" type="float"/></accessor></technique_common></source><source id="Mutant_Spine1-Matrix-animation-output-transform"><float_array id="Mutant_Spine1-Matrix-animation-output-transform-array" count="400">

0.999098 -0.037454 -0.020009 -0.018900 0.034595 0.991179 -0.127936 13.061300 0.024624 0.127129 0.991581 0.227500 0.000000 0.000000 0.000000 1.000000
0.999644 -0.026048 -0.005750 -0.018900 0.025197 0.992819 -0.116941 13.061300 0.008755 0.116754 0.993122 0.227500 0.000000 0.000000 0.000000 1.000000
0.999900 -0.011867 0.007701 -0.018900 0.012615 0.994321 -0.105673 13.061300 -0.006404 0.105760 0.994371 0.227500 0.000000 0.000000 0.000000 1.000000
0.999786 0.003902 0.020328 -0.018900 -0.001957 0.995491 -0.094838 13.061300 -0.020606 0.094777 0.995285 0.227500 0.000000 0.000000 0.000000 1.000000
0.999298 0.018802 0.032402 -0.018900 -0.015954 0.996166 -0.086012 13.061300 -0.033895 0.085435 0.995767 0.227500 0.000000 0.000000 0.000000 1.000000
0.998577 0.030892 0.043466 -0.018900 -0.027231 0.996225 -0.082427 13.061300 -0.045849 0.081126 0.995649 0.227500 0.000000 0.000000 0.000000 1.000000
0.997880 0.039098 0.052035 -0.018900 -0.034495 0.995645 -0.086608 13.061300 -0.055195 0.084629 0.994883 0.227500 0.000000 0.000000 0.000000 1.000000
0.997445 0.043281 0.056831 -0.018900 -0.037599 0.994524 -0.097506 13.061300 -0.060740 0.095120 0.993611 0.227500 0.000000 0.000000 0.000000 1.000000
0.997471 0.042826 0.056727 -0.018900 -0.036267 0.993047 -0.111992 13.061300 -0.061129 0.109652 0.992089 0.227500 0.000000 0.000000 0.000000 1.000000
0.998051 0.036844 0.050368 -0.018900 -0.030221 0.991511 -0.126463 13.061300 -0.054600 0.124694 0.990692 0.227500 0.000000 0.000000 0.000000 1.000000
0.998983 0.025385 0.037273 -0.018900 -0.019970 0.990081 -0.139075 13.061300 -0.040434 0.138189 0.989580 0.227500 0.000000 0.000000 0.000000 1.000000
0.999756 0.011148 0.019052 -0.018900 -0.008157 0.988590 -0.150411 13.061300 -0.020511 0.150219 0.988440 0.227500 0.000000 0.000000 0.000000 1.000000
0.999997 -0.002273 -0.000457 -0.018900 0.002171 0.987119 -0.159975 13.061300 0.000815 0.159974 0.987121 0.227500 0.000000 0.000000 0.000000 1.000000
0.999742 -0.012697 -0.018856 -0.018900 0.009407 0.986197 -0.165310 13.061300 0.020694 0.165090 0.986061 0.227500 0.000000 0.000000 0.000000 1.000000
0.999183 -0.018433 -0.035963 -0.018900 0.012222 0.986073 -0.165862 13.061300 0.038519 0.165287 0.985493 0.227500 0.000000 0.000000 0.000000 1.000000
0.998465 -0.019165 -0.051956 -0.018900 0.010464 0.986597 -0.162842 13.061300 0.054381 0.162048 0.985283 0.227500 0.000000 0.000000 0.000000 1.000000
0.997497 -0.019187 -0.068049 -0.018900 0.008203 0.987381 -0.158149 13.061300 0.070225 0.157195 0.985068 0.227500 0.000000 0.000000 0.000000 1.000000
0.996416 -0.020910 -0.081963 -0.018900 0.008120 0.988134 -0.153381 13.061300 0.084198 0.152165 0.984762 0.227500 0.000000 0.000000 0.000000 1.000000
0.995625 -0.025200 -0.089979 -0.018900 0.011429 0.988560 -0.150393 13.061300 0.092739 0.148707 0.984523 0.227500 0.000000 0.000000 0.000000 1.000000
0.995451 -0.031476 -0.089921 -0.018900 0.017729 0.988561 -0.149776 13.061300 0.093607 0.147501 0.984622 0.227500 0.000000 0.000000 0.000000 1.000000
0.995847 -0.038538 -0.082481 -0.018900 0.025767 0.988253 -0.150641 13.061300 0.087318 0.147890 0.985142 0.227500 0.000000 0.000000 0.000000 1.000000
0.996608 -0.044275 -0.069368 -0.018900 0.033432 0.988069 -0.150337 13.061300 0.075196 0.147508 0.986198 0.227500 0.000000 0.000000 0.000000 1.000000
0.997505 -0.047100 -0.052583 -0.018900 0.038948 0.988442 -0.146511 13.061300 0.058876 0.144097 0.987811 0.227500 0.000000 0.000000 0.000000 1.000000
0.998346 -0.045513 -0.035131 -0.018900 0.040228 0.989510 -0.138751 13.061300 0.041077 0.137109 0.989704 0.227500 0.000000 0.000000 0.000000 1.000000
0.999098 -0.037454 -0.020009 -0.018900 0.034595 0.991179 -0.127937 13.061300 0.024624 0.127129 0.991581 0.227500 0.000000 0.000000 0.000000 1.000000</float_array><technique_common><accessor source="#Mutant_Spine1-Matrix-animation-output-transform-array" count="25" stride="16"><param type="float4x4"/></accessor></technique_common></source><source id="Mutant_Spine1-Interpolations"><Name_array id="Mutant_Spine1-Interpolations-array" count="25">
 LINEAR LINEAR LINEAR LINEAR LINEAR LINEAR LINEAR LINEAR LINEAR LINEAR LINEAR
LINEAR LINEAR LINEAR LINEAR LINEAR LINEAR LINEAR LINEAR LINEAR LINEAR LINEAR LINEAR
LINEAR LINEAR</Name_array><technique_common><accessor source="#Mutant_Spine1-Interpolations-array" count="25"><param type="name"/></accessor></technique_common></source><sampler id="Mutant_Spine1-Matrix-animation-transform"><input semantic="INPUT" source="#Mutant_Spine1-Matrix-animation-input"/><input semantic="OUTPUT" source="#Mutant_Spine1-Matrix-animation-output-transform"/><input semantic="INTERPOLATION" source="#Mutant_Spine1-Interpolations"/></sampler><channel source="#Mutant_Spine1-Matrix-animation-transform" target="Mutant_Spine1/matrix"/></animation>
    <animation id="Mutant_Spine2-anim" name="Mutant_Spine2"><source id="Mutant_Spine2-Matrix-animation-input"><float_array id="Mutant_Spine2-Matrix-animation-input-array" count="25">

0.000000 0.033333 0.066667 0.100000 0.133333 0.166667 0.200000 0.233333 0.266667 0.300000 0.333333 0.366667 0.400000 0.433333 0.466667 0.500000
0.533333 0.566667 0.600000 0.633333 0.666667 0.700000 0.733333 0.766667 0.800000</float_array><technique_common><accessor source="#Mutant_Spine2-Matrix-animation-input-array" count="25"><param name="TIME" type="float"/></accessor></technique_common></source><source id="Mutant_Spine2-Matrix-animation-output-transform"><float_array id="Mutant_Spine2-Matrix-animation-output-transform-array" count="400">

0.999250 -0.034265 -0.018063 -0.021600 0.031662 0.991176 -0.128717 12.988200 0.022314 0.128049 0.991517 -0.916700 0.000000 0.000000 0.000000 1.000000
0.999724 -0.023124 -0.004100 -0.021600 0.022481 0.992801 -0.117650 12.988200 0.006791 0.117525 0.993047 -0.916700 0.000000 0.000000 0.000000 1.000000
0.999919 -0.009263 0.008727 -0.021600 0.010138 0.994280 -0.106327 12.988200 -0.007692 0.106407 0.994293 -0.916700 0.000000 0.000000 0.000000 1.000000
0.999772 0.006094 0.020465 -0.021600 -0.004112 0.995422 -0.095486 12.988200 -0.020953 0.095380 0.995220 -0.916700 0.000000 0.000000 0.000000 1.000000
0.999286 0.020582 0.031682 -0.021600 -0.017766 0.996072 -0.086743 12.988200 -0.033343 0.086118 0.995727 -0.916700 0.000000 0.000000 0.000000 1.000000
0.998590 0.032282 0.042151 -0.021600 -0.028685 0.996111 -0.083308 12.988200 -0.044676 0.081982 0.995632 -0.916700 0.000000 0.000000 0.000000 1.000000
0.997918 0.040133 0.050482 -0.021600 -0.035604 0.995517 -0.087623 12.988200 -0.053772 0.085644 0.994874 -0.916700 0.000000 0.000000 0.000000 1.000000
0.997489 0.044162 0.055372 -0.021600 -0.038556 0.994388 -0.098518 12.988200 -0.059412 0.096136 0.993594 -0.916700 0.000000 0.000000 0.000000 1.000000
0.997479 0.043961 0.055708 -0.021600 -0.037463 0.992916 -0.112754 12.988200 -0.060270 0.110383 0.992060 -0.916700 0.000000 0.000000 0.000000 1.000000
0.997992 0.038674 0.050155 -0.021600 -0.032048 0.991415 -0.126767 12.988200 -0.054627 0.124905 0.990664 -0.916700 0.000000 0.000000 0.000000 1.000000
0.998877 0.028151 0.038117 -0.021600 -0.022601 0.990045 -0.138921 12.988200 -0.041649 0.137904 0.989570 -0.916700 0.000000 0.000000 0.000000 1.000000
0.999668 0.014959 0.020958 -0.021600 -0.011648 0.988615 -0.150012 12.988200 -0.022963 0.149719 0.988462 -0.916700 0.000000 0.000000 0.000000 1.000000
0.999994 0.002732 0.002247 -0.021600 -0.002338 0.987170 -0.159654 12.988200 -0.002654 0.159648 0.987170 -0.916700 0.000000 0.000000 0.000000 1.000000
0.999852 -0.006574 -0.015886 -0.021600 0.003858 0.986230 -0.165332 12.988200 0.016754 0.165246 0.986110 -0.916700 0.000000 0.000000 0.000000 1.000000
0.999372 -0.011641 -0.033475 -0.021600 0.005918 0.986066 -0.166248 12.988200 0.034944 0.165946 0.985516 -0.916700 0.000000 0.000000 0.000000 1.000000
0.998642 -0.012093 -0.050671 -0.021600 0.003654 0.986548 -0.163433 12.988200 0.051966 0.163026 0.985252 -0.916700 0.000000 0.000000 0.000000 1.000000
0.997617 -0.012182 -0.067908 -0.021600 0.001249 0.987315 -0.158767 12.988200 0.068981 0.158304 0.984978 -0.916700 0.000000 0.000000 0.000000 1.000000
0.996485 -0.014097 -0.082573 -0.021600 0.001216 0.988069 -0.154005 12.988200 0.083759 0.153363 0.984614 -0.916700 0.000000 0.000000 0.000000 1.000000
0.995671 -0.018609 -0.091066 -0.021600 0.004660 0.988515 -0.151051 12.988200 0.092831 0.149972 0.984322 -0.916700 0.000000 0.000000 0.000000 1.000000
0.995503 -0.025302 -0.091284 -0.021600 0.011329 0.988553 -0.150450 12.988200 0.094045 0.148740 0.984394 -0.916700 0.000000 0.000000 0.000000 1.000000
0.995936 -0.033152 -0.083741 -0.021600 0.020174 0.988279 -0.151320 12.988200 0.087776 0.149016 0.984931 -0.916700 0.000000 0.000000 0.000000 1.000000
0.996750 -0.039841 -0.070012 -0.021600 0.028886 0.988105 -0.151046 12.988200 0.075197 0.148533 0.986044 -0.916700 0.000000 0.000000 0.000000 1.000000
0.997702 -0.043285 -0.052128 -0.021600 0.035186 0.988460 -0.147336 12.988200 0.057903 0.145163 0.987712 -0.916700 0.000000 0.000000 0.000000 1.000000
0.998555 -0.041977 -0.033546 -0.021600 0.036905 0.989512 -0.139656 12.988200 0.039057 0.138217 0.989632 -0.916700 0.000000 0.000000 0.000000 1.000000
0.999250 -0.034265 -0.018063 -0.021600 0.031662 0.991176 -0.128717 12.988200 0.022314 0.128049 0.991517 -0.916700 0.000000 0.000000 0.000000 1.000000</float_array><technique_common><accessor source="#Mutant_Spine2-Matrix-animation-output-transform-array" count="25" stride="16"><param type="float4x4"/></accessor></technique_common></source><source id="Mutant_Spine2-Interpolations"><Name_array id="Mutant_Spine2-Interpolations-array" count="25">
 LINEAR LINEAR LINEAR LINEAR LINEAR LINEAR LINEAR LINEAR LINEAR LINEAR LINEAR
LINEAR LINEAR LINEAR LINEAR LINEAR LINEAR LINEAR LINEAR LINEAR LINEAR LINEAR LINEAR
LINEAR LINEAR</Name_array><technique_common><accessor source="#Mutant_Spine2-Interpolations-array" count="25"><param type="name"/></accessor></technique_common></source><sampler id="Mutant_Spine2-Matrix-animation-transform"><input semantic="INPUT" source="#Mutant_Spine2-Matrix-animation-input"/><input semantic="OUTPUT" source="#Mutant_Spine2-Matrix-animation-output-transform"/><input semantic="INTERPOLATION" source="#Mutant_Spine2-Interpolations"/></sampler><channel source="#Mutant_Spine2-Matrix-animation-transform" target="Mutant_Spine2/matrix"/></animation>
    <animation id="Mutant_Neck-anim" name="Mutant_Neck"><source id="Mutant_Neck-Matrix-animation-input"><float_array id="Mutant_Neck-Matrix-animation-input-array" count="25">

0.000000 0.033333 0.066667 0.100000 0.133333 0.166667 0.200000 0.233333 0.266667 0.300000 0.333333 0.366667 0.400000 0.433333 0.466667 0.500000
0.533333 0.566667 0.600000 0.633333 0.666667 0.700000 0.733333 0.766667 0.800000</float_array><technique_common><accessor source="#Mutant_Neck-Matrix-animation-input-array" count="25"><param name="TIME" type="float"/></accessor></technique_common></source><source id="Mutant_Neck-Matrix-animation-output-transform"><float_array id="Mutant_Neck-Matrix-animation-output-transform-array" count="400">

0.998135 0.035698 0.049528 -0.011900 -0.040520 0.994157 0.100049 24.670700 -0.045668 -0.101869 0.993749 2.028100 0.000000 0.000000 0.000000 1.000000
0.997917 0.049251 0.041667 -0.011900 -0.052423 0.995511 0.078803 24.670700 -0.037598 -0.080823 0.996019 2.028100 0.000000 0.000000 0.000000 1.000000
0.997530 0.061818 0.033358 -0.011900 -0.063677 0.996291 0.057879 24.670700 -0.029656 -0.059860 0.997766 2.028100 0.000000 0.000000 0.000000 1.000000
0.996962 0.073661 0.025326 -0.011900 -0.074678 0.996328 0.041885 24.670700 -0.022148 -0.043649 0.998801 2.028100 0.000000 0.000000 0.000000 1.000000
0.996157 0.085751 0.017838 -0.011900 -0.086313 0.995702 0.033573 24.670700 -0.014882 -0.034984 0.999277 2.028100 0.000000 0.000000 0.000000 1.000000
0.995023 0.099000 0.011305 -0.011900 -0.099334 0.994459 0.034409 24.670700 -0.007836 -0.035360 0.999344 2.028100 0.000000 0.000000 0.000000 1.000000
0.993528 0.113417 0.006173 -0.011900 -0.113580 0.992504 0.045110 24.670700 -0.001010 -0.045519 0.998963 2.028100 0.000000 0.000000 0.000000 1.000000
0.991801 0.127783 0.001684 -0.011900 -0.127636 0.989832 0.062775 24.670700 0.006355 -0.062475 0.998026 2.028100 0.000000 0.000000 0.000000 1.000000
0.990038 0.140773 -0.002933 -0.011900 -0.140059 0.986725 0.082197 24.670700 0.014466 -0.080968 0.996612 2.028100 0.000000 0.000000 0.000000 1.000000
0.988579 0.150551 -0.006836 -0.011900 -0.149182 0.984010 0.097313 24.670700 0.021377 -0.095182 0.995230 2.028100 0.000000 0.000000 0.000000 1.000000
0.987884 0.154960 -0.008554 -0.011900 -0.153260 0.982755 0.103458 24.670700 0.024438 -0.100894 0.994597 2.028100 0.000000 0.000000 0.000000 1.000000
0.988491 0.151056 -0.008270 -0.011900 -0.149508 0.983785 0.099064 24.670700 0.023101 -0.096688 0.995047 2.028100 0.000000 0.000000 0.000000 1.000000
0.990326 0.138580 -0.007021 -0.011900 -0.137481 0.986805 0.085525 24.670700 0.018780 -0.083732 0.996311 2.028100 0.000000 0.000000 0.000000 1.000000
0.992658 0.120876 -0.004453 -0.011900 -0.120352 0.990695 0.063548 24.670700 0.012093 -0.062546 0.997969 2.028100 0.000000 0.000000 0.000000 1.000000
0.994908 0.100787 0.000848 -0.011900 -0.100748 0.994211 0.037332 24.670700 0.002919 -0.037227 0.999303 2.028100 0.000000 0.000000 0.000000 1.000000
0.996828 0.078896 0.010409 -0.011900 -0.079049 0.996756 0.015154 24.670700 -0.009180 -0.015929 0.999831 2.028100 0.000000 0.000000 0.000000 1.000000
0.997993 0.059116 0.022698 -0.011900 -0.059081 0.998251 -0.002215 24.670700 -0.022789 0.000869 0.999740 2.028100 0.000000 0.000000 0.000000 1.000000
0.998428 0.043114 0.035813 -0.011900 -0.042906 0.999058 -0.006547 24.670700 -0.036061 0.005000 0.999337 2.028100 0.000000 0.000000 0.000000 1.000000
0.998376 0.030991 0.047795 -0.011900 -0.031365 0.999483 0.007102 24.670700 -0.047550 -0.008590 0.998832 2.028100 0.000000 0.000000 0.000000 1.000000
0.998112 0.022153 0.057289 -0.011900 -0.024273 0.999036 0.036586 24.670700 -0.056423 -0.037907 0.997687 2.028100 0.000000 0.000000 0.000000 1.000000
0.997840 0.016779 0.063510 -0.011900 -0.021413 0.997101 0.073017 24.670700 -0.062101 -0.074219 0.995307 2.028100 0.000000 0.000000 0.000000 1.000000
0.997742 0.015443 0.065363 -0.011900 -0.022206 0.994325 0.104044 24.670700 -0.063386 -0.105260 0.992423 2.028100 0.000000 0.000000 0.000000 1.000000
0.997880 0.018646 0.062353 -0.011900 -0.026031 0.992455 0.119811 24.670700 -0.059648 -0.121180 0.990837 2.028100 0.000000 0.000000 0.000000 1.000000
0.998085 0.025906 0.056165 -0.011900 -0.032376 0.992541 0.117536 24.670700 -0.052701 -0.119129 0.991479 2.028100 0.000000 0.000000 0.000000 1.000000
0.998135 0.035698 0.049528 -0.011900 -0.040520 0.994157 0.100049 24.670700 -0.045668 -0.101869 0.993749 2.028100 0.000000 0.000000 0.000000 1.000000</float_array><technique_common><accessor source="#Mutant_Neck-Matrix-animation-output-transform-array" count="25" stride="16"><param type="float4x4"/></accessor></technique_common></source><source id="Mutant_Neck-Interpolations"><Name_array id="Mutant_Neck-Interpolations-array" count="25">
 LINEAR LINEAR LINEAR LINEAR LINEAR LINEAR LINEAR LINEAR LINEAR LINEAR LINEAR
LINEAR LINEAR LINEAR LINEAR LINEAR LINEAR LINEAR LINEAR LINEAR LINEAR LINEAR LINEAR
LINEAR LINEAR</Name_array><technique_common><accessor source="#Mutant_Neck-Interpolations-array" count="25"><param type="name"/></accessor></technique_common></source><sampler id="Mutant_Neck-Matrix-animation-transform"><input semantic="INPUT" source="#Mutant_Neck-Matrix-animation-input"/><input semantic="OUTPUT" source="#Mutant_Neck-Matrix-animation-output-transform"/><input semantic="INTERPOLATION" source="#Mutant_Neck-Interpolations"/></sampler><channel source="#Mutant_Neck-Matrix-animation-transform" target="Mutant_Neck/matrix"/></animation>
    <animation id="Mutant_Head-anim" name="Mutant_Head"><source id="Mutant_Head-Matrix-animation-input"><float_array id="Mutant_Head-Matrix-animation-input-array" count="25">

0.000000 0.033333 0.066667 0.100000 0.133333 0.166667 0.200000 0.233333 0.266667 0.300000 0.333333 0.366667 0.400000 0.433333 0.466667 0.500000
0.533333 0.566667 0.600000 0.633333 0.666667 0.700000 0.733333 0.766667 0.800000</float_array><technique_common><accessor source="#Mutant_Head-Matrix-animation-input-array" count="25"><param name="TIME" type="float"/></accessor></technique_common></source><source id="Mutant_Head-Matrix-animation-output-transform"><float_array id="Mutant_Head-Matrix-animation-output-transform-array" count="400">

0.998099 0.036030 0.050001 -0.000000 -0.040833 0.994287 0.098620 8.817300 -0.046162 -0.100474 0.993868 6.102600 0.000000 0.000000 0.000000 1.000000
0.997878 0.049578 0.042216 -0.000000 -0.052729 0.995626 0.077123 8.817300 -0.038208 -0.079185 0.996127 6.102600 0.000000 0.000000 0.000000 1.000000
0.997488 0.062092 0.034082 -0.000000 -0.063938 0.996379 0.056047 8.817300 -0.030478 -0.058085 0.997846 6.102600 0.000000 0.000000 0.000000 1.000000
0.996923 0.073871 0.026221 -0.000000 -0.074884 0.996389 0.040027 8.817300 -0.023169 -0.041868 0.998854 6.102600 0.000000 0.000000 0.000000 1.000000
0.996124 0.085926 0.018818 0.000000 -0.086493 0.995747 0.031736 8.817300 -0.016011 -0.033241 0.999319 6.102600 0.000000 0.000000 0.000000 1.000000
0.994993 0.099191 0.012217 -0.000000 -0.099542 0.994498 0.032627 8.817300 -0.008914 -0.033680 0.999393 6.102600 0.000000 0.000000 0.000000 1.000000
0.993493 0.113688 0.006890 0.000000 -0.113880 0.992542 0.043497 8.817300 -0.001893 -0.043999 0.999030 6.102600 0.000000 0.000000 0.000000 1.000000
0.991745 0.128205 0.002329 0.000000 -0.128106 0.989863 0.061316 8.817300 0.005555 -0.061108 0.998116 6.102600 0.000000 0.000000 0.000000 1.000000
0.989940 0.141475 -0.002072 0.000000 -0.140849 0.986737 0.080690 8.817300 0.013460 -0.079586 0.996737 6.102600 0.000000 0.000000 0.000000 1.000000
0.988417 0.151661 -0.005642 -0.000000 -0.150434 0.983980 0.095667 8.817300 0.020060 -0.093711 0.995397 6.102600 0.000000 0.000000 0.000000 1.000000
0.987669 0.156390 -0.007204 0.000000 -0.154856 0.982676 0.101818 8.817300 0.023003 -0.099447 0.994777 6.102600 0.000000 0.000000 0.000000 1.000000
0.988259 0.152625 -0.006989 -0.000000 -0.151228 0.983676 0.097531 8.817300 0.021761 -0.095329 0.995208 6.102600 0.000000 0.000000 0.000000 1.000000
0.990099 0.140249 -0.005867 0.000000 -0.139267 0.986683 0.084035 8.817300 0.017574 -0.082385 0.996446 6.102600 0.000000 0.000000 0.000000 1.000000
0.992460 0.122519 -0.003459 0.000000 -0.122070 0.990578 0.062079 8.817300 0.011032 -0.061189 0.998065 6.102600 0.000000 0.000000 0.000000 1.000000
0.994774 0.102091 0.001587 0.000000 -0.102082 0.994125 0.035981 8.817300 0.002095 -0.035955 0.999351 6.102600 0.000000 0.000000 0.000000 1.000000
0.996768 0.079602 0.010839 0.000000 -0.079750 0.996716 0.014020 8.817300 -0.009687 -0.014839 0.999843 6.102600 0.000000 0.000000 0.000000 1.000000
0.997982 0.059238 0.022881 -0.000000 -0.059181 0.998242 -0.003144 8.817300 -0.023027 0.001783 0.999733 6.102600 0.000000 0.000000 0.000000 1.000000
0.998439 0.042877 0.035806 0.000000 -0.042638 0.999063 -0.007397 8.817300 -0.036090 0.005859 0.999331 6.102600 0.000000 0.000000 0.000000 1.000000
0.998395 0.030605 0.047651 0.000000 -0.030936 0.999502 0.006213 8.817300 -0.047437 -0.007677 0.998845 6.102600 0.000000 0.000000 0.000000 1.000000
0.998127 0.021762 0.057167 0.000000 -0.023824 0.999081 0.035641 8.817300 -0.056339 -0.036936 0.997728 6.102600 0.000000 0.000000 0.000000 1.000000
0.997842 0.016515 0.063545 0.000000 -0.021093 0.997177 0.072064 8.817300 -0.062176 -0.073249 0.995374 6.102600 0.000000 0.000000 0.000000 1.000000
0.997728 0.015367 0.065588 0.000000 -0.022092 0.994430 0.103059 8.817300 -0.063639 -0.104274 0.992510 6.102600 0.000000 0.000000 0.000000 1.000000
0.997853 0.018790 0.062737 -0.000000 -0.026151 0.992590 0.118665 8.817300 -0.060042 -0.120050 0.990950 6.102600 0.000000 0.000000 0.000000 1.000000
0.998049 0.026238 0.056648 0.000000 -0.032691 0.992692 0.116167 8.817300 -0.053186 -0.117792 0.991613 6.102600 0.000000 0.000000 0.000000 1.000000
0.998099 0.036030 0.050001 0.000000 -0.040833 0.994287 0.098619 8.817300 -0.046162 -0.100474 0.993868 6.102600 0.000000 0.000000 0.000000 1.000000</float_array><technique_common><accessor source="#Mutant_Head-Matrix-animation-output-transform-array" count="25" stride="16"><param type="float4x4"/></accessor></technique_common></source><source id="Mutant_Head-Interpolations"><Name_array id="Mutant_Head-Interpolations-array" count="25">
 LINEAR LINEAR LINEAR LINEAR LINEAR LINEAR LINEAR LINEAR LINEAR LINEAR LINEAR
LINEAR LINEAR LINEAR LINEAR LINEAR LINEAR LINEAR LINEAR LINEAR LINEAR LINEAR LINEAR
LINEAR LINEAR</Name_array><technique_common><accessor source="#Mutant_Head-Interpolations-array" count="25"><param type="name"/></accessor></technique_common></source><sampler id="Mutant_Head-Matrix-animation-transform"><input semantic="INPUT" source="#Mutant_Head-Matrix-animation-input"/><input semantic="OUTPUT" source="#Mutant_Head-Matrix-animation-output-transform"/><input semantic="INTERPOLATION" source="#Mutant_Head-Interpolations"/></sampler><channel source="#Mutant_Head-Matrix-animation-transform" target="Mutant_Head/matrix"/></animation>
    <animation id="Mutant_LeftShoulder-anim" name="Mutant_LeftShoulder"><source id="Mutant_LeftShoulder-Matrix-animation-input"><float_array id="Mutant_LeftShoulder-Matrix-animation-input-array" count="25">

0.000000 0.033333 0.066667 0.100000 0.133333 0.166667 0.200000 0.233333 0.266667 0.300000 0.333333 0.366667 0.400000 0.433333 0.466667 0.500000
0.533333 0.566667 0.600000 0.633333 0.666667 0.700000 0.733333 0.766667 0.800000</float_array><technique_common><accessor source="#Mutant_LeftShoulder-Matrix-animation-input-array" count="25"><param name="TIME" type="float"/></accessor></technique_common></source><source id="Mutant_LeftShoulder-Matrix-animation-output-transform"><float_array id="Mutant_LeftShoulder-Matrix-animation-output-transform-array" count="400">

0.988109 0.153713 0.003643 9.553600 -0.153547 0.987724 -0.028723 16.065399 -0.008013 0.027822 0.999581 -5.227800 0.000000 0.000000 0.000000 1.000000
0.990658 0.133896 -0.025841 9.553600 -0.134709 0.990342 -0.032802 16.065399 0.021199 0.035976 0.999128 -5.227800 0.000000 0.000000 0.000000 1.000000
0.992921 0.109371 -0.046316 9.553600 -0.111157 0.993080 -0.037907 16.065399 0.041850 0.042787 0.998207 -5.227800 0.000000 0.000000 0.000000 1.000000
0.994838 0.082459 -0.059146 9.553600 -0.085111 0.995408 -0.043811 16.065399 0.055262 0.048619 0.997287 -5.227800 0.000000 0.000000 0.000000 1.000000
0.996195 0.056940 -0.065985 9.553600 -0.060299 0.996923 -0.050085 16.065399 0.062930 0.053873 0.996563 -5.227800 0.000000 0.000000 0.000000 1.000000
0.997116 0.037344 -0.066068 9.553600 -0.041043 0.997612 -0.055543 16.065399 0.063836 0.058095 0.996268 -5.227800 0.000000 0.000000 0.000000 1.000000
0.998049 0.027739 -0.055929 9.553600 -0.030999 0.997818 -0.058287 16.065399 0.054190 0.059907 0.996732 -5.227800 0.000000 0.000000 0.000000 1.000000
0.999002 0.028746 -0.034199 9.553600 -0.030671 0.997894 -0.057163 16.065399 0.032484 0.058154 0.997779 -5.227800 0.000000 0.000000 0.000000 1.000000
0.999232 0.039009 -0.003824 9.553600 -0.039157 0.997828 -0.052979 16.065399 0.001749 0.053088 0.998588 -5.227800 0.000000 0.000000 0.000000 1.000000
0.998092 0.054590 0.028840 9.553600 -0.053166 0.997429 -0.048044 16.065399 -0.031388 0.046419 0.998429 -5.227800 0.000000 0.000000 0.000000 1.000000
0.995935 0.070082 0.056577 9.553600 -0.067634 0.996736 -0.044083 16.065399 -0.059482 0.040078 0.997425 -5.227800 0.000000 0.000000 0.000000 1.000000
0.994244 0.077547 0.073934 9.553600 -0.074701 0.996382 -0.040522 16.065399 -0.076809 0.034766 0.996440 -5.227800 0.000000 0.000000 0.000000 1.000000
0.993697 0.075950 0.082453 9.553600 -0.073249 0.996689 -0.035303 16.065399 -0.084861 0.029041 0.995969 -5.227800 0.000000 0.000000 0.000000 1.000000
0.993598 0.071400 0.087550 9.553600 -0.069267 0.997228 -0.027173 16.065399 -0.089248 0.020935 0.995789 -5.227800 0.000000 0.000000 0.000000 1.000000
0.992748 0.071176 0.096875 9.553600 -0.069918 0.997419 -0.016329 16.065399 -0.097787 0.009438 0.995163 -5.227800 0.000000 0.000000 0.000000 1.000000
0.989451 0.083760 0.118203 9.553600 -0.083886 0.996468 -0.003916 16.065399 -0.118113 -0.006041 0.992982 -5.227800 0.000000 0.000000 0.000000 1.000000
0.984618 0.102623 0.141409 9.553600 -0.104367 0.994527 0.004950 16.065399 -0.140127 -0.019632 0.989939 -5.227800 0.000000 0.000000 0.000000 1.000000
0.979206 0.125515 0.159376 9.553600 -0.128254 0.991717 0.006977 16.065399 -0.157181 -0.027272 0.987193 -5.227800 0.000000 0.000000 0.000000 1.000000
0.974746 0.149138 0.166216 9.553600 -0.151533 0.988451 0.001749 16.065399 -0.164035 -0.026892 0.986088 -5.227800 0.000000 0.000000 0.000000 1.000000
0.972420 0.169401 0.160322 9.553600 -0.170365 0.985350 -0.007812 16.065399 -0.159296 -0.019716 0.987034 -5.227800 0.000000 0.000000 0.000000 1.000000
0.972830 0.182054 0.143035 9.553600 -0.181437 0.983248 -0.017459 16.065399 -0.143818 -0.008967 0.989564 -5.227800 0.000000 0.000000 0.000000 1.000000
0.975790 0.185163 0.116396 9.553600 -0.183616 0.982706 -0.023970 16.065399 -0.118821 0.002017 0.992914 -5.227800 0.000000 0.000000 0.000000 1.000000
0.980229 0.179978 0.082218 9.553600 -0.178355 0.983603 -0.026742 16.065399 -0.085683 0.011549 0.996256 -5.227800 0.000000 0.000000 0.000000 1.000000
0.984671 0.168926 0.043437 9.553600 -0.167840 0.985429 -0.027560 16.065399 -0.047460 0.019847 0.998676 -5.227800 0.000000 0.000000 0.000000 1.000000
0.988108 0.153718 0.003645 9.553600 -0.153552 0.987723 -0.028722 16.065399 -0.008015 0.027821 0.999581 -5.227800 0.000000 0.000000 0.000000 1.000000</float_array><technique_common><accessor source="#Mutant_LeftShoulder-Matrix-animation-output-transform-array" count="25" stride="16"><param type="float4x4"/></accessor></technique_common></source><source id="Mutant_LeftShoulder-Interpolations"><Name_array id="Mutant_LeftShoulder-Interpolations-array" count="25">
 LINEAR LINEAR LINEAR LINEAR LINEAR LINEAR LINEAR LINEAR LINEAR LINEAR LINEAR
LINEAR LINEAR LINEAR LINEAR LINEAR LINEAR LINEAR LINEAR LINEAR LINEAR LINEAR LINEAR
LINEAR LINEAR</Name_array><technique_common><accessor source="#Mutant_LeftShoulder-Interpolations-array" count="25"><param type="name"/></accessor></technique_common></source><sampler id="Mutant_LeftShoulder-Matrix-animation-transform"><input semantic="INPUT" source="#Mutant_LeftShoulder-Matrix-animation-input"/><input semantic="OUTPUT" source="#Mutant_LeftShoulder-Matrix-animation-output-transform"/><input semantic="INTERPOLATION" source="#Mutant_LeftShoulder-Interpolations"/></sampler><channel source="#Mutant_LeftShoulder-Matrix-animation-transform" target="Mutant_LeftShoulder/matrix"/></animation>
    <animation id="Mutant_LeftArm-anim" name="Mutant_LeftArm"><source id="Mutant_LeftArm-Matrix-animation-input"><float_array id="Mutant_LeftArm-Matrix-animation-input-array" count="25">

0.000000 0.033333 0.066667 0.100000 0.133333 0.166667 0.200000 0.233333 0.266667 0.300000 0.333333 0.366667 0.400000 0.433333 0.466667 0.500000
0.533333 0.566667 0.600000 0.633333 0.666667 0.700000 0.733333 0.766667 0.800000</float_array><technique_common><accessor source="#Mutant_LeftArm-Matrix-animation-input-array" count="25"><param name="TIME" type="float"/></accessor></technique_common></source><source id="Mutant_LeftArm-Matrix-animation-output-transform"><float_array id="Mutant_LeftArm-Matrix-animation-output-transform-array" count="400">

0.730645 0.489068 -0.476415 17.893000 -0.406688 0.872233 0.271689 2.066100 0.548419 -0.004756 0.836190 -0.922900 0.000000 0.000000 0.000000 1.000000
0.762622 0.529143 -0.372043 17.893000 -0.494467 0.847705 0.192090 2.066100 0.417026 0.037470 0.908122 -0.922900 0.000000 0.000000 0.000000 1.000000
0.778061 0.563600 -0.277447 17.893000 -0.555451 0.823529 0.115216 2.066100 0.293421 0.064463 0.953808 -0.922900 0.000000 0.000000 0.000000 1.000000
