<?xml version="1.0" encoding="utf-8"?>
<COLLADA xmlns="http://www.collada.org/2005/11/COLLADASchema" version="1.4.1">
  <asset><contributor><author>Mixamo</author><authoring_tool>COLLADA Mixamo exporter</authoring_tool><comments></comments></contributor><created>2018-04-27T01:32:08Z</created><modified>2018-04-27T01:32:08Z</modified><revision></revision><title></title><unit meter="0.010000"/><up_axis>Y_UP</up_axis></asset>
  <library_animations>
    <animation id="mixamorig_Hips-anim" name="mixamorig_Hips"><source id="mixamorig_Hips-Matrix-animation-input"><float_array id="mixamorig_Hips-Matrix-animation-input-array" count="70">

0.000000 0.033333 0.066667 0.100000 0.133333 0.166667 0.200000 0.233333 0.266667 0.300000 0.333333 0.366667 0.400000 0.433333 0.466667 0.500000
0.533333 0.566667 0.600000 0.633333 0.666667 0.700000 0.733333 0.766667 0.800000 0.833333 0.866667 0.900000 0.933333 0.966667 1.000000 1.033333
1.066667 1.100000 1.133333 1.166667 1.200000 1.233333 1.266667 1.300000 1.333333 1.366667 1.400000 1.433333 1.466667 1.500000 1.533333 1.566667
1.600000 1.633333 1.666667 1.700000 1.733333 1.766667 1.800000 1.833333 1.866667 1.900000 1.933333 1.966667 2.000000 2.033333 2.066667 2.100000
2.133333 2.166667 2.200000 2.233333 2.266667 2.300000</float_array><technique_common><accessor source="#mixamorig_Hips-Matrix-animation-input-array" count="70"><param name="TIME" type="float"/></accessor></technique_common></source><source id="mixamorig_Hips-Matrix-animation-output-transform"><float_array id="mixamorig_Hips-Matrix-animation-output-transform-array" count="1120">

0.680991 0.003369 -0.732284 -0.164297 -0.017512 0.999778 -0.011685 87.386749 0.732082 0.020782 0.680899 -0.108370 0.000000 0.000000 0.000000 1.000000
0.681252 0.003397 -0.732041 -0.221075 -0.017062 0.999791 -0.011239 87.333061 0.731850 0.020146 0.681168 -0.149198 0.000000 0.000000 0.000000 1.000000
0.682509 0.003926 -0.730866 -0.316246 -0.017029 0.999800 -0.010532 87.244545 0.730678 0.019634 0.682439 -0.228505 0.000000 0.000000 0.000000 1.000000
0.685798 0.004977 -0.727775 -0.478500 -0.018236 0.999780 -0.010347 87.119423 0.727563 0.020367 0.685738 -0.362807 0.000000 0.000000 0.000000 1.000000
0.692687 0.007238 -0.721202 -0.779560 -0.020652 0.999739 -0.009803 86.975693 0.720942 0.021685 0.692656 -0.557080 0.000000 0.000000 0.000000 1.000000
0.702100 0.010664 -0.711998 -1.256814 -0.022613 0.999717 -0.007325 86.860802 0.711719 0.021244 0.702143 -0.806750 0.000000 0.000000 0.000000 1.000000
0.710070 0.012427 -0.704022 -1.856641 -0.021237 0.999767 -0.003772 86.809425 0.703811 0.017630 0.710168 -1.125022 0.000000 0.000000 0.000000 1.000000
0.712213 0.008844 -0.701908 -2.500839 -0.014365 0.999895 -0.001978 86.823685 0.701817 0.011492 0.712265 -1.535736 0.000000 0.000000 0.000000 1.000000
0.710528 0.001281 -0.703668 -3.179124 -0.003068 0.999994 -0.001278 86.870979 0.703663 0.003067 0.710528 -2.071153 0.000000 0.000000 0.000000 1.000000
0.712145 -0.006297 -0.702004 -3.885365 0.011178 0.999935 0.002370 86.869461 0.701944 -0.009535 0.712169 -2.788055 0.000000 0.000000 0.000000 1.000000
0.718994 -0.017887 -0.694786 -4.507324 0.027527 0.999617 0.002752 86.648460 0.694471 -0.021104 0.719212 -3.691403 0.000000 0.000000 0.000000 1.000000
0.727124 -0.035434 -0.685591 -4.918715 0.046306 0.998924 -0.002517 86.182800 0.684942 -0.029917 0.727983 -4.729541 0.000000 0.000000 0.000000 1.000000
0.731644 -0.058458 -0.679175 -5.101801 0.067752 0.997619 -0.012881 85.564392 0.678311 -0.036591 0.733863 -5.799294 0.000000 0.000000 0.000000 1.000000
0.728116 -0.085994 -0.680038 -5.083312 0.091744 0.995399 -0.027643 84.921341 0.679287 -0.042262 0.732655 -6.833366 0.000000 0.000000 0.000000 1.000000
0.716819 -0.116626 -0.687437 -4.941793 0.116929 0.992057 -0.046380 84.314583 0.687385 -0.047135 0.724762 -7.828510 0.000000 0.000000 0.000000 1.000000
0.701429 -0.149570 -0.696869 -4.734811 0.141855 0.987469 -0.069158 83.743576 0.698480 -0.050345 0.713856 -8.797647 0.000000 0.000000 0.000000 1.000000
0.684912 -0.183687 -0.705092 -4.514807 0.165948 0.981594 -0.094521 83.158363 0.709476 -0.052270 0.702788 -9.753359 0.000000 0.000000 0.000000 1.000000
0.667775 -0.216357 -0.712226 -4.355203 0.188810 0.974767 -0.119085 82.450928 0.720019 -0.054953 0.691775 -10.725739 0.000000 0.000000 0.000000 1.000000
0.650499 -0.245493 -0.718738 -4.262660 0.208259 0.967704 -0.142044 81.662712 0.730397 -0.057284 0.680617 -11.687903 0.000000 0.000000 0.000000 1.000000
0.633413 -0.273039 -0.724043 -4.183316 0.224074 0.960311 -0.166110 80.869347 0.740661 -0.057023 0.669455 -12.569987 0.000000 0.000000 0.000000 1.000000
0.614534 -0.302890 -0.728427 -4.095270 0.239361 0.951418 -0.193677 80.027580 0.751701 -0.055336 0.657178 -13.482256 0.000000 0.000000 0.000000 1.000000
0.596289 -0.331909 -0.730941 -3.959067 0.253655 0.941776 -0.220719 79.318428 0.761642 -0.053795 0.645762 -14.221965 0.000000 0.000000 0.000000 1.000000
0.580178 -0.355792 -0.732670 -3.674638 0.265322 0.933037 -0.242992 78.857056 0.770064 -0.053415 0.635727 -14.673188 0.000000 0.000000 0.000000 1.000000
0.563208 -0.375920 -0.735854 -3.260193 0.274577 0.925063 -0.262425 78.596214 0.779362 -0.054249 0.624221 -14.925522 0.000000 0.000000 0.000000 1.000000
0.545040 -0.394383 -0.739860 -2.797872 0.281312 0.917325 -0.281744 78.460793 0.789807 -0.054570 0.610923 -15.033887 0.000000 0.000000 0.000000 1.000000
0.527068 -0.411215 -0.743708 -2.320738 0.284905 0.909990 -0.301244 78.365334 0.800643 -0.053110 0.596784 -15.020941 0.000000 0.000000 0.000000 1.000000
0.510302 -0.425460 -0.747379 -1.837914 0.285619 0.903567 -0.319355 78.301460 0.811180 -0.050498 0.582612 -14.891814 0.000000 0.000000 0.000000 1.000000
0.496827 -0.436103 -0.750318 -1.348179 0.285082 0.898605 -0.333522 78.264122 0.819689 -0.048199 0.570777 -14.646579 0.000000 0.000000 0.000000 1.000000
0.489040 -0.442353 -0.751774 -0.854238 0.284914 0.895603 -0.341643 78.226105 0.824417 -0.047114 0.564018 -14.287786 0.000000 0.000000 0.000000 1.000000
0.487062 -0.444213 -0.751961 -0.348891 0.283653 0.894774 -0.344850 78.185135 0.826022 -0.045333 0.561812 -13.830112 0.000000 0.000000 0.000000 1.000000
0.490799 -0.441703 -0.751009 0.182266 0.279196 0.896246 -0.344663 78.143791 0.825328 -0.040519 0.563198 -13.256862 0.000000 0.000000 0.000000 1.000000
0.500363 -0.434664 -0.748802 0.733768 0.271777 0.899989 -0.340818 78.091263 0.822054 -0.032974 0.568453 -12.538288 0.000000 0.000000 0.000000 1.000000
0.514451 -0.423941 -0.745395 1.297534 0.262918 0.905360 -0.333462 78.039322 0.816219 -0.024428 0.577225 -11.675034 0.000000 0.000000 0.000000 1.000000
0.532251 -0.410380 -0.740471 1.887786 0.253763 0.911774 -0.322914 78.005669 0.807659 -0.016033 0.589432 -10.642497 0.000000 0.000000 0.000000 1.000000
0.552662 -0.394390 -0.734180 2.517334 0.245125 0.918898 -0.309097 78.000900 0.796542 -0.009140 0.604515 -9.428740 0.000000 0.000000 0.000000 1.000000
0.572419 -0.376181 -0.728577 3.174578 0.235836 0.926537 -0.293104 78.067749 0.785314 -0.004046 0.619085 -8.067036 0.000000 0.000000 0.000000 1.000000
0.589758 -0.355581 -0.725085 3.856913 0.223084 0.934644 -0.276901 78.258278 0.776157 0.001550 0.630538 -6.591383 0.000000 0.000000 0.000000 1.000000
0.605188 -0.332700 -0.723228 4.503288 0.206257 0.942991 -0.261202 78.538452 0.768899 0.008906 0.639308 -5.103652 0.000000 0.000000 0.000000 1.000000
0.619272 -0.308335 -0.722102 5.031493 0.186883 0.951120 -0.245855 78.861992 0.762612 0.017303 0.646625 -3.714487 0.000000 0.000000 0.000000 1.000000
0.632033 -0.283849 -0.721085 5.445340 0.165574 0.958479 -0.232171 79.308144 0.757046 0.027346 0.652788 -2.432128 0.000000 0.000000 0.000000 1.000000
0.643956 -0.259875 -0.719573 5.637078 0.142943 0.964848 -0.220536 79.850723 0.751591 0.039157 0.658467 -1.313091 0.000000 0.000000 0.000000 1.000000
0.654424 -0.236036 -0.718343 5.635759 0.119503 0.970375 -0.209981 80.486282 0.746625 0.051572 0.663243 -0.400867 0.000000 0.000000 0.000000 1.000000
0.662771 -0.211685 -0.718279 5.481977 0.095777 0.975297 -0.199056 81.171379 0.742672 0.063134 0.666672 0.297745 0.000000 0.000000 0.000000 1.000000
0.667714 -0.187528 -0.720411 5.195538 0.072570 0.979538 -0.187718 81.845200 0.740872 0.073062 0.667660 0.818978 0.000000 0.000000 0.000000 1.000000
0.669487 -0.164767 -0.724319 4.803854 0.051274 0.983014 -0.176222 82.501190 0.741052 0.080839 0.666564 1.214705 0.000000 0.000000 0.000000 1.000000
0.670690 -0.143860 -0.727653 4.362983 0.033568 0.985893 -0.163975 83.131821 0.740978 0.085551 0.666058 1.516530 0.000000 0.000000 0.000000 1.000000
0.672026 -0.125053 -0.729893 3.913243 0.019601 0.988297 -0.151279 83.736053 0.740268 0.087357 0.666612 1.725927 0.000000 0.000000 0.000000 1.000000
0.673189 -0.108339 -0.731491 3.498839 0.007327 0.990138 -0.139903 84.276260 0.739434 0.088821 0.667344 1.840364 0.000000 0.000000 0.000000 1.000000
0.675678 -0.093494 -0.731244 3.068845 -0.002403 0.991641 -0.129008 84.720726 0.737193 0.088925 0.669805 1.872716 0.000000 0.000000 0.000000 1.000000
0.679013 -0.080626 -0.729686 2.623518 -0.009875 0.992858 -0.118894 85.063248 0.734060 0.087937 0.673367 1.853952 0.000000 0.000000 0.000000 1.000000
0.682375 -0.069750 -0.727667 2.184949 -0.015350 0.993851 -0.109659 85.323029 0.730841 0.085998 0.677108 1.802061 0.000000 0.000000 0.000000 1.000000
0.685238 -0.060076 -0.725837 1.770906 -0.019253 0.994750 -0.100509 85.531670 0.728064 0.082847 0.680484 1.718735 0.000000 0.000000 0.000000 1.000000
0.687289 -0.050472 -0.724628 1.387665 -0.022176 0.995660 -0.090384 85.711189 0.726045 0.078189 0.683187 1.605870 0.000000 0.000000 0.000000 1.000000
0.688260 -0.040801 -0.724316 1.035568 -0.024490 0.996541 -0.079406 85.868294 0.725051 0.072391 0.684880 1.471631 0.000000 0.000000 0.000000 1.000000
0.688141 -0.032011 -0.724870 0.718410 -0.025901 0.997306 -0.068630 85.999443 0.725114 0.066002 0.685458 1.323115 0.000000 0.000000 0.000000 1.000000
0.687139 -0.024326 -0.726119 0.439873 -0.026272 0.997954 -0.058295 86.107452 0.726051 0.059134 0.685094 1.170475 0.000000 0.000000 0.000000 1.000000
0.685009 -0.017391 -0.728327 0.201340 -0.026005 0.998494 -0.048301 86.202103 0.728070 0.052027 0.683526 1.019748 0.000000 0.000000 0.000000 1.000000
0.681303 -0.011089 -0.731917 -0.007079 -0.025818 0.998899 -0.039166 86.316101 0.731546 0.045581 0.680267 0.874345 0.000000 0.000000 0.000000 1.000000
0.676996 -0.006223 -0.735961 -0.173026 -0.025599 0.999160 -0.031997 86.446198 0.735542 0.040502 0.676268 0.740840 0.000000 0.000000 0.000000 1.000000
0.673392 -0.003010 -0.739280 -0.291193 -0.024706 0.999342 -0.026573 86.588081 0.738873 0.036158 0.672874 0.617952 0.000000 0.000000 0.000000 1.000000
0.670788 -0.000811 -0.741649 -0.370941 -0.023135 0.999490 -0.022017 86.730949 0.741289 0.031927 0.670427 0.511613 0.000000 0.000000 0.000000 1.000000
0.669227 0.000973 -0.743057 -0.424613 -0.021586 0.999603 -0.018132 86.866547 0.742744 0.028174 0.668982 0.415715 0.000000 0.000000 0.000000 1.000000
0.668994 0.002737 -0.743263 -0.458808 -0.020775 0.999671 -0.015019 87.001640 0.742978 0.025489 0.668831 0.322855 0.000000 0.000000 0.000000 1.000000
0.669805 0.003904 -0.742527 -0.475773 -0.020461 0.999704 -0.013201 87.134293 0.742255 0.024035 0.669686 0.244616 0.000000 0.000000 0.000000 1.000000
0.671432 0.004594 -0.741052 -0.473759 -0.020148 0.999724 -0.012057 87.252182 0.740792 0.023026 0.671340 0.184972 0.000000 0.000000 0.000000 1.000000
0.673562 0.004549 -0.739117 -0.447058 -0.019525 0.999742 -0.011641 87.351723 0.738873 0.022273 0.673477 0.130314 0.000000 0.000000 0.000000 1.000000
0.675573 0.003758 -0.737283 -0.395320 -0.018215 0.999767 -0.011595 87.416039 0.737068 0.021263 0.675484 0.076167 0.000000 0.000000 0.000000 1.000000
0.677322 0.002954 -0.735681 -0.326276 -0.017136 0.999784 -0.011761 87.434814 0.735487 0.020573 0.677227 0.019599 0.000000 0.000000 0.000000 1.000000
0.679143 0.002584 -0.734001 -0.245511 -0.016933 0.999783 -0.012148 87.418793 0.733810 0.020679 0.679040 -0.042708 0.000000 0.000000 0.000000 1.000000
0.680738 0.002718 -0.732521 -0.161509 -0.017352 0.999772 -0.012416 87.387070 0.732321 0.021163 0.680631 -0.110503 0.000000 0.000000 0.000000 1.000000</float_array><technique_common><accessor source="#mixamorig_Hips-Matrix-animation-output-transform-array" count="70" stride="16"><param type="float4x4"/></accessor></technique_common></source><source id="mixamorig_Hips-Interpolations"><Name_array id="mixamorig_Hips-Interpolations-array" count="70">
 LINEAR LINEAR LINEAR LINEAR LINEAR LINEAR LINEAR LINEAR LINEAR LINEAR LINEAR
LINEAR LINEAR LINEAR LINEAR LINEAR LINEAR LINEAR LINEAR LINEAR LINEAR LINEAR LINEAR
LINEAR LINEAR LINEAR LINEAR LINEAR LINEAR LINEAR LINEAR LINEAR LINEAR LINEAR LINEAR
LINEAR LINEAR LINEAR LINEAR LINEAR LINEAR LINEAR LINEAR LINEAR LINEAR LINEAR LINEAR
LINEAR LINEAR LINEAR LINEAR LINEAR LINEAR LINEAR LINEAR LINEAR LINEAR LINEAR LINEAR
LINEAR LINEAR LINEAR LINEAR LINEAR LINEAR LINEAR LINEAR LINEAR LINEAR LINEAR</Name_array><technique_common><accessor source="#mixamorig_Hips-Interpolations-array" count="70"><param type="name"/></accessor></technique_common></source><sampler id="mixamorig_Hips-Matrix-animation-transform"><input semantic="INPUT" source="#mixamorig_Hips-Matrix-animation-input"/><input semantic="OUTPUT" source="#mixamorig_Hips-Matrix-animation-output-transform"/><input semantic="INTERPOLATION" source="#mixamorig_Hips-Interpolations"/></sampler><channel source="#mixamorig_Hips-Matrix-animation-transform" target="mixamorig_Hips/matrix"/></animation>
    <animation id="mixamorig_Spine-anim" name="mixamorig_Spine"><source id="mixamorig_Spine-Matrix-animation-input"><float_array id="mixamorig_Spine-Matrix-animation-input-array" count="70">

0.000000 0.033333 0.066667 0.100000 0.133333 0.166667 0.200000 0.233333 0.266667 0.300000 0.333333 0.366667 0.400000 0.433333 0.466667 0.500000
0.533333 0.566667 0.600000 0.633333 0.666667 0.700000 0.733333 0.766667 0.800000 0.833333 0.866667 0.900000 0.933333 0.966667 1.000000 1.033333
1.066667 1.100000 1.133333 1.166667 1.200000 1.233333 1.266667 1.300000 1.333333 1.366667 1.400000 1.433333 1.466667 1.500000 1.533333 1.566667
1.600000 1.633333 1.666667 1.700000 1.733333 1.766667 1.800000 1.833333 1.866667 1.900000 1.933333 1.966667 2.000000 2.033333 2.066667 2.100000
2.133333 2.166667 2.200000 2.233333 2.266667 2.300000</float_array><technique_common><accessor source="#mixamorig_Spine-Matrix-animation-input-array" count="70"><param name="TIME" type="float"/></accessor></technique_common></source><source id="mixamorig_Spine-Matrix-animation-output-transform"><float_array id="mixamorig_Spine-Matrix-animation-output-transform-array" count="1120">

0.997679 0.043398 0.052476 0.012400 -0.039365 0.996362 -0.075579 10.445200 -0.055565 0.073337 0.995758 -0.996300 0.000000 0.000000 0.000000 1.000000
0.997672 0.043837 0.052237 0.012400 -0.039812 0.996332 -0.075751 10.445200 -0.055366 0.073495 0.995758 -0.996300 0.000000 0.000000 0.000000 1.000000
0.997655 0.044723 0.051809 0.012400 -0.040726 0.996291 -0.075794 10.445200 -0.055007 0.073506 0.995777 -0.996300 0.000000 0.000000 0.000000 1.000000
0.997682 0.046038 0.050117 0.012400 -0.042182 0.996256 -0.075459 10.445200 -0.053403 0.073170 0.995889 -0.996300 0.000000 0.000000 0.000000 1.000000
0.997763 0.048233 0.046293 0.012400 -0.044712 0.996234 -0.074283 10.445200 -0.049701 0.072047 0.996162 -0.996300 0.000000 0.000000 0.000000 1.000000
0.997654 0.053093 0.043207 0.012400 -0.049927 0.996203 -0.071325 10.445200 -0.046830 0.069000 0.996517 -0.996300 0.000000 0.000000 0.000000 1.000000
0.997204 0.059489 0.045219 0.012400 -0.056453 0.996241 -0.065696 10.445200 -0.048957 0.062960 0.996815 -0.996300 0.000000 0.000000 0.000000 1.000000
0.996599 0.063462 0.052558 0.012400 -0.060371 0.996463 -0.058447 10.445200 -0.056081 0.055076 0.996906 -0.996300 0.000000 0.000000 0.000000 1.000000
0.996247 0.062993 0.059356 0.012400 -0.059916 0.996834 -0.052261 10.445200 -0.062460 0.048508 0.996868 -0.996300 0.000000 0.000000 0.000000 1.000000
0.996416 0.058965 0.060653 0.012400 -0.056109 0.997282 -0.047752 10.445200 -0.063304 0.044178 0.997016 -0.996300 0.000000 0.000000 0.000000 1.000000
0.997126 0.050728 0.056276 0.012400 -0.048164 0.997779 -0.046011 10.445200 -0.058485 0.043169 0.997354 -0.996300 0.000000 0.000000 0.000000 1.000000
0.998060 0.035988 0.050801 0.012400 -0.033612 0.998335 -0.046871 10.445200 -0.052403 0.045072 0.997608 -0.996300 0.000000 0.000000 0.000000 1.000000
0.998742 0.016286 0.047426 0.012400 -0.013876 0.998617 -0.050707 10.445200 -0.048186 0.049985 0.997587 -0.996300 0.000000 0.000000 0.000000 1.000000
0.998879 -0.005273 0.047036 0.012400 0.007919 0.998386 -0.056244 10.445200 -0.046664 0.056554 0.997308 -0.996300 0.000000 0.000000 0.000000 1.000000
0.998479 -0.027198 0.047957 0.012400 0.030142 0.997636 -0.061763 10.445200 -0.046164 0.063115 0.996938 -0.996300 0.000000 0.000000 0.000000 1.000000
0.997641 -0.049587 0.047476 0.012400 0.052770 0.996267 -0.068315 10.445200 -0.043911 0.070659 0.996534 -0.996300 0.000000 0.000000 0.000000 1.000000
0.996484 -0.070984 0.044502 0.012400 0.074319 0.994147 -0.078414 10.445200 -0.038676 0.081445 0.995927 -0.996300 0.000000 0.000000 0.000000 1.000000
0.995163 -0.089403 0.040723 0.012400 0.092837 0.991405 -0.092177 10.445200 -0.032133 0.095512 0.994910 -0.996300 0.000000 0.000000 0.000000 1.000000
0.993714 -0.105210 0.038245 0.012400 0.108763 0.988253 -0.107357 10.445200 -0.026501 0.110842 0.993485 -0.996300 0.000000 0.000000 0.000000 1.000000
0.992238 -0.118383 0.038062 0.012400 0.122173 0.985111 -0.120959 10.445200 -0.023176 0.124670 0.991928 -0.996300 0.000000 0.000000 0.000000 1.000000
0.990590 -0.130708 0.040579 0.012400 0.134965 0.982129 -0.131179 10.445200 -0.022708 0.135421 0.990528 -0.996300 0.000000 0.000000 0.000000 1.000000
0.988727 -0.143634 0.042294 0.012400 0.148217 0.978942 -0.140369 10.445200 -0.021242 0.145056 0.989195 -0.996300 0.000000 0.000000 0.000000 1.000000
0.986678 -0.157207 0.041867 0.012400 0.161799 0.975088 -0.151736 10.445200 -0.016970 0.156488 0.987534 -0.996300 0.000000 0.000000 0.000000 1.000000
0.984809 -0.168580 0.041622 0.012400 0.173178 0.971055 -0.164505 10.445200 -0.012684 0.169214 0.985498 -0.996300 0.000000 0.000000 0.000000 1.000000
0.983607 -0.175581 0.041090 0.012400 0.180114 0.967623 -0.176818 10.445200 -0.008714 0.181321 0.983385 -0.996300 0.000000 0.000000 0.000000 1.000000
0.983100 -0.178833 0.039144 0.012400 0.183020 0.964964 -0.188010 10.445200 -0.004151 0.191997 0.981387 -0.996300 0.000000 0.000000 0.000000 1.000000
0.983030 -0.179852 0.036131 0.012400 0.183443 0.962820 -0.198307 10.445200 0.000878 0.201569 0.979474 -0.996300 0.000000 0.000000 0.000000 1.000000
0.983276 -0.178812 0.034557 0.012400 0.182081 0.961265 -0.206921 10.445200 0.003781 0.209752 0.977747 -0.996300 0.000000 0.000000 0.000000 1.000000
0.983758 -0.175768 0.036409 0.012400 0.179482 0.960361 -0.213291 10.445200 0.002524 0.216361 0.976310 -0.996300 0.000000 0.000000 0.000000 1.000000
0.984252 -0.172403 0.039051 0.012400 0.176770 0.959889 -0.217634 10.445200 0.000036 0.221110 0.975249 -0.996300 0.000000 0.000000 0.000000 1.000000
0.984604 -0.170009 0.040635 0.012400 0.174791 0.959651 -0.220266 10.445200 -0.001548 0.223978 0.974593 -0.996300 0.000000 0.000000 0.000000 1.000000
0.985038 -0.167368 0.041084 0.012400 0.172319 0.959920 -0.221044 10.445200 -0.002442 0.224817 0.974398 -0.996300 0.000000 0.000000 0.000000 1.000000
0.985743 -0.162833 0.042377 0.012400 0.168190 0.960722 -0.220737 10.445200 -0.004769 0.224717 0.974412 -0.996300 0.000000 0.000000 0.000000 1.000000
0.986610 -0.156776 0.044975 0.012400 0.162856 0.962009 -0.219126 10.445200 -0.008913 0.223516 0.974659 -0.996300 0.000000 0.000000 0.000000 1.000000
0.987726 -0.149133 0.046432 0.012400 0.155699 0.963724 -0.216782 10.445200 -0.012418 0.221350 0.975115 -0.996300 0.000000 0.000000 0.000000 1.000000
0.989232 -0.138951 0.045970 0.012400 0.145631 0.965770 -0.214662 10.445200 -0.014569 0.219045 0.975606 -0.996300 0.000000 0.000000 0.000000 1.000000
0.990842 -0.126523 0.047169 0.012400 0.133714 0.968020 -0.212267 10.445200 -0.018804 0.216630 0.976073 -0.996300 0.000000 0.000000 0.000000 1.000000
0.992388 -0.111884 0.051463 0.012400 0.120246 0.970563 -0.208682 10.445200 -0.026600 0.213282 0.976629 -0.996300 0.000000 0.000000 0.000000 1.000000
0.993734 -0.094833 0.059160 0.012400 0.105047 0.973226 -0.204443 10.445200 -0.038188 0.209377 0.977089 -0.996300 0.000000 0.000000 0.000000 1.000000
0.994519 -0.076751 0.071002 0.012400 0.089584 0.975667 -0.200120 10.445200 -0.053915 0.205384 0.977195 -0.996300 0.000000 0.000000 0.000000 1.000000
0.994887 -0.057713 0.082875 0.012400 0.072982 0.978085 -0.194998 10.445200 -0.069805 0.200049 0.977296 -0.996300 0.000000 0.000000 0.000000 1.000000
0.995039 -0.039333 0.091379 0.012400 0.056139 0.980305 -0.189344 10.445200 -0.082132 0.193534 0.977650 -0.996300 0.000000 0.000000 0.000000 1.000000
0.994984 -0.022431 0.097483 0.012400 0.040109 0.982225 -0.183371 10.445200 -0.091637 0.186361 0.978198 -0.996300 0.000000 0.000000 0.000000 1.000000
0.994714 -0.005878 0.102520 0.012400 0.023916 0.984167 -0.175623 10.445200 -0.099864 0.177147 0.979105 -0.996300 0.000000 0.000000 0.000000 1.000000
0.994298 0.010894 0.106082 0.012400 0.006783 0.986294 -0.164857 10.445200 -0.106424 0.164637 0.980596 -0.996300 0.000000 0.000000 0.000000 1.000000
0.993813 0.026229 0.107920 0.012400 -0.009486 0.988209 -0.152816 10.445200 -0.110656 0.150846 0.982344 -0.996300 0.000000 0.000000 0.000000 1.000000
0.993307 0.038743 0.108812 0.012400 -0.023129 0.989703 -0.141255 10.445200 -0.113164 0.137793 0.983975 -0.996300 0.000000 0.000000 0.000000 1.000000
0.992894 0.048304 0.108757 0.012400 -0.033826 0.990774 -0.131232 10.445200 -0.114093 0.126620 0.985368 -0.996300 0.000000 0.000000 0.000000 1.000000
0.992729 0.053684 0.107739 0.012400 -0.040370 0.991690 -0.122155 10.445200 -0.113401 0.116917 0.986646 -0.996300 0.000000 0.000000 0.000000 1.000000
0.992794 0.055708 0.106095 0.012400 -0.043558 0.992574 -0.113580 10.445200 -0.111634 0.108140 0.987848 -0.996300 0.000000 0.000000 0.000000 1.000000
0.993117 0.055229 0.103289 0.012400 -0.044259 0.993420 -0.105631 10.445200 -0.108443 0.100332 0.989027 -0.996300 0.000000 0.000000 0.000000 1.000000
0.993716 0.053157 0.098508 0.012400 -0.043382 0.994157 -0.098844 10.445200 -0.103187 0.093949 0.990215 -0.996300 0.000000 0.000000 0.000000 1.000000
0.994561 0.050169 0.091280 0.012400 -0.041639 0.994789 -0.093065 10.445200 -0.095473 0.088758 0.991467 -0.996300 0.000000 0.000000 0.000000 1.000000
0.995478 0.046523 0.082822 0.012400 -0.039173 0.995327 -0.088256 10.445200 -0.086541 0.084612 0.992649 -0.996300 0.000000 0.000000 0.000000 1.000000
0.996322 0.042749 0.074268 0.012400 -0.036415 0.995745 -0.084648 10.445200 -0.077570 0.081632 0.993639 -0.996300 0.000000 0.000000 0.000000 1.000000
0.996990 0.039834 0.066508 0.012400 -0.034307 0.996019 -0.082276 10.445200 -0.069520 0.079747 0.994388 -0.996300 0.000000 0.000000 0.000000 1.000000
0.997452 0.038295 0.060197 0.012400 -0.033372 0.996175 -0.080762 10.445200 -0.063059 0.078548 0.994914 -0.996300 0.000000 0.000000 0.000000 1.000000
0.997792 0.037412 0.054872 0.012400 -0.033004 0.996316 -0.079148 10.445200 -0.057631 0.077163 0.995352 -0.996300 0.000000 0.000000 0.000000 1.000000
0.998077 0.036127 0.050376 0.012400 -0.032159 0.996477 -0.077462 10.445200 -0.052997 0.075693 0.995722 -0.996300 0.000000 0.000000 0.000000 1.000000
0.998339 0.034370 0.046231 0.012400 -0.030791 0.996631 -0.076021 10.445200 -0.048688 0.074471 0.996034 -0.996300 0.000000 0.000000 0.000000 1.000000
0.998525 0.033167 0.042995 0.012400 -0.029885 0.996748 -0.074832 10.445200 -0.045337 0.073437 0.996269 -0.996300 0.000000 0.000000 0.000000 1.000000
0.998583 0.032842 0.041882 0.012400 -0.029674 0.996805 -0.074152 10.445200 -0.044183 0.072805 0.996367 -0.996300 0.000000 0.000000 0.000000 1.000000
0.998540 0.033260 0.042568 0.012400 -0.030040 0.996793 -0.074171 10.445200 -0.044899 0.072784 0.996337 -0.996300 0.000000 0.000000 0.000000 1.000000
0.998409 0.034228 0.044818 0.012400 -0.030826 0.996743 -0.074517 10.445200 -0.047223 0.073017 0.996212 -0.996300 0.000000 0.000000 0.000000 1.000000
0.998221 0.035712 0.047736 0.012400 -0.032065 0.996661 -0.075085 10.445200 -0.050259 0.073421 0.996034 -0.996300 0.000000 0.000000 0.000000 1.000000
0.998030 0.037624 0.050206 0.012400 -0.033737 0.996525 -0.076156 10.445200 -0.052896 0.074312 0.995831 -0.996300 0.000000 0.000000 0.000000 1.000000
0.997901 0.039397 0.051388 0.012400 -0.035380 0.996413 -0.076879 10.445200 -0.054232 0.074899 0.995715 -0.996300 0.000000 0.000000 0.000000 1.000000
0.997834 0.040676 0.051703 0.012400 -0.036627 0.996361 -0.076967 10.445200 -0.054646 0.074906 0.995692 -0.996300 0.000000 0.000000 0.000000 1.000000
0.997758 0.041874 0.052211 0.012400 -0.037817 0.996360 -0.076395 10.445200 -0.055220 0.074249 0.995710 -0.996300 0.000000 0.000000 0.000000 1.000000
0.997692 0.042981 0.052558 0.012400 -0.038947 0.996385 -0.075504 10.445200 -0.055613 0.073283 0.995759 -0.996300 0.000000 0.000000 0.000000 1.000000</float_array><technique_common><accessor source="#mixamorig_Spine-Matrix-animation-output-transform-array" count="70" stride="16"><param type="float4x4"/></accessor></technique_common></source><source id="mixamorig_Spine-Interpolations"><Name_array id="mixamorig_Spine-Interpolations-array" count="70">
 LINEAR LINEAR LINEAR LINEAR LINEAR LINEAR LINEAR LINEAR LINEAR LINEAR LINEAR
LINEAR LINEAR LINEAR LINEAR LINEAR LINEAR LINEAR LINEAR LINEAR LINEAR LINEAR LINEAR
LINEAR LINEAR LINEAR LINEAR LINEAR LINEAR LINEAR LINEAR LINEAR LINEAR LINEAR LINEAR
LINEAR LINEAR LINEAR LINEAR LINEAR LINEAR LINEAR LINEAR LINEAR LINEAR LINEAR LINEAR
LINEAR LINEAR LINEAR LINEAR LINEAR LINEAR LINEAR LINEAR LINEAR LINEAR LINEAR LINEAR
LINEAR LINEAR LINEAR LINEAR LINEAR LINEAR LINEAR LINEAR LINEAR LINEAR LINEAR</Name_array><technique_common><accessor source="#mixamorig_Spine-Interpolations-array" count="70"><param type="name"/></accessor></technique_common></source><sampler id="mixamorig_Spine-Matrix-animation-transform"><input semantic="INPUT" source="#mixamorig_Spine-Matrix-animation-input"/><input semantic="OUTPUT" source="#mixamorig_Spine-Matrix-animation-output-transform"/><input semantic="INTERPOLATION" source="#mixamorig_Spine-Interpolations"/></sampler><channel source="#mixamorig_Spine-Matrix-animation-transform" target="mixamorig_Spine/matrix"/></animation>
    <animation id="mixamorig_Spine1-anim" name="mixamorig_Spine1"><source id="mixamorig_Spine1-Matrix-animation-input"><float_array id="mixamorig_Spine1-Matrix-animation-input-array" count="70">

0.000000 0.033333 0.066667 0.100000 0.133333 0.166667 0.200000 0.233333 0.266667 0.300000 0.333333 0.366667 0.400000 0.433333 0.466667 0.500000
0.533333 0.566667 0.600000 0.633333 0.666667 0.700000 0.733333 0.766667 0.800000 0.833333 0.866667 0.900000 0.933333 0.966667 1.000000 1.033333
1.066667 1.100000 1.133333 1.166667 1.200000 1.233333 1.266667 1.300000 1.333333 1.366667 1.400000 1.433333 1.466667 1.500000 1.533333 1.566667
1.600000 1.633333 1.666667 1.700000 1.733333 1.766667 1.800000 1.833333 1.866667 1.900000 1.933333 1.966667 2.000000 2.033333 2.066667 2.100000
2.133333 2.166667 2.200000 2.233333 2.266667 2.300000</float_array><technique_common><accessor source="#mixamorig_Spine1-Matrix-animation-input-array" count="70"><param name="TIME" type="float"/></accessor></technique_common></source><source id="mixamorig_Spine1-Matrix-animation-output-transform"><float_array id="mixamorig_Spine1-Matrix-animation-output-transform-array" count="1120">

0.999794 -0.017589 0.010085 0.014600 0.017530 0.999829 0.005855 12.186100 -0.010187 -0.005677 0.999932 -1.162300 0.000000 0.000000 0.000000 1.000000
0.999798 -0.017390 0.010032 0.014600 0.017333 0.999834 0.005684 12.186100 -0.010130 -0.005509 0.999934 -1.162300 0.000000 0.000000 0.000000 1.000000
0.999805 -0.017067 0.009983 0.014600 0.017015 0.999841 0.005300 12.186100 -0.010072 -0.005129 0.999936 -1.162300 0.000000 0.000000 0.000000 1.000000
0.999814 -0.016592 0.009802 0.014600 0.016544 0.999851 0.004967 12.186100 -0.009882 -0.004804 0.999940 -1.162300 0.000000 0.000000 0.000000 1.000000
0.999832 -0.015957 0.009066 0.014600 0.015913 0.999862 0.004852 12.186100 -0.009142 -0.004707 0.999947 -1.162300 0.000000 0.000000 0.000000 1.000000
0.999840 -0.015592 0.008777 0.014600 0.015555 0.999870 0.004216 12.186100 -0.008842 -0.004079 0.999953 -1.162300 0.000000 0.000000 0.000000 1.000000
0.999831 -0.015883 0.009265 0.014600 0.015853 0.999869 0.003249 12.186100 -0.009315 -0.003102 0.999952 -1.162300 0.000000 0.000000 0.000000 1.000000
0.999809 -0.016539 0.010396 0.014600 0.016516 0.999861 0.002343 12.186100 -0.010433 -0.002171 0.999943 -1.162300 0.000000 0.000000 0.000000 1.000000
0.999779 -0.017676 0.011408 0.014600 0.017651 0.999842 0.002256 12.186100 -0.011446 -0.002054 0.999932 -1.162300 0.000000 0.000000 0.000000 1.000000
0.999745 -0.019238 0.011793 0.014600 0.019221 0.999814 0.001563 12.186100 -0.011821 -0.001336 0.999929 -1.162300 0.000000 0.000000 0.000000 1.000000
0.999723 -0.020648 0.011283 0.014600 0.020647 0.999787 0.000194 12.186100 -0.011285 0.000039 0.999936 -1.162300 0.000000 0.000000 0.000000 1.000000
0.999716 -0.021455 0.010376 0.014600 0.021474 0.999768 -0.001683 12.186100 -0.010337 0.001905 0.999945 -1.162300 0.000000 0.000000 0.000000 1.000000
0.999718 -0.021634 0.009742 0.014600 0.021664 0.999761 -0.002923 12.186100 -0.009677 0.003133 0.999948 -1.162300 0.000000 0.000000 0.000000 1.000000
0.999731 -0.021224 0.009329 0.014600 0.021257 0.999768 -0.003519 12.186100 -0.009252 0.003717 0.999950 -1.162300 0.000000 0.000000 0.000000 1.000000
0.999737 -0.021093 0.009032 0.014600 0.021129 0.999769 -0.003846 12.186100 -0.008949 0.004036 0.999952 -1.162300 0.000000 0.000000 0.000000 1.000000
0.999741 -0.021117 0.008431 0.014600 0.021151 0.999768 -0.003974 12.186100 -0.008345 0.004152 0.999957 -1.162300 0.000000 0.000000 0.000000 1.000000
0.999752 -0.021023 0.007309 0.014600 0.021054 0.999769 -0.004230 12.186100 -0.007219 0.004383 0.999964 -1.162300 0.000000 0.000000 0.000000 1.000000
0.999764 -0.020866 0.005998 0.014600 0.020896 0.999770 -0.004905 12.186100 -0.005894 0.005029 0.999970 -1.162300 0.000000 0.000000 0.000000 1.000000
0.999767 -0.020977 0.005012 0.014600 0.021007 0.999762 -0.005938 12.186100 -0.004886 0.006042 0.999970 -1.162300 0.000000 0.000000 0.000000 1.000000
0.999756 -0.021603 0.004555 0.014600 0.021634 0.999742 -0.006870 12.186100 -0.004405 0.006966 0.999966 -1.162300 0.000000 0.000000 0.000000 1.000000
0.999731 -0.022777 0.004293 0.014600 0.022808 0.999713 -0.007317 12.186100 -0.004125 0.007413 0.999964 -1.162300 0.000000 0.000000 0.000000 1.000000
0.999700 -0.024196 0.003889 0.014600 0.024223 0.999682 -0.007073 12.186100 -0.003716 0.007165 0.999967 -1.162300 0.000000 0.000000 0.000000 1.000000
0.999662 -0.025781 0.003297 0.014600 0.025804 0.999641 -0.007173 12.186100 -0.003111 0.007256 0.999969 -1.162300 0.000000 0.000000 0.000000 1.000000
0.999625 -0.027225 0.002882 0.014600 0.027247 0.999596 -0.008074 12.186100 -0.002661 0.008149 0.999963 -1.162300 0.000000 0.000000 0.000000 1.000000
0.999587 -0.028647 0.002360 0.014600 0.028667 0.999548 -0.009028 12.186100 -0.002100 0.009092 0.999956 -1.162300 0.000000 0.000000 0.000000 1.000000
0.999568 -0.029322 0.002022 0.014600 0.029340 0.999525 -0.009422 12.186100 -0.001745 0.009477 0.999954 -1.162300 0.000000 0.000000 0.000000 1.000000
0.999544 -0.030134 0.001776 0.014600 0.030150 0.999499 -0.009658 12.186100 -0.001484 0.009707 0.999952 -1.162300 0.000000 0.000000 0.000000 1.000000
0.999540 -0.030262 0.002120 0.014600 0.030281 0.999493 -0.009802 12.186100 -0.001822 0.009862 0.999950 -1.162300 0.000000 0.000000 0.000000 1.000000
0.999560 -0.029484 0.003295 0.014600 0.029516 0.999513 -0.010154 12.186100 -0.002994 0.010247 0.999943 -1.162300 0.000000 0.000000 0.000000 1.000000
0.999589 -0.028307 0.004496 0.014600 0.028353 0.999542 -0.010553 12.186100 -0.004195 0.010676 0.999934 -1.162300 0.000000 0.000000 0.000000 1.000000
0.999615 -0.027201 0.005487 0.014600 0.027261 0.999565 -0.011216 12.186100 -0.005179 0.011361 0.999922 -1.162300 0.000000 0.000000 0.000000 1.000000
0.999642 -0.026022 0.006265 0.014600 0.026092 0.999593 -0.011500 12.186100 -0.005963 0.011659 0.999914 -1.162300 0.000000 0.000000 0.000000 1.000000
0.999674 -0.024454 0.007367 0.014600 0.024537 0.999634 -0.011358 12.186100 -0.007086 0.011535 0.999908 -1.162300 0.000000 0.000000 0.000000 1.000000
0.999705 -0.022661 0.008722 0.014600 0.022755 0.999683 -0.010817 12.186100 -0.008474 0.011012 0.999903 -1.162300 0.000000 0.000000 0.000000 1.000000
0.999744 -0.020358 0.009868 0.014600 0.020457 0.999741 -0.009960 12.186100 -0.009662 0.010160 0.999902 -1.162300 0.000000 0.000000 0.000000 1.000000
0.999795 -0.017311 0.010544 0.014600 0.017405 0.999809 -0.008864 12.186100 -0.010389 0.009046 0.999905 -1.162300 0.000000 0.000000 0.000000 1.000000
0.999837 -0.014043 0.011333 0.014600 0.014130 0.999871 -0.007644 12.186100 -0.011224 0.007803 0.999907 -1.162300 0.000000 0.000000 0.000000 1.000000
0.999862 -0.011000 0.012452 0.014600 0.011080 0.999918 -0.006363 12.186100 -0.012381 0.006500 0.999902 -1.162300 0.000000 0.000000 0.000000 1.000000
0.999860 -0.009173 0.013970 0.014600 0.009249 0.999943 -0.005365 12.186100 -0.013920 0.005493 0.999888 -1.162300 0.000000 0.000000 0.000000 1.000000
0.999833 -0.009256 0.015767 0.014600 0.009331 0.999945 -0.004711 12.186100 -0.015722 0.004857 0.999865 -1.162300 0.000000 0.000000 0.000000 1.000000
0.999800 -0.009949 0.017329 0.014600 0.010011 0.999944 -0.003521 12.186100 -0.017293 0.003694 0.999844 -1.162300 0.000000 0.000000 0.000000 1.000000
0.999783 -0.010357 0.018083 0.014600 0.010399 0.999943 -0.002249 12.186100 -0.018059 0.002437 0.999834 -1.162300 0.000000 0.000000 0.000000 1.000000
0.999773 -0.010278 0.018650 0.014600 0.010302 0.999946 -0.001166 12.186100 -0.018637 0.001358 0.999825 -1.162300 0.000000 0.000000 0.000000 1.000000
0.999765 -0.010137 0.019178 0.014600 0.010146 0.999948 -0.000377 12.186100 -0.019173 0.000572 0.999816 -1.162300 0.000000 0.000000 0.000000 1.000000
0.999756 -0.010246 0.019582 0.014600 0.010236 0.999947 0.000648 12.186100 -0.019587 -0.000448 0.999808 -1.162300 0.000000 0.000000 0.000000 1.000000
0.999745 -0.010582 0.019938 0.014600 0.010560 0.999944 0.001172 12.186100 -0.019949 -0.000961 0.999801 -1.162300 0.000000 0.000000 0.000000 1.000000
0.999737 -0.011139 0.020065 0.014600 0.011121 0.999938 0.000996 12.186100 -0.020075 -0.000773 0.999798 -1.162300 0.000000 0.000000 0.000000 1.000000
0.999729 -0.012073 0.019896 0.014600 0.012068 0.999927 0.000378 12.186100 -0.019899 -0.000138 0.999802 -1.162300 0.000000 0.000000 0.000000 1.000000
0.999723 -0.012969 0.019621 0.014600 0.012969 0.999916 0.000122 12.186100 -0.019621 0.000133 0.999807 -1.162300 0.000000 0.000000 0.000000 1.000000
0.999715 -0.013937 0.019407 0.014600 0.013932 0.999903 0.000405 12.186100 -0.019410 -0.000134 0.999812 -1.162300 0.000000 0.000000 0.000000 1.000000
0.999713 -0.015016 0.018668 0.014600 0.015006 0.999887 0.000710 12.186100 -0.018677 -0.000430 0.999825 -1.162300 0.000000 0.000000 0.000000 1.000000
0.999711 -0.015877 0.018031 0.014600 0.015856 0.999873 0.001289 12.186100 -0.018049 -0.001003 0.999837 -1.162300 0.000000 0.000000 0.000000 1.000000
0.999726 -0.016487 0.016644 0.014600 0.016463 0.999863 0.001600 12.186100 -0.016668 -0.001326 0.999860 -1.162300 0.000000 0.000000 0.000000 1.000000
0.999747 -0.016864 0.014911 0.014600 0.016845 0.999857 0.001401 12.186100 -0.014932 -0.001149 0.999888 -1.162300 0.000000 0.000000 0.000000 1.000000
0.999766 -0.016810 0.013612 0.014600 0.016793 0.999858 0.001350 12.186100 -0.013633 -0.001121 0.999906 -1.162300 0.000000 0.000000 0.000000 1.000000
0.999790 -0.016487 0.012163 0.014600 0.016472 0.999863 0.001325 12.186100 -0.012183 -0.001124 0.999925 -1.162300 0.000000 0.000000 0.000000 1.000000
0.999803 -0.016377 0.011197 0.014600 0.016363 0.999865 0.001370 12.186100 -0.011218 -0.001186 0.999936 -1.162300 0.000000 0.000000 0.000000 1.000000
0.999813 -0.016347 0.010334 0.014600 0.016333 0.999866 0.001450 12.186100 -0.010356 -0.001281 0.999946 -1.162300 0.000000 0.000000 0.000000 1.000000
0.999826 -0.016089 0.009448 0.014600 0.016075 0.999870 0.001538 12.186100 -0.009472 -0.001386 0.999954 -1.162300 0.000000 0.000000 0.000000 1.000000
0.999834 -0.015927 0.008861 0.014600 0.015913 0.999872 0.001669 12.186100 -0.008886 -0.001528 0.999959 -1.162300 0.000000 0.000000 0.000000 1.000000
0.999843 -0.015696 0.008264 0.014600 0.015682 0.999875 0.001797 12.186100 -0.008292 -0.001667 0.999964 -1.162300 0.000000 0.000000 0.000000 1.000000
0.999843 -0.015754 0.008094 0.014600 0.015738 0.999874 0.001997 12.186100 -0.008125 -0.001869 0.999965 -1.162300 0.000000 0.000000 0.000000 1.000000
0.999839 -0.015955 0.008223 0.014600 0.015937 0.999870 0.002294 12.186100 -0.008258 -0.002162 0.999964 -1.162300 0.000000 0.000000 0.000000 1.000000
0.999830 -0.016301 0.008606 0.014600 0.016277 0.999863 0.002914 12.186100 -0.008652 -0.002774 0.999959 -1.162300 0.000000 0.000000 0.000000 1.000000
0.999819 -0.016699 0.009106 0.014600 0.016666 0.999854 0.003684 12.186100 -0.009166 -0.003531 0.999952 -1.162300 0.000000 0.000000 0.000000 1.000000
0.999809 -0.017078 0.009550 0.014600 0.017035 0.999844 0.004656 12.186100 -0.009628 -0.004493 0.999944 -1.162300 0.000000 0.000000 0.000000 1.000000
0.999803 -0.017249 0.009797 0.014600 0.017196 0.999837 0.005478 12.186100 -0.009890 -0.005309 0.999937 -1.162300 0.000000 0.000000 0.000000 1.000000
0.999801 -0.017303 0.009902 0.014600 0.017245 0.999834 0.005930 12.186100 -0.010003 -0.005758 0.999933 -1.162300 0.000000 0.000000 0.000000 1.000000
0.999798 -0.017440 0.010026 0.014600 0.017379 0.999831 0.006059 12.186100 -0.010130 -0.005884 0.999931 -1.162300 0.000000 0.000000 0.000000 1.000000
0.999794 -0.017616 0.010091 0.014600 0.017556 0.999828 0.005958 12.186100 -0.010194 -0.005780 0.999931 -1.162300 0.000000 0.000000 0.000000 1.000000</float_array><technique_common><accessor source="#mixamorig_Spine1-Matrix-animation-output-transform-array" count="70" stride="16"><param type="float4x4"/></accessor></technique_common></source><source id="mixamorig_Spine1-Interpolations"><Name_array id="mixamorig_Spine1-Interpolations-array" count="70">
 LINEAR LINEAR LINEAR LINEAR LINEAR LINEAR LINEAR LINEAR LINEAR LINEAR LINEAR
LINEAR LINEAR LINEAR LINEAR LINEAR LINEAR LINEAR LINEAR LINEAR LINEAR LINEAR LINEAR
LINEAR LINEAR LINEAR LINEAR LINEAR LINEAR LINEAR LINEAR LINEAR LINEAR LINEAR LINEAR
LINEAR LINEAR LINEAR LINEAR LINEAR LINEAR LINEAR LINEAR LINEAR LINEAR LINEAR LINEAR
LINEAR LINEAR LINEAR LINEAR LINEAR LINEAR LINEAR LINEAR LINEAR LINEAR LINEAR LINEAR
LINEAR LINEAR LINEAR LINEAR LINEAR LINEAR LINEAR LINEAR LINEAR LINEAR LINEAR</Name_array><technique_common><accessor source="#mixamorig_Spine1-Interpolations-array" count="70"><param type="name"/></accessor></technique_common></source><sampler id="mixamorig_Spine1-Matrix-animation-transform"><input semantic="INPUT" source="#mixamorig_Spine1-Matrix-animation-input"/><input semantic="OUTPUT" source="#mixamorig_Spine1-Matrix-animation-output-transform"/><input semantic="INTERPOLATION" source="#mixamorig_Spine1-Interpolations"/></sampler><channel source="#mixamorig_Spine1-Matrix-animation-transform" target="mixamorig_Spine1/matrix"/></animation>
    <animation id="mixamorig_Spine2-anim" name="mixamorig_Spine2"><source id="mixamorig_Spine2-Matrix-animation-input"><float_array id="mixamorig_Spine2-Matrix-animation-input-array" count="70">

0.000000 0.033333 0.066667 0.100000 0.133333 0.166667 0.200000 0.233333 0.266667 0.300000 0.333333 0.366667 0.400000 0.433333 0.466667 0.500000
0.533333 0.566667 0.600000 0.633333 0.666667 0.700000 0.733333 0.766667 0.800000 0.833333 0.866667 0.900000 0.933333 0.966667 1.000000 1.033333
1.066667 1.100000 1.133333 1.166667 1.200000 1.233333 1.266667 1.300000 1.333333 1.366667 1.400000 1.433333 1.466667 1.500000 1.533333 1.566667
