<?xml version="1.0" encoding="utf-8"?>
<COLLADA xmlns="http://www.collada.org/2005/11/COLLADASchema" version="1.4.1">
  <asset><contributor><author>Mixamo</author><authoring_tool>COLLADA Mixamo exporter</authoring_tool><comments></comments></contributor><created>2018-04-27T01:30:49Z</created><modified>2018-04-27T01:30:49Z</modified><revision></revision><title></title><unit meter="0.010000"/><up_axis>Y_UP</up_axis></asset>
  <library_animations>
    <animation id="mixamorig_Hips-anim" name="mixamorig_Hips"><source id="mixamorig_Hips-Matrix-animation-input"><float_array id="mixamorig_Hips-Matrix-animation-input-array" count="64">

0.000000 0.033333 0.066667 0.100000 0.133333 0.166667 0.200000 0.233333 0.266667 0.300000 0.333333 0.366667 0.400000 0.433333 0.466667 0.500000
0.533333 0.566667 0.600000 0.633333 0.666667 0.700000 0.733333 0.766667 0.800000 0.833333 0.866667 0.900000 0.933333 0.966667 1.000000 1.033333
1.066667 1.100000 1.133333 1.166667 1.200000 1.233333 1.266667 1.300000 1.333333 1.366667 1.400000 1.433333 1.466667 1.500000 1.533333 1.566667
1.600000 1.633333 1.666667 1.700000 1.733333 1.766667 1.800000 1.833333 1.866667 1.900000 1.933333 1.966667 2.000000 2.033333 2.066667 2.100000</float_array><technique_common><accessor source="#mixamorig_Hips-Matrix-animation-input-array" count="64"><param name="TIME" type="float"/></accessor></technique_common></source><source id="mixamorig_Hips-Matrix-animation-output-transform"><float_array id="mixamorig_Hips-Matrix-animation-output-transform-array" count="1024">

0.575309 0.068192 -0.815089 -0.463781 0.036440 0.993392 0.108829 91.229546 0.817124 -0.092312 0.569022 -0.036184 0.000000 0.000000 0.000000 1.000000
0.575346 0.068706 -0.815019 -0.461838 0.036447 0.993322 0.109465 91.219383 0.817097 -0.092685 0.569000 -0.037574 0.000000 0.000000 0.000000 1.000000
0.575381 0.069257 -0.814948 -0.458637 0.036452 0.993247 0.110145 91.205849 0.817073 -0.093082 0.568970 -0.039904 0.000000 0.000000 0.000000 1.000000
0.575396 0.069852 -0.814887 -0.454001 0.036453 0.993166 0.110873 91.191078 0.817063 -0.093501 0.568917 -0.043294 0.000000 0.000000 0.000000 1.000000
0.575388 0.070489 -0.814838 -0.448025 0.036450 0.993079 0.111647 91.174812 0.817068 -0.093941 0.568836 -0.047682 0.000000 0.000000 0.000000 1.000000
0.575371 0.071161 -0.814791 -0.440855 0.036446 0.992988 0.112460 91.158257 0.817080 -0.094403 0.568742 -0.053009 0.000000 0.000000 0.000000 1.000000
0.575357 0.071862 -0.814739 -0.432543 0.036442 0.992891 0.113310 91.140778 0.817090 -0.094885 0.568648 -0.059285 0.000000 0.000000 0.000000 1.000000
0.575347 0.072591 -0.814682 -0.423148 0.036438 0.992790 0.114195 91.122459 0.817097 -0.095387 0.568553 -0.066447 0.000000 0.000000 0.000000 1.000000
0.575340 0.073344 -0.814620 -0.412781 0.036436 0.992684 0.115110 91.103394 0.817103 -0.095908 0.568458 -0.074394 0.000000 0.000000 0.000000 1.000000
0.575332 0.074121 -0.814554 -0.401495 0.036432 0.992575 0.116053 91.083313 0.817108 -0.096445 0.568360 -0.083021 0.000000 0.000000 0.000000 1.000000
0.575326 0.074917 -0.814486 -0.389377 0.036429 0.992461 0.117020 91.063438 0.817113 -0.096995 0.568259 -0.092318 0.000000 0.000000 0.000000 1.000000
0.575321 0.075731 -0.814414 -0.376491 0.036425 0.992344 0.118008 91.042473 0.817116 -0.097558 0.568158 -0.102174 0.000000 0.000000 0.000000 1.000000
0.575319 0.076560 -0.814338 -0.362927 0.036421 0.992224 0.119015 91.020584 0.817118 -0.098131 0.568057 -0.112575 0.000000 0.000000 0.000000 1.000000
0.575317 0.077399 -0.814260 -0.348747 0.036418 0.992102 0.120034 90.998978 0.817119 -0.098712 0.567954 -0.123518 0.000000 0.000000 0.000000 1.000000
0.575316 0.078246 -0.814180 -0.334020 0.036414 0.991976 0.121065 90.976440 0.817120 -0.099298 0.567851 -0.134901 0.000000 0.000000 0.000000 1.000000
0.575317 0.079103 -0.814097 -0.318740 0.036411 0.991849 0.122106 90.953934 0.817120 -0.099892 0.567747 -0.146750 0.000000 0.000000 0.000000 1.000000
0.575318 0.079969 -0.814011 -0.302990 0.036407 0.991719 0.123158 90.931053 0.817119 -0.100491 0.567643 -0.158951 0.000000 0.000000 0.000000 1.000000
0.575320 0.080830 -0.813924 -0.287022 0.036403 0.991589 0.124205 90.907715 0.817118 -0.101087 0.567539 -0.171284 0.000000 0.000000 0.000000 1.000000
0.575323 0.081671 -0.813838 -0.271166 0.036400 0.991460 0.125228 90.885048 0.817116 -0.101670 0.567437 -0.183586 0.000000 0.000000 0.000000 1.000000
0.575327 0.082521 -0.813750 -0.254863 0.036396 0.991329 0.126261 90.862053 0.817113 -0.102259 0.567335 -0.196168 0.000000 0.000000 0.000000 1.000000
0.575332 0.083453 -0.813651 -0.236704 0.036392 0.991184 0.127394 90.836349 0.817110 -0.102904 0.567224 -0.210257 0.000000 0.000000 0.000000 1.000000
0.575339 0.084508 -0.813538 -0.215775 0.036388 0.991019 0.128678 90.807526 0.817105 -0.103636 0.567097 -0.226530 0.000000 0.000000 0.000000 1.000000
0.575348 0.085629 -0.813414 -0.193247 0.036383 0.990841 0.130042 90.775986 0.817099 -0.104414 0.566963 -0.244023 0.000000 0.000000 0.000000 1.000000
0.575357 0.086731 -0.813291 -0.170779 0.036378 0.990664 0.131382 90.745361 0.817093 -0.105178 0.566830 -0.261485 0.000000 0.000000 0.000000 1.000000
0.575365 0.087778 -0.813173 -0.149098 0.036373 0.990495 0.132656 90.716057 0.817088 -0.105903 0.566703 -0.278312 0.000000 0.000000 0.000000 1.000000
0.575371 0.088776 -0.813060 -0.128191 0.036369 0.990332 0.133869 90.686836 0.817083 -0.106594 0.566580 -0.294560 0.000000 0.000000 0.000000 1.000000
0.575379 0.089727 -0.812950 -0.108044 0.036365 0.990175 0.135026 90.659882 0.817078 -0.107254 0.566463 -0.310264 0.000000 0.000000 0.000000 1.000000
0.575393 0.090624 -0.812841 -0.088867 0.036362 0.990025 0.136118 90.633942 0.817068 -0.107878 0.566358 -0.325235 0.000000 0.000000 0.000000 1.000000
0.575413 0.091455 -0.812733 -0.070891 0.036359 0.989885 0.137131 90.609711 0.817054 -0.108457 0.566268 -0.339245 0.000000 0.000000 0.000000 1.000000
0.575434 0.092214 -0.812633 -0.054255 0.036356 0.989757 0.138058 90.587387 0.817040 -0.108987 0.566187 -0.352206 0.000000 0.000000 0.000000 1.000000
0.575452 0.092896 -0.812542 -0.039227 0.036354 0.989640 0.138890 90.567169 0.817027 -0.109463 0.566113 -0.363924 0.000000 0.000000 0.000000 1.000000
0.575467 0.093496 -0.812463 -0.025931 0.036352 0.989538 0.139621 90.549576 0.817017 -0.109882 0.566047 -0.374265 0.000000 0.000000 0.000000 1.000000
0.575480 0.094006 -0.812395 -0.014536 0.036351 0.989449 0.140244 90.534058 0.817008 -0.110239 0.565991 -0.383126 0.000000 0.000000 0.000000 1.000000
0.575490 0.094419 -0.812340 -0.005222 0.036350 0.989378 0.140748 90.521942 0.817000 -0.110528 0.565945 -0.390387 0.000000 0.000000 0.000000 1.000000
0.575498 0.094728 -0.812298 0.001793 0.036346 0.989325 0.141122 90.512695 0.816995 -0.110740 0.565912 -0.395858 0.000000 0.000000 0.000000 1.000000
0.575503 0.094922 -0.812272 0.006299 0.036341 0.989292 0.141356 90.506989 0.816992 -0.110869 0.565891 -0.399372 0.000000 0.000000 0.000000 1.000000
0.575504 0.094997 -0.812262 0.008145 0.036339 0.989279 0.141447 90.504692 0.816991 -0.110921 0.565882 -0.400796 0.000000 0.000000 0.000000 1.000000
0.575503 0.094944 -0.812270 0.007225 0.036343 0.989287 0.141385 90.506477 0.816992 -0.110888 0.565887 -0.400121 0.000000 0.000000 0.000000 1.000000
0.575497 0.094745 -0.812297 0.003539 0.036347 0.989322 0.141144 90.512184 0.816996 -0.110753 0.565908 -0.397314 0.000000 0.000000 0.000000 1.000000
0.575485 0.094392 -0.812347 -0.002759 0.036349 0.989383 0.140713 90.523140 0.817004 -0.110506 0.565944 -0.392462 0.000000 0.000000 0.000000 1.000000
0.575470 0.093895 -0.812415 -0.011496 0.036349 0.989469 0.140105 90.537804 0.817015 -0.110157 0.565997 -0.385686 0.000000 0.000000 0.000000 1.000000
0.575458 0.093266 -0.812496 -0.022558 0.036351 0.989577 0.139338 90.556236 0.817023 -0.109718 0.566070 -0.377094 0.000000 0.000000 0.000000 1.000000
0.575454 0.092520 -0.812584 -0.035686 0.036354 0.989704 0.138432 90.578690 0.817026 -0.109202 0.566166 -0.366911 0.000000 0.000000 0.000000 1.000000
0.575454 0.091681 -0.812679 -0.050487 0.036359 0.989846 0.137413 90.603004 0.817026 -0.108623 0.566278 -0.355463 0.000000 0.000000 0.000000 1.000000
0.575455 0.090756 -0.812782 -0.066743 0.036364 0.990001 0.136291 90.630478 0.817025 -0.107985 0.566401 -0.342962 0.000000 0.000000 0.000000 1.000000
0.575454 0.089709 -0.812899 -0.085134 0.036369 0.990175 0.135018 90.660805 0.817025 -0.107261 0.566538 -0.328828 0.000000 0.000000 0.000000 1.000000
0.575455 0.088475 -0.813034 -0.106765 0.036375 0.990378 0.133520 90.696106 0.817024 -0.106409 0.566700 -0.312171 0.000000 0.000000 0.000000 1.000000
0.575455 0.087056 -0.813187 -0.131672 0.036382 0.990609 0.131796 90.736122 0.817024 -0.105428 0.566883 -0.292968 0.000000 0.000000 0.000000 1.000000
0.575455 0.085526 -0.813349 -0.158577 0.036389 0.990854 0.129937 90.779655 0.817023 -0.104370 0.567080 -0.272190 0.000000 0.000000 0.000000 1.000000
0.575455 0.083952 -0.813513 -0.186296 0.036396 0.991103 0.128024 90.822945 0.817023 -0.103280 0.567280 -0.250738 0.000000 0.000000 0.000000 1.000000
0.575455 0.082357 -0.813676 -0.214351 0.036404 0.991351 0.126087 90.867241 0.817023 -0.102179 0.567480 -0.229123 0.000000 0.000000 0.000000 1.000000
0.575456 0.080753 -0.813836 -0.242534 0.036412 0.991597 0.124138 90.910240 0.817022 -0.101069 0.567680 -0.207410 0.000000 0.000000 0.000000 1.000000
0.575456 0.079157 -0.813993 -0.270584 0.036419 0.991837 0.122198 90.952904 0.817021 -0.099965 0.567876 -0.185781 0.000000 0.000000 0.000000 1.000000
0.575457 0.077590 -0.814143 -0.298128 0.036426 0.992070 0.120294 90.994537 0.817021 -0.098880 0.568067 -0.164509 0.000000 0.000000 0.000000 1.000000
0.575456 0.076077 -0.814287 -0.324774 0.036432 0.992291 0.118454 91.033783 0.817021 -0.097831 0.568248 -0.143884 0.000000 0.000000 0.000000 1.000000
0.575456 0.074635 -0.814420 -0.350146 0.036438 0.992498 0.116701 91.071320 0.817020 -0.096832 0.568420 -0.124277 0.000000 0.000000 0.000000 1.000000
0.575460 0.073286 -0.814540 -0.373860 0.036444 0.992690 0.115061 91.105003 0.817017 -0.095898 0.568582 -0.105978 0.000000 0.000000 0.000000 1.000000
0.575459 0.072052 -0.814651 -0.395551 0.036449 0.992862 0.113561 91.136238 0.817018 -0.095043 0.568725 -0.089233 0.000000 0.000000 0.000000 1.000000
0.575436 0.070956 -0.814763 -0.414915 0.036450 0.993014 0.112223 91.163696 0.817034 -0.094275 0.568830 -0.074235 0.000000 0.000000 0.000000 1.000000
0.575389 0.070012 -0.814878 -0.431620 0.036447 0.993145 0.111064 91.187668 0.817067 -0.093605 0.568893 -0.061226 0.000000 0.000000 0.000000 1.000000
0.575333 0.069241 -0.814983 -0.445283 0.036441 0.993251 0.110111 91.206421 0.817107 -0.093049 0.568927 -0.050533 0.000000 0.000000 0.000000 1.000000
0.575289 0.068678 -0.815062 -0.455257 0.036437 0.993328 0.109417 91.220490 0.817138 -0.092644 0.568948 -0.042743 0.000000 0.000000 0.000000 1.000000
0.575271 0.068356 -0.815102 -0.461200 0.036434 0.993372 0.109020 91.228615 0.817151 -0.092414 0.568967 -0.038082 0.000000 0.000000 0.000000 1.000000
0.575308 0.068192 -0.815089 -0.463782 0.036440 0.993392 0.108829 91.229454 0.817124 -0.092312 0.569022 -0.036175 0.000000 0.000000 0.000000 1.000000</float_array><technique_common><accessor source="#mixamorig_Hips-Matrix-animation-output-transform-array" count="64" stride="16"><param type="float4x4"/></accessor></technique_common></source><source id="mixamorig_Hips-Interpolations"><Name_array id="mixamorig_Hips-Interpolations-array" count="64">
 LINEAR LINEAR LINEAR LINEAR LINEAR LINEAR LINEAR LINEAR LINEAR LINEAR LINEAR
LINEAR LINEAR LINEAR LINEAR LINEAR LINEAR LINEAR LINEAR LINEAR LINEAR LINEAR LINEAR
LINEAR LINEAR LINEAR LINEAR LINEAR LINEAR LINEAR LINEAR LINEAR LINEAR LINEAR LINEAR
LINEAR LINEAR LINEAR LINEAR LINEAR LINEAR LINEAR LINEAR LINEAR LINEAR LINEAR LINEAR
LINEAR LINEAR LINEAR LINEAR LINEAR LINEAR LINEAR LINEAR LINEAR LINEAR LINEAR LINEAR
LINEAR LINEAR LINEAR LINEAR LINEAR</Name_array><technique_common><accessor source="#mixamorig_Hips-Interpolations-array" count="64"><param type="name"/></accessor></technique_common></source><sampler id="mixamorig_Hips-Matrix-animation-transform"><input semantic="INPUT" source="#mixamorig_Hips-Matrix-animation-input"/><input semantic="OUTPUT" source="#mixamorig_Hips-Matrix-animation-output-transform"/><input semantic="INTERPOLATION" source="#mixamorig_Hips-Interpolations"/></sampler><channel source="#mixamorig_Hips-Matrix-animation-transform" target="mixamorig_Hips/matrix"/></animation>
    <animation id="mixamorig_Spine-anim" name="mixamorig_Spine"><source id="mixamorig_Spine-Matrix-animation-input"><float_array id="mixamorig_Spine-Matrix-animation-input-array" count="64">

0.000000 0.033333 0.066667 0.100000 0.133333 0.166667 0.200000 0.233333 0.266667 0.300000 0.333333 0.366667 0.400000 0.433333 0.466667 0.500000
0.533333 0.566667 0.600000 0.633333 0.666667 0.700000 0.733333 0.766667 0.800000 0.833333 0.866667 0.900000 0.933333 0.966667 1.000000 1.033333
1.066667 1.100000 1.133333 1.166667 1.200000 1.233333 1.266667 1.300000 1.333333 1.366667 1.400000 1.433333 1.466667 1.500000 1.533333 1.566667
1.600000 1.633333 1.666667 1.700000 1.733333 1.766667 1.800000 1.833333 1.866667 1.900000 1.933333 1.966667 2.000000 2.033333 2.066667 2.100000</float_array><technique_common><accessor source="#mixamorig_Spine-Matrix-animation-input-array" count="64"><param name="TIME" type="float"/></accessor></technique_common></source><source id="mixamorig_Spine-Matrix-animation-output-transform"><float_array id="mixamorig_Spine-Matrix-animation-output-transform-array" count="1024">

0.999943 -0.006545 0.008442 0.012400 0.007293 0.995742 -0.091897 10.445200 -0.007805 0.091953 0.995733 -0.996300 0.000000 0.000000 0.000000 1.000000
0.999943 -0.006587 0.008413 0.012400 0.007334 0.995723 -0.092098 10.445200 -0.007771 0.092154 0.995714 -0.996300 0.000000 0.000000 0.000000 1.000000
0.999943 -0.006628 0.008372 0.012400 0.007374 0.995694 -0.092403 10.445200 -0.007723 0.092459 0.995687 -0.996300 0.000000 0.000000 0.000000 1.000000
0.999943 -0.006677 0.008327 0.012400 0.007421 0.995656 -0.092810 10.445200 -0.007671 0.092866 0.995649 -0.996300 0.000000 0.000000 0.000000 1.000000
0.999943 -0.006727 0.008265 0.012400 0.007470 0.995607 -0.093333 10.445200 -0.007601 0.093390 0.995601 -0.996300 0.000000 0.000000 0.000000 1.000000
0.999943 -0.006777 0.008200 0.012400 0.007517 0.995555 -0.093882 10.445200 -0.007527 0.093939 0.995550 -0.996300 0.000000 0.000000 0.000000 1.000000
0.999944 -0.006823 0.008134 0.012400 0.007561 0.995494 -0.094525 10.445200 -0.007453 0.094582 0.995489 -0.996300 0.000000 0.000000 0.000000 1.000000
0.999944 -0.006863 0.008069 0.012400 0.007601 0.995421 -0.095282 10.445200 -0.007378 0.095338 0.995418 -0.996300 0.000000 0.000000 0.000000 1.000000
0.999944 -0.006906 0.008008 0.012400 0.007644 0.995339 -0.096131 10.445200 -0.007307 0.096187 0.995336 -0.996300 0.000000 0.000000 0.000000 1.000000
0.999943 -0.006946 0.008061 0.012400 0.007696 0.995258 -0.096970 10.445200 -0.007349 0.097027 0.995255 -0.996300 0.000000 0.000000 0.000000 1.000000
0.999942 -0.006986 0.008145 0.012400 0.007750 0.995164 -0.097926 10.445200 -0.007421 0.097984 0.995160 -0.996300 0.000000 0.000000 0.000000 1.000000
0.999941 -0.007022 0.008230 0.012400 0.007802 0.995068 -0.098886 10.445200 -0.007495 0.098944 0.995065 -0.996300 0.000000 0.000000 0.000000 1.000000
0.999941 -0.007042 0.008327 0.012400 0.007839 0.994963 -0.099937 10.445200 -0.007581 0.099996 0.994959 -0.996300 0.000000 0.000000 0.000000 1.000000
0.999940 -0.006932 0.008435 0.012400 0.007749 0.994852 -0.101043 10.445200 -0.007691 0.101103 0.994846 -0.996300 0.000000 0.000000 0.000000 1.000000
0.999940 -0.006812 0.008564 0.012400 0.007651 0.994741 -0.102138 10.445200 -0.007823 0.102197 0.994733 -0.996300 0.000000 0.000000 0.000000 1.000000
0.999940 -0.006680 0.008718 0.012400 0.007545 0.994624 -0.103281 10.445200 -0.007981 0.103341 0.994614 -0.996300 0.000000 0.000000 0.000000 1.000000
0.999939 -0.006542 0.008872 0.012400 0.007434 0.994496 -0.104506 10.445200 -0.008139 0.104566 0.994485 -0.996300 0.000000 0.000000 0.000000 1.000000
0.999939 -0.006400 0.009033 0.012400 0.007319 0.994369 -0.105720 10.445200 -0.008305 0.105780 0.994355 -0.996300 0.000000 0.000000 0.000000 1.000000
0.999938 -0.006251 0.009203 0.012400 0.007199 0.994242 -0.106918 10.445200 -0.008482 0.106977 0.994225 -0.996300 0.000000 0.000000 0.000000 1.000000
0.999937 -0.006097 0.009373 0.012400 0.007075 0.994108 -0.108165 10.445200 -0.008659 0.108224 0.994089 -0.996300 0.000000 0.000000 0.000000 1.000000
0.999937 -0.005915 0.009591 0.012400 0.006931 0.993956 -0.109559 10.445200 -0.008885 0.109619 0.993934 -0.996300 0.000000 0.000000 0.000000 1.000000
0.999935 -0.005694 0.009877 0.012400 0.006757 0.993775 -0.111202 10.445200 -0.009182 0.111262 0.993749 -0.996300 0.000000 0.000000 0.000000 1.000000
0.999933 -0.005454 0.010187 0.012400 0.006570 0.993582 -0.112926 10.445200 -0.009506 0.112985 0.993551 -0.996300 0.000000 0.000000 0.000000 1.000000
0.999931 -0.005203 0.010530 0.012400 0.006377 0.993380 -0.114696 10.445200 -0.009863 0.114755 0.993345 -0.996300 0.000000 0.000000 0.000000 1.000000
0.999929 -0.004951 0.010869 0.012400 0.006183 0.993188 -0.116361 10.445200 -0.010219 0.116420 0.993148 -0.996300 0.000000 0.000000 0.000000 1.000000
0.999926 -0.004696 0.011240 0.012400 0.005990 0.992990 -0.118047 10.445200 -0.010607 0.118106 0.992944 -0.996300 0.000000 0.000000 0.000000 1.000000
0.999923 -0.004435 0.011628 0.012400 0.005795 0.992794 -0.119693 10.445200 -0.011014 0.119751 0.992743 -0.996300 0.000000 0.000000 0.000000 1.000000
0.999919 -0.004182 0.011996 0.012400 0.005606 0.992607 -0.121244 10.445200 -0.011400 0.121301 0.992550 -0.996300 0.000000 0.000000 0.000000 1.000000
0.999916 -0.003938 0.012375 0.012400 0.005427 0.992426 -0.122726 10.445200 -0.011798 0.122783 0.992363 -0.996300 0.000000 0.000000 0.000000 1.000000
0.999912 -0.003696 0.012762 0.012400 0.005252 0.992255 -0.124110 10.445200 -0.012204 0.124166 0.992186 -0.996300 0.000000 0.000000 0.000000 1.000000
0.999908 -0.003463 0.013133 0.012400 0.005083 0.992095 -0.125384 10.445200 -0.012595 0.125439 0.992021 -0.996300 0.000000 0.000000 0.000000 1.000000
0.999904 -0.003249 0.013478 0.012400 0.004929 0.991950 -0.126534 10.445200 -0.012959 0.126589 0.991871 -0.996300 0.000000 0.000000 0.000000 1.000000
0.999900 -0.003063 0.013828 0.012400 0.004802 0.991820 -0.127551 10.445200 -0.013324 0.127604 0.991736 -0.996300 0.000000 0.000000 0.000000 1.000000
0.999896 -0.002904 0.014157 0.012400 0.004699 0.991705 -0.128446 10.445200 -0.013666 0.128499 0.991615 -0.996300 0.000000 0.000000 0.000000 1.000000
0.999892 -0.002767 0.014462 0.012400 0.004613 0.991611 -0.129176 10.445200 -0.013983 0.129229 0.991516 -0.996300 0.000000 0.000000 0.000000 1.000000
0.999888 -0.002644 0.014730 0.012400 0.004533 0.991538 -0.129737 10.445200 -0.014262 0.129789 0.991439 -0.996300 0.000000 0.000000 0.000000 1.000000
0.999885 -0.002537 0.014936 0.012400 0.004459 0.991492 -0.130090 10.445200 -0.014479 0.130141 0.991390 -0.996300 0.000000 0.000000 0.000000 1.000000
0.999883 -0.002448 0.015121 0.012400 0.004397 0.991473 -0.130239 10.445200 -0.014673 0.130290 0.991367 -0.996300 0.000000 0.000000 0.000000 1.000000
0.999881 -0.002377 0.015248 0.012400 0.004342 0.991484 -0.130153 10.445200 -0.014809 0.130204 0.991377 -0.996300 0.000000 0.000000 0.000000 1.000000
0.999879 -0.002326 0.015363 0.012400 0.004301 0.991527 -0.129828 10.445200 -0.014931 0.129878 0.991418 -0.996300 0.000000 0.000000 0.000000 1.000000
0.999878 -0.002313 0.015456 0.012400 0.004292 0.991598 -0.129288 10.445200 -0.015027 0.129339 0.991487 -0.996300 0.000000 0.000000 0.000000 1.000000
0.999877 -0.002349 0.015494 0.012400 0.004322 0.991692 -0.128566 10.445200 -0.015063 0.128617 0.991580 -0.996300 0.000000 0.000000 0.000000 1.000000
0.999877 -0.002424 0.015465 0.012400 0.004378 0.991816 -0.127598 10.445200 -0.015029 0.127650 0.991705 -0.996300 0.000000 0.000000 0.000000 1.000000
0.999879 -0.002517 0.015372 0.012400 0.004442 0.991958 -0.126493 10.445200 -0.014930 0.126546 0.991848 -0.996300 0.000000 0.000000 0.000000 1.000000
0.999880 -0.002622 0.015243 0.012400 0.004512 0.992106 -0.125321 10.445200 -0.014794 0.125375 0.991999 -0.996300 0.000000 0.000000 0.000000 1.000000
0.999882 -0.002760 0.015080 0.012400 0.004609 0.992275 -0.123970 10.445200 -0.014621 0.124024 0.992171 -0.996300 0.000000 0.000000 0.000000 1.000000
0.999886 -0.002946 0.014842 0.012400 0.004739 0.992480 -0.122315 10.445200 -0.014370 0.122371 0.992380 -0.996300 0.000000 0.000000 0.000000 1.000000
0.999889 -0.003178 0.014548 0.012400 0.004907 0.992718 -0.120360 10.445200 -0.014060 0.120418 0.992624 -0.996300 0.000000 0.000000 0.000000 1.000000
0.999893 -0.003439 0.014208 0.012400 0.005095 0.992973 -0.118228 10.445200 -0.013702 0.118288 0.992885 -0.996300 0.000000 0.000000 0.000000 1.000000
0.999898 -0.003718 0.013824 0.012400 0.005297 0.993233 -0.116019 10.445200 -0.013299 0.116080 0.993151 -0.996300 0.000000 0.000000 0.000000 1.000000
0.999902 -0.004010 0.013400 0.012400 0.005509 0.993492 -0.113770 10.445200 -0.012857 0.113833 0.993417 -0.996300 0.000000 0.000000 0.000000 1.000000
0.999907 -0.004314 0.012965 0.012400 0.005733 0.993751 -0.111476 10.445200 -0.012403 0.111540 0.993683 -0.996300 0.000000 0.000000 0.000000 1.000000
0.999911 -0.004628 0.012516 0.012400 0.005967 0.994009 -0.109133 10.445200 -0.011936 0.109198 0.993948 -0.996300 0.000000 0.000000 0.000000 1.000000
0.999915 -0.004944 0.012052 0.012400 0.006205 0.994252 -0.106881 10.445200 -0.011455 0.106947 0.994199 -0.996300 0.000000 0.000000 0.000000 1.000000
0.999919 -0.005259 0.011586 0.012400 0.006443 0.994488 -0.104649 10.445200 -0.010972 0.104715 0.994442 -0.996300 0.000000 0.000000 0.000000 1.000000
0.999923 -0.005570 0.011121 0.012400 0.006681 0.994710 -0.102501 10.445200 -0.010491 0.102567 0.994671 -0.996300 0.000000 0.000000 0.000000 1.000000
0.999926 -0.005877 0.010656 0.012400 0.006918 0.994922 -0.100416 10.445200 -0.010012 0.100482 0.994889 -0.996300 0.000000 0.000000 0.000000 1.000000
0.999929 -0.006172 0.010219 0.012400 0.007150 0.995107 -0.098546 10.445200 -0.009560 0.098612 0.995080 -0.996300 0.000000 0.000000 0.000000 1.000000
0.999931 -0.006439 0.009799 0.012400 0.007357 0.995274 -0.096832 10.445200 -0.009129 0.096897 0.995253 -0.996300 0.000000 0.000000 0.000000 1.000000
0.999934 -0.006656 0.009409 0.012400 0.007522 0.995421 -0.095287 10.445200 -0.008731 0.095352 0.995405 -0.996300 0.000000 0.000000 0.000000 1.000000
0.999936 -0.006823 0.009043 0.012400 0.007643 0.995540 -0.094032 10.445200 -0.008361 0.094095 0.995528 -0.996300 0.000000 0.000000 0.000000 1.000000
0.999938 -0.006961 0.008717 0.012400 0.007741 0.995636 -0.092998 10.445200 -0.008032 0.093060 0.995628 -0.996300 0.000000 0.000000 0.000000 1.000000
0.999938 -0.007031 0.008626 0.012400 0.007798 0.995702 -0.092282 10.445200 -0.007940 0.092344 0.995696 -0.996300 0.000000 0.000000 0.000000 1.000000
0.999941 -0.006773 0.008494 0.012400 0.007525 0.995737 -0.091931 10.445200 -0.007835 0.091990 0.995729 -0.996300 0.000000 0.000000 0.000000 1.000000</float_array><technique_common><accessor source="#mixamorig_Spine-Matrix-animation-output-transform-array" count="64" stride="16"><param type="float4x4"/></accessor></technique_common></source><source id="mixamorig_Spine-Interpolations"><Name_array id="mixamorig_Spine-Interpolations-array" count="64">
 LINEAR LINEAR LINEAR LINEAR LINEAR LINEAR LINEAR LINEAR LINEAR LINEAR LINEAR
LINEAR LINEAR LINEAR LINEAR LINEAR LINEAR LINEAR LINEAR LINEAR LINEAR LINEAR LINEAR
LINEAR LINEAR LINEAR LINEAR LINEAR LINEAR LINEAR LINEAR LINEAR LINEAR LINEAR LINEAR
LINEAR LINEAR LINEAR LINEAR LINEAR LINEAR LINEAR LINEAR LINEAR LINEAR LINEAR LINEAR
LINEAR LINEAR LINEAR LINEAR LINEAR LINEAR LINEAR LINEAR LINEAR LINEAR LINEAR LINEAR
LINEAR LINEAR LINEAR LINEAR LINEAR</Name_array><technique_common><accessor source="#mixamorig_Spine-Interpolations-array" count="64"><param type="name"/></accessor></technique_common></source><sampler id="mixamorig_Spine-Matrix-animation-transform"><input semantic="INPUT" source="#mixamorig_Spine-Matrix-animation-input"/><input semantic="OUTPUT" source="#mixamorig_Spine-Matrix-animation-output-transform"/><input semantic="INTERPOLATION" source="#mixamorig_Spine-Interpolations"/></sampler><channel source="#mixamorig_Spine-Matrix-animation-transform" target="mixamorig_Spine/matrix"/></animation>
    <animation id="mixamorig_Spine1-anim" name="mixamorig_Spine1"><source id="mixamorig_Spine1-Matrix-animation-input"><float_array id="mixamorig_Spine1-Matrix-animation-input-array" count="64">

0.000000 0.033333 0.066667 0.100000 0.133333 0.166667 0.200000 0.233333 0.266667 0.300000 0.333333 0.366667 0.400000 0.433333 0.466667 0.500000
0.533333 0.566667 0.600000 0.633333 0.666667 0.700000 0.733333 0.766667 0.800000 0.833333 0.866667 0.900000 0.933333 0.966667 1.000000 1.033333
1.066667 1.100000 1.133333 1.166667 1.200000 1.233333 1.266667 1.300000 1.333333 1.366667 1.400000 1.433333 1.466667 1.500000 1.533333 1.566667
1.600000 1.633333 1.666667 1.700000 1.733333 1.766667 1.800000 1.833333 1.866667 1.900000 1.933333 1.966667 2.000000 2.033333 2.066667 2.100000</float_array><technique_common><accessor source="#mixamorig_Spine1-Matrix-animation-input-array" count="64"><param name="TIME" type="float"/></accessor></technique_common></source><source id="mixamorig_Spine1-Matrix-animation-output-transform"><float_array id="mixamorig_Spine1-Matrix-animation-output-transform-array" count="1024">

0.999795 -0.005228 0.019554 0.014600 0.006878 0.996332 -0.085295 12.186100 -0.019037 0.085412 0.996164 -1.162300 0.000000 0.000000 0.000000 1.000000
0.999798 -0.005022 0.019468 0.014600 0.006660 0.996358 -0.085004 12.186100 -0.018970 0.085117 0.996190 -1.162300 0.000000 0.000000 0.000000 1.000000
0.999801 -0.004856 0.019361 0.014600 0.006480 0.996382 -0.084737 12.186100 -0.018879 0.084845 0.996215 -1.162300 0.000000 0.000000 0.000000 1.000000
0.999803 -0.004739 0.019250 0.014600 0.006350 0.996401 -0.084522 12.186100 -0.018780 0.084627 0.996236 -1.162300 0.000000 0.000000 0.000000 1.000000
0.999806 -0.004685 0.019112 0.014600 0.006282 0.996415 -0.084362 12.186100 -0.018648 0.084466 0.996252 -1.162300 0.000000 0.000000 0.000000 1.000000
0.999809 -0.004677 0.018970 0.014600 0.006261 0.996416 -0.084357 12.186100 -0.018508 0.084459 0.996255 -1.162300 0.000000 0.000000 0.000000 1.000000
0.999812 -0.004694 0.018833 0.014600 0.006268 0.996413 -0.084388 12.186100 -0.018370 0.084490 0.996255 -1.162300 0.000000 0.000000 0.000000 1.000000
0.999814 -0.004748 0.018700 0.014600 0.006310 0.996410 -0.084420 12.186100 -0.018232 0.084522 0.996255 -1.162300 0.000000 0.000000 0.000000 1.000000
0.999816 -0.004851 0.018580 0.014600 0.006404 0.996404 -0.084481 12.186100 -0.018103 0.084585 0.996252 -1.162300 0.000000 0.000000 0.000000 1.000000
0.999818 -0.005015 0.018433 0.014600 0.006560 0.996382 -0.084733 12.186100 -0.017942 0.084839 0.996233 -1.162300 0.000000 0.000000 0.000000 1.000000
0.999818 -0.005226 0.018329 0.014600 0.006765 0.996363 -0.084938 12.186100 -0.017819 0.085046 0.996218 -1.162300 0.000000 0.000000 0.000000 1.000000
0.999819 -0.005478 0.018203 0.014600 0.007011 0.996332 -0.085281 12.186100 -0.017669 0.085393 0.996191 -1.162300 0.000000 0.000000 0.000000 1.000000
0.999818 -0.005741 0.018190 0.014600 0.007278 0.996301 -0.085619 12.186100 -0.017631 0.085736 0.996162 -1.162300 0.000000 0.000000 0.000000 1.000000
0.999816 -0.006033 0.018220 0.014600 0.007578 0.996268 -0.085983 12.186100 -0.017633 0.086106 0.996130 -1.162300 0.000000 0.000000 0.000000 1.000000
0.999813 -0.006355 0.018271 0.014600 0.007912 0.996223 -0.086472 12.186100 -0.017652 0.086600 0.996087 -1.162300 0.000000 0.000000 0.000000 1.000000
0.999809 -0.006706 0.018375 0.014600 0.008280 0.996175 -0.086985 12.186100 -0.017722 0.087120 0.996040 -1.162300 0.000000 0.000000 0.000000 1.000000
0.999804 -0.007082 0.018465 0.014600 0.008671 0.996128 -0.087486 12.186100 -0.017774 0.087629 0.995995 -1.162300 0.000000 0.000000 0.000000 1.000000
0.999800 -0.007477 0.018570 0.014600 0.009084 0.996074 -0.088058 12.186100 -0.017839 0.088209 0.995942 -1.162300 0.000000 0.000000 0.000000 1.000000
0.999794 -0.007882 0.018701 0.014600 0.009511 0.996016 -0.088669 12.186100 -0.017928 0.088828 0.995886 -1.162300 0.000000 0.000000 0.000000 1.000000
0.999788 -0.008309 0.018829 0.014600 0.009959 0.995955 -0.089296 12.186100 -0.018011 0.089465 0.995827 -1.162300 0.000000 0.000000 0.000000 1.000000
0.999780 -0.008801 0.019034 0.014600 0.010480 0.995884 -0.090023 12.186100 -0.018163 0.090203 0.995758 -1.162300 0.000000 0.000000 0.000000 1.000000
0.999769 -0.009384 0.019332 0.014600 0.011103 0.995805 -0.090826 12.186100 -0.018398 0.091020 0.995679 -1.162300 0.000000 0.000000 0.000000 1.000000
0.999757 -0.010029 0.019654 0.014600 0.011794 0.995705 -0.091831 12.186100 -0.018648 0.092040 0.995581 -1.162300 0.000000 0.000000 0.000000 1.000000
0.999742 -0.010689 0.020048 0.014600 0.012506 0.995607 -0.092796 12.186100 -0.018968 0.093023 0.995483 -1.162300 0.000000 0.000000 0.000000 1.000000
0.999727 -0.011350 0.020447 0.014600 0.013222 0.995497 -0.093868 12.186100 -0.019290 0.094113 0.995375 -1.162300 0.000000 0.000000 0.000000 1.000000
0.999709 -0.012003 0.020915 0.014600 0.013935 0.995395 -0.094837 12.186100 -0.019680 0.095100 0.995273 -1.162300 0.000000 0.000000 0.000000 1.000000
0.999690 -0.012654 0.021433 0.014600 0.014652 0.995292 -0.095803 12.186100 -0.020120 0.096087 0.995170 -1.162300 0.000000 0.000000 0.000000 1.000000
0.999671 -0.013295 0.021924 0.014600 0.015359 0.995182 -0.096835 12.186100 -0.020531 0.097140 0.995059 -1.162300 0.000000 0.000000 0.000000 1.000000
0.999651 -0.013918 0.022453 0.014600 0.016051 0.995075 -0.097815 12.186100 -0.020981 0.098141 0.994951 -1.162300 0.000000 0.000000 0.000000 1.000000
0.999630 -0.014521 0.023021 0.014600 0.016728 0.994970 -0.098767 12.186100 -0.021471 0.099115 0.994844 -1.162300 0.000000 0.000000 0.000000 1.000000
0.999608 -0.015096 0.023569 0.014600 0.017375 0.994866 -0.099698 12.186100 -0.021943 0.100068 0.994739 -1.162300 0.000000 0.000000 0.000000 1.000000
0.999587 -0.015640 0.024098 0.014600 0.017990 0.994764 -0.100600 12.186100 -0.022398 0.100992 0.994635 -1.162300 0.000000 0.000000 0.000000 1.000000
0.999566 -0.016147 0.024647 0.014600 0.018569 0.994668 -0.101443 12.186100 -0.022877 0.101857 0.994536 -1.162300 0.000000 0.000000 0.000000 1.000000
0.999545 -0.016614 0.025185 0.014600 0.019106 0.994581 -0.102194 12.186100 -0.023351 0.102628 0.994446 -1.162300 0.000000 0.000000 0.000000 1.000000
0.999525 -0.017031 0.025702 0.014600 0.019590 0.994502 -0.102873 12.186100 -0.023809 0.103328 0.994362 -1.162300 0.000000 0.000000 0.000000 1.000000
0.999505 -0.017394 0.026200 0.014600 0.020018 0.994430 -0.103479 12.186100 -0.024254 0.103952 0.994287 -1.162300 0.000000 0.000000 0.000000 1.000000
0.999488 -0.017700 0.026638 0.014600 0.020381 0.994366 -0.104026 12.186100 -0.024647 0.104516 0.994218 -1.162300 0.000000 0.000000 0.000000 1.000000
0.999472 -0.017946 0.027074 0.014600 0.020683 0.994316 -0.104443 12.186100 -0.025045 0.104948 0.994162 -1.162300 0.000000 0.000000 0.000000 1.000000
0.999461 -0.018128 0.027382 0.014600 0.020905 0.994274 -0.104798 12.186100 -0.025325 0.105314 0.994117 -1.162300 0.000000 0.000000 0.000000 1.000000
0.999451 -0.018238 0.027659 0.014600 0.021051 0.994244 -0.105055 12.186100 -0.025584 0.105579 0.994082 -1.162300 0.000000 0.000000 0.000000 1.000000
0.999444 -0.018263 0.027912 0.014600 0.021105 0.994232 -0.105157 12.186100 -0.025830 0.105688 0.994064 -1.162300 0.000000 0.000000 0.000000 1.000000
0.999439 -0.018194 0.028124 0.014600 0.021055 0.994245 -0.105042 12.186100 -0.026051 0.105575 0.994070 -1.162300 0.000000 0.000000 0.000000 1.000000
0.999438 -0.018033 0.028275 0.014600 0.020907 0.994266 -0.104871 12.186100 -0.026222 0.105403 0.994084 -1.162300 0.000000 0.000000 0.000000 1.000000
0.999439 -0.017813 0.028357 0.014600 0.020691 0.994294 -0.104646 12.186100 -0.026332 0.105174 0.994105 -1.162300 0.000000 0.000000 0.000000 1.000000
0.999443 -0.017553 0.028379 0.014600 0.020425 0.994335 -0.104312 12.186100 -0.026388 0.104833 0.994140 -1.162300 0.000000 0.000000 0.000000 1.000000
0.999450 -0.017222 0.028341 0.014600 0.020080 0.994391 -0.103846 12.186100 -0.026393 0.104357 0.994190 -1.162300 0.000000 0.000000 0.000000 1.000000
0.999462 -0.016785 0.028178 0.014600 0.019611 0.994465 -0.103223 12.186100 -0.026289 0.103720 0.994259 -1.162300 0.000000 0.000000 0.000000 1.000000
0.999478 -0.016233 0.027928 0.014600 0.019014 0.994560 -0.102418 12.186100 -0.026114 0.102895 0.994349 -1.162300 0.000000 0.000000 0.000000 1.000000
0.999497 -0.015600 0.027609 0.014600 0.018328 0.994669 -0.101480 12.186100 -0.025879 0.101935 0.994454 -1.162300 0.000000 0.000000 0.000000 1.000000
0.999518 -0.014915 0.027228 0.014600 0.017581 0.994787 -0.100448 12.186100 -0.025588 0.100879 0.994570 -1.162300 0.000000 0.000000 0.000000 1.000000
0.999541 -0.014189 0.026761 0.014600 0.016783 0.994912 -0.099341 12.186100 -0.025216 0.099744 0.994694 -1.162300 0.000000 0.000000 0.000000 1.000000
0.999565 -0.013429 0.026261 0.014600 0.015947 0.995041 -0.098177 12.186100 -0.024812 0.098553 0.994822 -1.162300 0.000000 0.000000 0.000000 1.000000
0.999589 -0.012641 0.025730 0.014600 0.015082 0.995169 -0.097016 12.186100 -0.024379 0.097364 0.994950 -1.162300 0.000000 0.000000 0.000000 1.000000
0.999613 -0.011838 0.025159 0.014600 0.014196 0.995307 -0.095725 12.186100 -0.023908 0.096045 0.995090 -1.162300 0.000000 0.000000 0.000000 1.000000
0.999637 -0.011032 0.024562 0.014600 0.013307 0.995438 -0.094474 12.186100 -0.023408 0.094767 0.995224 -1.162300 0.000000 0.000000 0.000000 1.000000
0.999661 -0.010230 0.023956 0.014600 0.012422 0.995568 -0.093222 12.186100 -0.022896 0.093488 0.995357 -1.162300 0.000000 0.000000 0.000000 1.000000
0.999683 -0.009444 0.023324 0.014600 0.011555 0.995685 -0.092075 12.186100 -0.022354 0.092316 0.995479 -1.162300 0.000000 0.000000 0.000000 1.000000
0.999704 -0.008683 0.022723 0.014600 0.010714 0.995807 -0.090845 12.186100 -0.021839 0.091061 0.995606 -1.162300 0.000000 0.000000 0.000000 1.000000
0.999724 -0.007961 0.022123 0.014600 0.009915 0.995920 -0.089696 12.186100 -0.021319 0.089890 0.995723 -1.162300 0.000000 0.000000 0.000000 1.000000
0.999741 -0.007282 0.021539 0.014600 0.009165 0.996021 -0.088646 12.186100 -0.020808 0.088820 0.995830 -1.162300 0.000000 0.000000 0.000000 1.000000
0.999758 -0.006660 0.020965 0.014600 0.008473 0.996119 -0.087606 12.186100 -0.020301 0.087763 0.995935 -1.162300 0.000000 0.000000 0.000000 1.000000
0.999772 -0.006109 0.020439 0.014600 0.007861 0.996199 -0.086756 12.186100 -0.019831 0.086897 0.996020 -1.162300 0.000000 0.000000 0.000000 1.000000
0.999785 -0.005637 0.019970 0.014600 0.007333 0.996273 -0.085948 12.186100 -0.019411 0.086076 0.996099 -1.162300 0.000000 0.000000 0.000000 1.000000
0.999796 -0.005238 0.019520 0.014600 0.006885 0.996333 -0.085281 12.186100 -0.019002 0.085398 0.996166 -1.162300 0.000000 0.000000 0.000000 1.000000</float_array><technique_common><accessor source="#mixamorig_Spine1-Matrix-animation-output-transform-array" count="64" stride="16"><param type="float4x4"/></accessor></technique_common></source><source id="mixamorig_Spine1-Interpolations"><Name_array id="mixamorig_Spine1-Interpolations-array" count="64">
 LINEAR LINEAR LINEAR LINEAR LINEAR LINEAR LINEAR LINEAR LINEAR LINEAR LINEAR
LINEAR LINEAR LINEAR LINEAR LINEAR LINEAR LINEAR LINEAR LINEAR LINEAR LINEAR LINEAR
LINEAR LINEAR LINEAR LINEAR LINEAR LINEAR LINEAR LINEAR LINEAR LINEAR LINEAR LINEAR
LINEAR LINEAR LINEAR LINEAR LINEAR LINEAR LINEAR LINEAR LINEAR LINEAR LINEAR LINEAR
LINEAR LINEAR LINEAR LINEAR LINEAR LINEAR LINEAR LINEAR LINEAR LINEAR LINEAR LINEAR
LINEAR LINEAR LINEAR LINEAR LINEAR</Name_array><technique_common><accessor source="#mixamorig_Spine1-Interpolations-array" count="64"><param type="name"/></accessor></technique_common></source><sampler id="mixamorig_Spine1-Matrix-animation-transform"><input semantic="INPUT" source="#mixamorig_Spine1-Matrix-animation-input"/><input semantic="OUTPUT" source="#mixamorig_Spine1-Matrix-animation-output-transform"/><input semantic="INTERPOLATION" source="#mixamorig_Spine1-Interpolations"/></sampler><channel source="#mixamorig_Spine1-Matrix-animation-transform" target="mixamorig_Spine1/matrix"/></animation>
    <animation id="mixamorig_Spine2-anim" name="mixamorig_Spine2"><source id="mixamorig_Spine2-Matrix-animation-input"><float_array id="mixamorig_Spine2-Matrix-animation-input-array" count="64">

0.000000 0.033333 0.066667 0.100000 0.133333 0.166667 0.200000 0.233333 0.266667 0.300000 0.333333 0.366667 0.400000 0.433333 0.466667 0.500000
0.533333 0.566667 0.600000 0.633333 0.666667 0.700000 0.733333 0.766667 0.800000 0.833333 0.866667 0.900000 0.933333 0.966667 1.000000 1.033333
1.066667 1.100000 1.133333 1.166667 1.200000 1.233333 1.266667 1.300000 1.333333 1.366667 1.400000 1.433333 1.466667 1.500000 1.533333 1.566667
1.600000 1.633333 1.666667 1.700000 1.733333 1.766667 1.800000 1.833333 1.866667 1.900000 1.933333 1.966667 2.000000 2.033333 2.066667 2.100000</float_array><technique_common><accessor source="#mixamorig_Spine2-Matrix-animation-input-array" count="64"><param name="TIME" type="float"/></accessor></technique_common></source><source id="mixamorig_Spine2-Matrix-animation-output-transform"><float_array id="mixamorig_Spine2-Matrix-animation-output-transform-array" count="1024">

0.999836 -0.000578 0.018091 0.016600 0.003228 0.989156 -0.146832 13.927000 -0.017810 0.146866 0.988996 -1.328400 0.000000 0.000000 0.000000 1.000000
0.999842 -0.000942 0.017753 0.016600 0.003522 0.989298 -0.145869 13.927000 -0.017426 0.145908 0.989145 -1.328400 0.000000 0.000000 0.000000 1.000000
0.999847 -0.001282 0.017418 0.016600 0.003795 0.989428 -0.144976 13.927000 -0.017048 0.145020 0.989282 -1.328400 0.000000 0.000000 0.000000 1.000000
0.999853 -0.001583 0.017100 0.016600 0.004033 0.989542 -0.144190 13.927000 -0.016693 0.144238 0.989402 -1.328400 0.000000 0.000000 0.000000 1.000000
0.999857 -0.001845 0.016786 0.016600 0.004236 0.989639 -0.143515 13.927000 -0.016347 0.143565 0.989506 -1.328400 0.000000 0.000000 0.000000 1.000000
0.999862 -0.002056 0.016508 0.016600 0.004397 0.989705 -0.143057 13.927000 -0.016044 0.143110 0.989577 -1.328400 0.000000 0.000000 0.000000 1.000000
0.999865 -0.002193 0.016286 0.016600 0.004495 0.989754 -0.142714 13.927000 -0.015807 0.142768 0.989630 -1.328400 0.000000 0.000000 0.000000 1.000000
0.999868 -0.002275 0.016114 0.016600 0.004548 0.989791 -0.142457 13.927000 -0.015625 0.142512 0.989670 -1.328400 0.000000 0.000000 0.000000 1.000000
0.999870 -0.002319 0.015971 0.016600 0.004569 0.989811 -0.142314 13.927000 -0.015478 0.142369 0.989693 -1.328400 0.000000 0.000000 0.000000 1.000000
0.999872 -0.002349 0.015815 0.016600 0.004578 0.989792 -0.142448 13.927000 -0.015319 0.142502 0.989676 -1.328400 0.000000 0.000000 0.000000 1.000000
0.999874 -0.002337 0.015717 0.016600 0.004555 0.989766 -0.142628 13.927000 -0.015222 0.142681 0.989652 -1.328400 0.000000 0.000000 0.000000 1.000000
0.999875 -0.002276 0.015641 0.016600 0.004491 0.989707 -0.143037 13.927000 -0.015154 0.143090 0.989594 -1.328400 0.000000 0.000000 0.000000 1.000000
0.999876 -0.002143 0.015611 0.016600 0.004362 0.989636 -0.143529 13.927000 -0.015141 0.143579 0.989523 -1.328400 0.000000 0.000000 0.000000 1.000000
0.999876 -0.001948 0.015651 0.016600 0.004184 0.989550 -0.144126 13.927000 -0.015207 0.144174 0.989436 -1.328400 0.000000 0.000000 0.000000 1.000000
0.999875 -0.001713 0.015731 0.016600 0.003975 0.989435 -0.144922 13.927000 -0.015317 0.144966 0.989318 -1.328400 0.000000 0.000000 0.000000 1.000000
0.999873 -0.001432 0.015874 0.016600 0.003732 0.989304 -0.145817 13.927000 -0.015495 0.145858 0.989184 -1.328400 0.000000 0.000000 0.000000 1.000000
0.999871 -0.001112 0.016018 0.016600 0.003451 0.989164 -0.146774 13.927000 -0.015682 0.146810 0.989040 -1.328400 0.000000 0.000000 0.000000 1.000000
