<?xml version="1.0" encoding="utf-8"?>
<COLLADA xmlns="http://www.collada.org/2005/11/COLLADASchema" version="1.4.1">
  <asset><contributor><author>Mixamo</author><authoring_tool>COLLADA Mixamo exporter</authoring_tool><comments></comments></contributor><created>2018-04-27T01:36:12Z</created><modified>2018-04-27T01:36:12Z</modified><revision></revision><title></title><unit meter="0.010000"/><up_axis>Y_UP</up_axis></asset>
  <library_animations>
    <animation id="mixamorig_Hips-anim" name="mixamorig_Hips"><source id="mixamorig_Hips-Matrix-animation-input"><float_array id="mixamorig_Hips-Matrix-animation-input-array" count="31">

0.000000 0.033333 0.066667 0.100000 0.133333 0.166667 0.200000 0.233333 0.266667 0.300000 0.333333 0.366667 0.400000 0.433333 0.466667 0.500000
0.533333 0.566667 0.600000 0.633333 0.666667 0.700000 0.733333 0.766667 0.800000 0.833333 0.866667 0.900000 0.933333 0.966667 1.000000</float_array><technique_common><accessor source="#mixamorig_Hips-Matrix-animation-input-array" count="31"><param name="TIME" type="float"/></accessor></technique_common></source><source id="mixamorig_Hips-Matrix-animation-output-transform"><float_array id="mixamorig_Hips-Matrix-animation-output-transform-array" count="496">

0.947493 -0.078465 0.310000 -0.309184 0.187189 0.922071 -0.338741 79.264450 -0.259263 0.378984 0.888343 1.269222 0.000000 0.000000 0.000000 1.000000
0.971150 0.060462 0.230676 -0.416064 -0.009178 0.976084 -0.217200 90.004227 -0.238292 0.208816 0.948479 15.223495 0.000000 0.000000 0.000000 1.000000
0.970664 0.194693 0.141090 -0.002645 -0.182354 0.978557 -0.095781 101.810165 -0.156712 0.067242 0.985353 29.057178 0.000000 0.000000 0.000000 1.000000
0.961755 0.263757 0.073883 0.427093 -0.265055 0.964199 0.008168 113.873093 -0.069083 -0.027439 0.997233 42.456474 0.000000 0.000000 0.000000 1.000000
0.972436 0.229572 0.040814 0.343174 -0.232262 0.969135 0.082649 126.446693 -0.020581 -0.089851 0.995743 55.730350 0.000000 0.000000 0.000000 1.000000
0.991812 0.124904 0.026624 -0.207832 -0.127443 0.981470 0.143090 138.948303 -0.008258 -0.145312 0.989351 68.886589 0.000000 0.000000 0.000000 1.000000
0.999407 0.030738 0.015490 -0.817073 -0.033176 0.980143 0.195496 150.355850 -0.009173 -0.195894 0.980582 81.683380 0.000000 0.000000 0.000000 1.000000
0.999963 0.004443 -0.007354 -1.206341 -0.002689 0.974759 0.223244 160.363937 0.008160 -0.223216 0.974735 94.307495 0.000000 0.000000 0.000000 1.000000
0.998162 0.042101 -0.043598 -1.394907 -0.031821 0.976267 0.214221 168.785110 0.051582 -0.212440 0.975812 106.977509 0.000000 0.000000 0.000000 1.000000
0.992053 0.099980 -0.076390 -1.597225 -0.084842 0.979879 0.180662 175.392593 0.092915 -0.172745 0.980574 119.762650 0.000000 0.000000 0.000000 1.000000
0.986601 0.137231 -0.088240 -1.979436 -0.123460 0.981535 0.146104 179.924896 0.106660 -0.133252 0.985326 132.719208 0.000000 0.000000 0.000000 1.000000
0.987413 0.136249 -0.080324 -2.566163 -0.125494 0.984006 0.126429 181.821442 0.096265 -0.114757 0.988718 145.911652 0.000000 0.000000 0.000000 1.000000
0.992827 0.099425 -0.066408 -3.126825 -0.090927 0.988526 0.120614 180.505768 0.077638 -0.113711 0.990476 159.331039 0.000000 0.000000 0.000000 1.000000
0.998152 0.032204 -0.051527 -3.519458 -0.026168 0.993157 0.113814 174.766525 0.054840 -0.112255 0.992165 173.164993 0.000000 0.000000 0.000000 1.000000
0.998083 -0.055961 -0.026448 -3.818486 0.058255 0.993689 0.095852 165.506866 0.020917 -0.097209 0.995044 187.238419 0.000000 0.000000 0.000000 1.000000
0.989599 -0.142996 0.015694 -4.079917 0.141408 0.986996 0.076440 153.368546 -0.026421 -0.073426 0.996951 201.085480 0.000000 0.000000 0.000000 1.000000
0.976979 -0.202425 0.067355 -4.242003 0.197397 0.977491 0.074474 139.404221 -0.080914 -0.059464 0.994946 214.726913 0.000000 0.000000 0.000000 1.000000
0.970687 -0.212994 0.111360 -4.268934 0.203023 0.974611 0.094416 125.261536 -0.128642 -0.069040 0.989285 227.973236 0.000000 0.000000 0.000000 1.000000
0.976020 -0.171904 0.133542 -4.121519 0.156116 0.980310 0.120912 112.074059 -0.151698 -0.097164 0.983640 240.810120 0.000000 0.000000 0.000000 1.000000
0.986636 -0.097502 0.130552 -3.783191 0.079950 0.987815 0.133525 101.670212 -0.141980 -0.121303 0.982409 253.374420 0.000000 0.000000 0.000000 1.000000
0.993151 -0.030318 0.112836 -3.240922 0.016949 0.992916 0.117604 91.993713 -0.115602 -0.114886 0.986629 265.795807 0.000000 0.000000 0.000000 1.000000
0.995027 0.006266 0.099405 -2.390252 -0.012578 0.997934 0.063003 84.620308 -0.098805 -0.063940 0.993051 278.201569 0.000000 0.000000 0.000000 1.000000
0.992772 -0.012347 0.119377 -1.414771 0.016137 0.999394 -0.030827 81.103333 -0.118924 0.032531 0.992370 290.710785 0.000000 0.000000 0.000000 1.000000
0.980890 -0.075864 0.179166 -0.728890 0.101727 0.984928 -0.139885 81.101364 -0.165853 0.155438 0.973823 304.000885 0.000000 0.000000 0.000000 1.000000
0.952827 -0.148406 0.264757 -0.694298 0.211055 0.950852 -0.226574 82.969574 -0.218120 0.271764 0.937320 317.521851 0.000000 0.000000 0.000000 1.000000
0.916209 -0.186786 0.354503 -1.148539 0.293000 0.915791 -0.274731 83.684052 -0.273335 0.355581 0.893784 330.800262 0.000000 0.000000 0.000000 1.000000
0.882975 -0.177839 0.434429 -1.563111 0.326353 0.897774 -0.295795 82.761642 -0.337415 0.402957 0.850750 343.691956 0.000000 0.000000 0.000000 1.000000
0.861403 -0.143163 0.487328 -1.626388 0.323440 0.894385 -0.308969 81.480980 -0.391626 0.423768 0.816731 355.964325 0.000000 0.000000 0.000000 1.000000
0.865278 -0.107766 0.489572 -1.324551 0.295371 0.898686 -0.324223 80.499863 -0.405031 0.425148 0.809444 367.827728 0.000000 0.000000 0.000000 1.000000
0.898994 -0.086091 0.429415 -0.837996 0.248195 0.907991 -0.337568 79.803185 -0.360843 0.410051 0.837646 379.539459 0.000000 0.000000 0.000000 1.000000
0.947493 -0.078465 0.310000 -0.309184 0.187189 0.922071 -0.338741 79.264465 -0.259263 0.378984 0.888344 391.374756 0.000000 0.000000 0.000000 1.000000</float_array><technique_common><accessor source="#mixamorig_Hips-Matrix-animation-output-transform-array" count="31" stride="16"><param type="float4x4"/></accessor></technique_common></source><source id="mixamorig_Hips-Interpolations"><Name_array id="mixamorig_Hips-Interpolations-array" count="31">
 LINEAR LINEAR LINEAR LINEAR LINEAR LINEAR LINEAR LINEAR LINEAR LINEAR LINEAR
LINEAR LINEAR LINEAR LINEAR LINEAR LINEAR LINEAR LINEAR LINEAR LINEAR LINEAR LINEAR
LINEAR LINEAR LINEAR LINEAR LINEAR LINEAR LINEAR LINEAR</Name_array><technique_common><accessor source="#mixamorig_Hips-Interpolations-array" count="31"><param type="name"/></accessor></technique_common></source><sampler id="mixamorig_Hips-Matrix-animation-transform"><input semantic="INPUT" source="#mixamorig_Hips-Matrix-animation-input"/><input semantic="OUTPUT" source="#mixamorig_Hips-Matrix-animation-output-transform"/><input semantic="INTERPOLATION" source="#mixamorig_Hips-Interpolations"/></sampler><channel source="#mixamorig_Hips-Matrix-animation-transform" target="mixamorig_Hips/matrix"/></animation>
    <animation id="mixamorig_Spine-anim" name="mixamorig_Spine"><source id="mixamorig_Spine-Matrix-animation-input"><float_array id="mixamorig_Spine-Matrix-animation-input-array" count="31">

0.000000 0.033333 0.066667 0.100000 0.133333 0.166667 0.200000 0.233333 0.266667 0.300000 0.333333 0.366667 0.400000 0.433333 0.466667 0.500000
0.533333 0.566667 0.600000 0.633333 0.666667 0.700000 0.733333 0.766667 0.800000 0.833333 0.866667 0.900000 0.933333 0.966667 1.000000</float_array><technique_common><accessor source="#mixamorig_Spine-Matrix-animation-input-array" count="31"><param name="TIME" type="float"/></accessor></technique_common></source><source id="mixamorig_Spine-Matrix-animation-output-transform"><float_array id="mixamorig_Spine-Matrix-animation-output-transform-array" count="496">

0.975689 0.037194 -0.215980 0.012400 -0.091675 0.964397 -0.248061 10.445200 0.199064 0.261831 0.944361 -0.996300 0.000000 0.000000 0.000000 1.000000
0.980265 0.002981 -0.197664 0.012400 -0.044523 0.977527 -0.206055 10.445200 0.192607 0.210789 0.958369 -0.996300 0.000000 0.000000 0.000000 1.000000
0.979328 -0.062747 -0.192302 0.012400 0.030947 0.985956 -0.164110 10.445200 0.199899 0.154766 0.967516 -0.996300 0.000000 0.000000 0.000000 1.000000
0.971165 -0.109014 -0.212024 0.012400 0.079652 0.986595 -0.142427 10.445200 0.224708 0.121432 0.966830 -0.996300 0.000000 0.000000 0.000000 1.000000
0.965572 -0.085549 -0.245666 0.012400 0.049399 0.987494 -0.149719 10.445200 0.255402 0.132429 0.957723 -0.996300 0.000000 0.000000 0.000000 1.000000
0.965055 -0.006229 -0.261973 0.012400 -0.041736 0.983303 -0.177127 10.445200 0.258702 0.181871 0.948681 -0.996300 0.000000 0.000000 0.000000 1.000000
0.965894 0.058702 -0.252197 0.012400 -0.115611 0.969263 -0.217173 10.445200 0.231697 0.238922 0.942991 -0.996300 0.000000 0.000000 0.000000 1.000000
0.972445 0.055393 -0.226456 0.012400 -0.115517 0.958222 -0.261662 10.445200 0.202501 0.280611 0.938217 -0.996300 0.000000 0.000000 0.000000 1.000000
0.980643 -0.008214 -0.195634 0.012400 -0.051829 0.952594 -0.299798 10.445200 0.188822 0.304134 0.933728 -0.996300 0.000000 0.000000 0.000000 1.000000
0.982382 -0.082138 -0.167868 0.012400 0.022340 0.943410 -0.330876 10.445200 0.185546 0.321296 0.928623 -0.996300 0.000000 0.000000 0.000000 1.000000
0.981177 -0.122803 -0.149036 0.012400 0.062094 0.931399 -0.358664 10.445200 0.182857 0.342658 0.921493 -0.996300 0.000000 0.000000 0.000000 1.000000
0.983202 -0.115953 -0.140953 0.012400 0.054445 0.923433 -0.379878 10.445200 0.174209 0.365823 0.914235 -0.996300 0.000000 0.000000 0.000000 1.000000
0.987219 -0.070348 -0.143001 0.012400 0.009914 0.922672 -0.385459 10.445200 0.159060 0.379115 0.911576 -0.996300 0.000000 0.000000 0.000000 1.000000
0.987539 -0.001682 -0.157364 0.012400 -0.057273 0.927531 -0.369331 10.445200 0.146581 0.373742 0.915877 -0.996300 0.000000 0.000000 0.000000 1.000000
0.981114 0.071930 -0.179560 0.012400 -0.129009 0.935000 -0.330351 10.445200 0.144126 0.347277 0.926621 -0.996300 0.000000 0.000000 0.000000 1.000000
0.973345 0.130994 -0.188256 0.012400 -0.181077 0.942684 -0.280281 10.445200 0.140751 0.306899 0.941277 -0.996300 0.000000 0.000000 0.000000 1.000000
0.973566 0.161142 -0.161872 0.012400 -0.197420 0.950092 -0.241559 10.445200 0.114868 0.267130 0.956790 -0.996300 0.000000 0.000000 0.000000 1.000000
0.983837 0.150902 -0.096403 0.012400 -0.169489 0.958457 -0.229422 10.445200 0.057778 0.242053 0.968541 -0.996300 0.000000 0.000000 0.000000 1.000000
0.995291 0.096557 -0.008580 0.012400 -0.095771 0.965769 -0.241077 10.445200 -0.014992 0.240763 0.970468 -0.996300 0.000000 0.000000 0.000000 1.000000
0.997008 0.009364 0.076732 0.012400 0.010974 0.965434 -0.260416 10.445200 -0.076518 0.260479 0.962443 -0.996300 0.000000 0.000000 0.000000 1.000000
0.987249 -0.074440 0.140706 0.012400 0.110629 0.956420 -0.270225 10.445200 -0.114458 0.282346 0.952460 -0.996300 0.000000 0.000000 0.000000 1.000000
0.974363 -0.125269 0.186880 0.012400 0.171970 0.950270 -0.259641 10.445200 -0.145062 0.285122 0.947450 -0.996300 0.000000 0.000000 0.000000 1.000000
0.972680 -0.107597 0.205711 0.012400 0.155402 0.960067 -0.232638 10.445200 -0.172465 0.258251 0.950559 -0.996300 0.000000 0.000000 0.000000 1.000000
0.983035 -0.019879 0.182338 0.012400 0.057105 0.977872 -0.201260 10.445200 -0.174303 0.208258 0.962417 -0.996300 0.000000 0.000000 0.000000 1.000000
0.989953 0.098120 0.101814 0.012400 -0.080024 0.982416 -0.168688 10.445200 -0.116575 0.158846 0.980397 -0.996300 0.000000 0.000000 0.000000 1.000000
0.983478 0.179593 -0.022764 0.012400 -0.181021 0.974361 -0.133614 10.445200 -0.001816 0.135527 0.990772 -0.996300 0.000000 0.000000 0.000000 1.000000
0.969279 0.187362 -0.159356 0.012400 -0.206816 0.971515 -0.115698 10.445200 0.133140 0.145101 0.980418 -0.996300 0.000000 0.000000 0.000000 1.000000
0.953257 0.139255 -0.268159 0.012400 -0.180121 0.974437 -0.134271 10.445200 0.242606 0.176296 0.953972 -0.996300 0.000000 0.000000 0.000000 1.000000
0.946526 0.079398 -0.312706 0.012400 -0.139468 0.974699 -0.174672 10.445200 0.290926 0.208944 0.933651 -0.996300 0.000000 0.000000 0.000000 1.000000
0.956436 0.042773 -0.288792 0.012400 -0.108174 0.970719 -0.214482 10.445200 0.271162 0.236378 0.933058 -0.996300 0.000000 0.000000 0.000000 1.000000
0.975689 0.037194 -0.215980 0.012400 -0.091675 0.964397 -0.248061 10.445200 0.199064 0.261830 0.944361 -0.996300 0.000000 0.000000 0.000000 1.000000</float_array><technique_common><accessor source="#mixamorig_Spine-Matrix-animation-output-transform-array" count="31" stride="16"><param type="float4x4"/></accessor></technique_common></source><source id="mixamorig_Spine-Interpolations"><Name_array id="mixamorig_Spine-Interpolations-array" count="31">
 LINEAR LINEAR LINEAR LINEAR LINEAR LINEAR LINEAR LINEAR LINEAR LINEAR LINEAR
LINEAR LINEAR LINEAR LINEAR LINEAR LINEAR LINEAR LINEAR LINEAR LINEAR LINEAR LINEAR
LINEAR LINEAR LINEAR LINEAR LINEAR LINEAR LINEAR LINEAR</Name_array><technique_common><accessor source="#mixamorig_Spine-Interpolations-array" count="31"><param type="name"/></accessor></technique_common></source><sampler id="mixamorig_Spine-Matrix-animation-transform"><input semantic="INPUT" source="#mixamorig_Spine-Matrix-animation-input"/><input semantic="OUTPUT" source="#mixamorig_Spine-Matrix-animation-output-transform"/><input semantic="INTERPOLATION" source="#mixamorig_Spine-Interpolations"/></sampler><channel source="#mixamorig_Spine-Matrix-animation-transform" target="mixamorig_Spine/matrix"/></animation>
    <animation id="mixamorig_Spine1-anim" name="mixamorig_Spine1"><source id="mixamorig_Spine1-Matrix-animation-input"><float_array id="mixamorig_Spine1-Matrix-animation-input-array" count="31">

0.000000 0.033333 0.066667 0.100000 0.133333 0.166667 0.200000 0.233333 0.266667 0.300000 0.333333 0.366667 0.400000 0.433333 0.466667 0.500000
0.533333 0.566667 0.600000 0.633333 0.666667 0.700000 0.733333 0.766667 0.800000 0.833333 0.866667 0.900000 0.933333 0.966667 1.000000</float_array><technique_common><accessor source="#mixamorig_Spine1-Matrix-animation-input-array" count="31"><param name="TIME" type="float"/></accessor></technique_common></source><source id="mixamorig_Spine1-Matrix-animation-output-transform"><float_array id="mixamorig_Spine1-Matrix-animation-output-transform-array" count="496">

0.998511 0.012528 -0.053094 0.014600 -0.013586 0.999715 -0.019612 12.186100 0.052833 0.020304 0.998397 -1.162300 0.000000 0.000000 0.000000 1.000000
0.999386 -0.019645 -0.029016 0.014600 0.019463 0.999789 -0.006544 12.186100 0.029139 0.005975 0.999558 -1.162300 0.000000 0.000000 0.000000 1.000000
0.996810 -0.079323 -0.008835 0.014600 0.079546 0.996422 0.028556 12.186100 0.006539 -0.029167 0.999553 -1.162300 0.000000 0.000000 0.000000 1.000000
0.990382 -0.138274 0.004915 0.014600 0.137694 0.988466 0.063055 12.186100 -0.013577 -0.061772 0.997998 -1.162300 0.000000 0.000000 0.000000 1.000000
0.985796 -0.167390 0.013676 0.014600 0.166008 0.983516 0.071674 12.186100 -0.025448 -0.068385 0.997334 -1.162300 0.000000 0.000000 0.000000 1.000000
0.986728 -0.161047 0.020783 0.014600 0.160013 0.986117 0.044373 12.186100 -0.027640 -0.040459 0.998799 -1.162300 0.000000 0.000000 0.000000 1.000000
0.990113 -0.137805 0.026183 0.014600 0.138111 0.990363 -0.010273 12.186100 -0.024515 0.013787 0.999604 -1.162300 0.000000 0.000000 0.000000 1.000000
0.992939 -0.115640 0.026446 0.014600 0.117348 0.990153 -0.076326 12.186100 -0.017360 0.078890 0.996732 -1.162300 0.000000 0.000000 0.000000 1.000000
0.995114 -0.096691 0.019994 0.014600 0.098553 0.985026 -0.141458 12.186100 -0.006017 0.142737 0.989742 -1.162300 0.000000 0.000000 0.000000 1.000000
0.997046 -0.076147 0.010090 0.014600 0.076628 0.976929 -0.199343 12.186100 0.005322 0.199528 0.979878 -1.162300 0.000000 0.000000 0.000000 1.000000
0.998493 -0.054815 0.002461 0.014600 0.053741 0.967894 -0.245546 12.186100 0.011077 0.245308 0.969382 -1.162300 0.000000 0.000000 0.000000 1.000000
0.999310 -0.037139 0.000986 0.014600 0.035990 0.961124 -0.273762 12.186100 0.009220 0.273608 0.961797 -1.162300 0.000000 0.000000 0.000000 1.000000
0.999720 -0.023080 0.005273 0.014600 0.023638 0.960762 -0.276364 12.186100 0.001313 0.276411 0.961039 -1.162300 0.000000 0.000000 0.000000 1.000000
0.999883 -0.010232 0.011367 0.014600 0.012806 0.966441 -0.256571 12.186100 -0.008360 0.256687 0.966459 -1.162300 0.000000 0.000000 0.000000 1.000000
0.999898 0.002490 0.014099 0.014600 0.000688 0.975267 -0.221030 12.186100 -0.014301 0.221017 0.975165 -1.162300 0.000000 0.000000 0.000000 1.000000
0.999854 0.012846 0.011309 0.014600 -0.010622 0.983886 -0.178479 12.186100 -0.013419 0.178332 0.983879 -1.162300 0.000000 0.000000 0.000000 1.000000
0.999823 0.017881 0.005797 0.014600 -0.016864 0.989494 -0.143587 12.186100 -0.008304 0.143463 0.989621 -1.162300 0.000000 0.000000 0.000000 1.000000
0.999840 0.017770 0.002090 0.014600 -0.017353 0.991516 -0.128820 12.186100 -0.004361 0.128763 0.991666 -1.162300 0.000000 0.000000 0.000000 1.000000
0.999891 0.014692 0.001632 0.014600 -0.014336 0.990731 -0.135078 12.186100 -0.003601 0.135040 0.990834 -1.162300 0.000000 0.000000 0.000000 1.000000
0.999942 0.010538 0.002269 0.014600 -0.010086 0.988900 -0.148243 12.186100 -0.003806 0.148211 0.988948 -1.162300 0.000000 0.000000 0.000000 1.000000
0.999976 0.006588 0.002249 0.014600 -0.006182 0.988957 -0.148074 12.186100 -0.003200 0.148057 0.988974 -1.162300 0.000000 0.000000 0.000000 1.000000
0.999990 0.003659 0.002667 0.014600 -0.003299 0.992244 -0.124262 12.186100 -0.003101 0.124252 0.992246 -1.162300 0.000000 0.000000 0.000000 1.000000
0.999984 0.003051 0.004705 0.014600 -0.002672 0.996892 -0.078740 12.186100 -0.004930 0.078727 0.996884 -1.162300 0.000000 0.000000 0.000000 1.000000
0.999967 0.005783 0.005646 0.014600 -0.005657 0.999739 -0.022134 12.186100 -0.005773 0.022101 0.999739 -1.162300 0.000000 0.000000 0.000000 1.000000
0.999933 0.011602 0.000573 0.014600 -0.011615 0.999376 0.033351 12.186100 -0.000186 -0.033356 0.999444 -1.162300 0.000000 0.000000 0.000000 1.000000
0.999763 0.018203 -0.011909 0.014600 -0.017231 0.996873 0.077125 12.186100 0.013276 -0.076902 0.996950 -1.162300 0.000000 0.000000 0.000000 1.000000
0.999377 0.021837 -0.027714 0.014600 -0.019002 0.994933 0.098723 12.186100 0.029729 -0.098135 0.994729 -1.162300 0.000000 0.000000 0.000000 1.000000
0.998953 0.019954 -0.041157 0.014600 -0.016195 0.995835 0.089726 12.186100 0.042776 -0.088965 0.995116 -1.162300 0.000000 0.000000 0.000000 1.000000
0.998661 0.015863 -0.049241 0.014600 -0.012937 0.998164 0.059178 12.186100 0.050089 -0.058462 0.997032 -1.162300 0.000000 0.000000 0.000000 1.000000
0.998533 0.012908 -0.052587 0.014600 -0.011910 0.999744 0.019239 12.186100 0.052822 -0.018585 0.998431 -1.162300 0.000000 0.000000 0.000000 1.000000
0.998511 0.012528 -0.053094 0.014600 -0.013586 0.999715 -0.019612 12.186100 0.052833 0.020305 0.998397 -1.162300 0.000000 0.000000 0.000000 1.000000</float_array><technique_common><accessor source="#mixamorig_Spine1-Matrix-animation-output-transform-array" count="31" stride="16"><param type="float4x4"/></accessor></technique_common></source><source id="mixamorig_Spine1-Interpolations"><Name_array id="mixamorig_Spine1-Interpolations-array" count="31">
 LINEAR LINEAR LINEAR LINEAR LINEAR LINEAR LINEAR LINEAR LINEAR LINEAR LINEAR
LINEAR LINEAR LINEAR LINEAR LINEAR LINEAR LINEAR LINEAR LINEAR LINEAR LINEAR LINEAR
LINEAR LINEAR LINEAR LINEAR LINEAR LINEAR LINEAR LINEAR</Name_array><technique_common><accessor source="#mixamorig_Spine1-Interpolations-array" count="31"><param type="name"/></accessor></technique_common></source><sampler id="mixamorig_Spine1-Matrix-animation-transform"><input semantic="INPUT" source="#mixamorig_Spine1-Matrix-animation-input"/><input semantic="OUTPUT" source="#mixamorig_Spine1-Matrix-animation-output-transform"/><input semantic="INTERPOLATION" source="#mixamorig_Spine1-Interpolations"/></sampler><channel source="#mixamorig_Spine1-Matrix-animation-transform" target="mixamorig_Spine1/matrix"/></animation>
    <animation id="mixamorig_Spine2-anim" name="mixamorig_Spine2"><source id="mixamorig_Spine2-Matrix-animation-input"><float_array id="mixamorig_Spine2-Matrix-animation-input-array" count="31">

0.000000 0.033333 0.066667 0.100000 0.133333 0.166667 0.200000 0.233333 0.266667 0.300000 0.333333 0.366667 0.400000 0.433333 0.466667 0.500000
0.533333 0.566667 0.600000 0.633333 0.666667 0.700000 0.733333 0.766667 0.800000 0.833333 0.866667 0.900000 0.933333 0.966667 1.000000</float_array><technique_common><accessor source="#mixamorig_Spine2-Matrix-animation-input-array" count="31"><param name="TIME" type="float"/></accessor></technique_common></source><source id="mixamorig_Spine2-Matrix-animation-output-transform"><float_array id="mixamorig_Spine2-Matrix-animation-output-transform-array" count="496">

0.998552 0.012171 -0.052396 0.016600 -0.013247 0.999707 -0.020235 13.927000 0.052135 0.020900 0.998421 -1.328400 0.000000 0.000000 0.000000 1.000000
0.999421 -0.019325 -0.028013 0.016600 0.018564 0.999458 -0.027186 13.927000 0.028524 0.026650 0.999238 -1.328400 0.000000 0.000000 0.000000 1.000000
0.996830 -0.079350 -0.005773 0.016600 0.079222 0.996660 -0.019795 13.927000 0.007324 0.019275 0.999787 -1.328400 0.000000 0.000000 0.000000 1.000000
0.990242 -0.138967 0.010470 0.016600 0.139114 0.990164 -0.014898 13.927000 -0.008297 0.016209 0.999834 -1.328400 0.000000 0.000000 0.000000 1.000000
0.985565 -0.168056 0.020480 0.016600 0.168637 0.985189 -0.031050 13.927000 -0.014959 0.034055 0.999308 -1.328400 0.000000 0.000000 0.000000 1.000000
0.986688 -0.160361 0.027045 0.016600 0.161982 0.983878 -0.075798 13.927000 -0.014454 0.079170 0.996756 -1.328400 0.000000 0.000000 0.000000 1.000000
0.990384 -0.134779 0.031218 0.016600 0.137878 0.980137 -0.142554 13.927000 -0.011384 0.145487 0.989295 -1.328400 0.000000 0.000000 0.000000 1.000000
0.993393 -0.110546 0.030809 0.016600 0.114611 0.969318 -0.217457 13.927000 -0.005825 0.219551 0.975584 -1.328400 0.000000 0.000000 0.000000 1.000000
0.995548 -0.091027 0.024479 0.016600 0.094215 0.952786 -0.288655 13.927000 0.002952 0.289676 0.957120 -1.328400 0.000000 0.000000 0.000000 1.000000
0.997328 -0.071479 0.015068 0.016600 0.072221 0.933841 -0.350322 13.927000 0.010969 0.350474 0.936508 -1.328400 0.000000 0.000000 0.000000 1.000000
0.998646 -0.051439 0.007805 0.016600 0.050275 0.915478 -0.399215 13.927000 0.013390 0.399067 0.916824 -1.328400 0.000000 0.000000 0.000000 1.000000
0.999409 -0.033854 0.005950 0.016600 0.033128 0.902546 -0.429318 13.927000 0.009164 0.429261 0.903134 -1.328400 0.000000 0.000000 0.000000 1.000000
0.999795 -0.018410 0.008437 0.016600 0.020249 0.902071 -0.431111 13.927000 0.000326 0.431194 0.902259 -1.328400 0.000000 0.000000 0.000000 1.000000
0.999922 -0.004314 0.011756 0.016600 0.008709 0.914152 -0.405277 13.927000 -0.008998 0.405348 0.914118 -1.328400 0.000000 0.000000 0.000000 1.000000
0.999899 0.007723 0.011951 0.016600 -0.002961 0.934427 -0.356143 13.927000 -0.013918 0.356071 0.934355 -1.328400 0.000000 0.000000 0.000000 1.000000
0.999851 0.015175 0.008169 0.016600 -0.012126 0.956272 -0.292228 13.927000 -0.012246 0.292085 0.956314 -1.328400 0.000000 0.000000 0.000000 1.000000
0.999860 0.016327 0.003782 0.016600 -0.015009 0.972729 -0.231457 13.927000 -0.007458 0.231368 0.972838 -1.328400 0.000000 0.000000 0.000000 1.000000
0.999912 0.013004 0.002601 0.016600 -0.012261 0.981275 -0.192219 13.927000 -0.005052 0.192171 0.981349 -1.328400 0.000000 0.000000 0.000000 1.000000
0.999955 0.008210 0.004681 0.016600 -0.007185 0.982177 -0.187820 13.927000 -0.006140 0.187778 0.982192 -1.328400 0.000000 0.000000 0.000000 1.000000
0.999970 0.003646 0.006891 0.016600 -0.002144 0.978450 -0.206473 13.927000 -0.007495 0.206452 0.978428 -1.328400 0.000000 0.000000 0.000000 1.000000
0.999974 -0.000071 0.007190 0.016600 0.001677 0.974668 -0.223649 13.927000 -0.006992 0.223656 0.974643 -1.328400 0.000000 0.000000 0.000000 1.000000
0.999971 -0.002576 0.007120 0.016600 0.004099 0.974810 -0.222999 13.927000 -0.006366 0.223022 0.974793 -1.328400 0.000000 0.000000 0.000000 1.000000
0.999962 -0.002560 0.008322 0.016600 0.004176 0.979701 -0.200421 13.927000 -0.007640 0.200449 0.979674 -1.328400 0.000000 0.000000 0.000000 1.000000
0.999967 0.000665 0.008077 0.016600 0.000655 0.986721 -0.162425 13.927000 -0.008078 0.162425 0.986688 -1.328400 0.000000 0.000000 0.000000 1.000000
0.999981 0.005992 0.001188 0.016600 -0.005807 0.992856 -0.119177 13.927000 -0.001893 0.119168 0.992872 -1.328400 0.000000 0.000000 0.000000 1.000000
0.999849 0.010895 -0.013507 0.016600 -0.011940 0.996732 -0.079897 13.927000 0.012592 0.080046 0.996712 -1.328400 0.000000 0.000000 0.000000 1.000000
0.999444 0.012765 -0.030806 0.016600 -0.014401 0.998464 -0.053493 13.927000 0.030075 0.053907 0.998093 -1.328400 0.000000 0.000000 0.000000 1.000000
0.998980 0.010957 -0.043806 0.016600 -0.012565 0.999251 -0.036610 13.927000 0.043372 0.037123 0.998369 -1.328400 0.000000 0.000000 0.000000 1.000000
0.998676 0.009825 -0.050498 0.016600 -0.010630 0.999820 -0.015698 13.927000 0.050335 0.016214 0.998601 -1.328400 0.000000 0.000000 0.000000 1.000000
0.998562 0.010590 -0.052546 0.016600 -0.010842 0.999931 -0.004518 13.927000 0.052495 0.005081 0.998608 -1.328400 0.000000 0.000000 0.000000 1.000000
0.998552 0.012171 -0.052396 0.016600 -0.013247 0.999707 -0.020235 13.927000 0.052135 0.020899 0.998421 -1.328400 0.000000 0.000000 0.000000 1.000000</float_array><technique_common><accessor source="#mixamorig_Spine2-Matrix-animation-output-transform-array" count="31" stride="16"><param type="float4x4"/></accessor></technique_common></source><source id="mixamorig_Spine2-Interpolations"><Name_array id="mixamorig_Spine2-Interpolations-array" count="31">
 LINEAR LINEAR LINEAR LINEAR LINEAR LINEAR LINEAR LINEAR LINEAR LINEAR LINEAR
LINEAR LINEAR LINEAR LINEAR LINEAR LINEAR LINEAR LINEAR LINEAR LINEAR LINEAR LINEAR
LINEAR LINEAR LINEAR LINEAR LINEAR LINEAR LINEAR LINEAR</Name_array><technique_common><accessor source="#mixamorig_Spine2-Interpolations-array" count="31"><param type="name"/></accessor></technique_common></source><sampler id="mixamorig_Spine2-Matrix-animation-transform"><input semantic="INPUT" source="#mixamorig_Spine2-Matrix-animation-input"/><input semantic="OUTPUT" source="#mixamorig_Spine2-Matrix-animation-output-transform"/><input semantic="INTERPOLATION" source="#mixamorig_Spine2-Interpolations"/></sampler><channel source="#mixamorig_Spine2-Matrix-animation-transform" target="mixamorig_Spine2/matrix"/></animation>
    <animation id="mixamorig_Neck-anim" name="mixamorig_Neck"><source id="mixamorig_Neck-Matrix-animation-input"><float_array id="mixamorig_Neck-Matrix-animation-input-array" count="31">

0.000000 0.033333 0.066667 0.100000 0.133333 0.166667 0.200000 0.233333 0.266667 0.300000 0.333333 0.366667 0.400000 0.433333 0.466667 0.500000
0.533333 0.566667 0.600000 0.633333 0.666667 0.700000 0.733333 0.766667 0.800000 0.833333 0.866667 0.900000 0.933333 0.966667 1.000000</float_array><technique_common><accessor source="#mixamorig_Neck-Matrix-animation-input-array" count="31"><param name="TIME" type="float"/></accessor></technique_common></source><source id="mixamorig_Neck-Matrix-animation-output-transform"><float_array id="mixamorig_Neck-Matrix-animation-output-transform-array" count="496">

0.999269 0.023759 0.029938 0.018700 -0.027425 0.991304 0.128702 15.667800 -0.026620 -0.129429 0.991231 -1.494400 0.000000 0.000000 0.000000 1.000000
0.999148 0.027136 0.031111 0.018700 -0.031357 0.989025 0.144380 15.667800 -0.026851 -0.145232 0.989033 -1.494400 0.000000 0.000000 0.000000 1.000000
0.997666 0.061026 0.030636 0.018700 -0.064621 0.988763 0.134800 15.667800 -0.022066 -0.136465 0.990399 -1.494400 0.000000 0.000000 0.000000 1.000000
0.993967 0.106475 0.026333 0.018700 -0.108616 0.988915 0.101245 15.667800 -0.015261 -0.103494 0.994513 -1.494400 0.000000 0.000000 0.000000 1.000000
0.990502 0.136466 0.016826 0.018700 -0.137227 0.988810 0.058505 15.667800 -0.008654 -0.060258 0.998145 -1.494400 0.000000 0.000000 0.000000 1.000000
0.990624 0.136553 0.004152 0.018700 -0.136614 0.990288 0.025814 15.667800 -0.000586 -0.026140 0.999658 -1.494400 0.000000 0.000000 0.000000 1.000000
0.993204 0.116237 -0.005878 0.018700 -0.116175 0.993178 0.010032 15.667800 0.007004 -0.009281 0.999932 -1.494400 0.000000 0.000000 0.000000 1.000000
0.995412 0.095377 -0.007628 0.018700 -0.095351 0.995437 0.003765 15.667800 0.007952 -0.003020 0.999964 -1.494400 0.000000 0.000000 0.000000 1.000000
0.996419 0.084553 -0.000902 0.018700 -0.084555 0.996415 -0.002760 15.667800 0.000666 0.002826 0.999996 -1.494400 0.000000 0.000000 0.000000 1.000000
0.996744 0.080179 0.008575 0.018700 -0.080077 0.996721 -0.011611 15.667800 -0.009478 0.010887 0.999896 -1.494400 0.000000 0.000000 0.000000 1.000000
0.997130 0.074362 0.014208 0.018700 -0.074092 0.997077 -0.018634 15.667800 -0.015552 0.017528 0.999725 -1.494400 0.000000 0.000000 0.000000 1.000000
0.997808 0.064737 0.013742 0.018700 -0.064433 0.997689 -0.021544 15.667800 -0.015105 0.020612 0.999673 -1.494400 0.000000 0.000000 0.000000 1.000000
0.998433 0.055097 0.009813 0.018700 -0.054849 0.998207 -0.023959 15.667800 -0.011116 0.023383 0.999665 -1.494400 0.000000 0.000000 0.000000 1.000000
0.998770 0.049129 0.006638 0.018700 -0.048856 0.998142 -0.036410 15.667800 -0.008415 0.036041 0.999315 -1.494400 0.000000 0.000000 0.000000 1.000000
0.998895 0.046670 0.005501 0.018700 -0.046196 0.996666 -0.067247 15.667800 -0.008621 0.066918 0.997721 -1.494400 0.000000 0.000000 0.000000 1.000000
0.999006 0.044389 0.004017 0.018700 -0.043611 0.992113 -0.117514 15.667800 -0.009201 0.117222 0.993063 -1.494400 0.000000 0.000000 0.000000 1.000000
0.999198 0.040046 -0.000714 0.018700 -0.039523 0.982948 -0.179589 15.667800 -0.006490 0.179473 0.983742 -1.494400 0.000000 0.000000 0.000000 1.000000
0.999269 0.037124 -0.009083 0.018700 -0.038219 0.970934 -0.236278 15.667800 0.000047 0.236452 0.971643 -1.494400 0.000000 0.000000 0.000000 1.000000
0.998889 0.043437 -0.018298 0.018700 -0.046753 0.962357 -0.267739 15.667800 0.005979 0.268297 0.963318 -1.494400 0.000000 0.000000 0.000000 1.000000
0.997707 0.063128 -0.024424 0.018700 -0.067329 0.962670 -0.262170 15.667800 0.006962 0.263213 0.964713 -1.494400 0.000000 0.000000 0.000000 1.000000
0.995647 0.089649 -0.025502 0.018700 -0.093076 0.970752 -0.221310 15.667800 0.004916 0.222720 0.974870 -1.494400 0.000000 0.000000 0.000000 1.000000
0.993822 0.108516 -0.023263 0.018700 -0.110823 0.981569 -0.155695 15.667800 0.005939 0.157311 0.987531 -1.494400 0.000000 0.000000 0.000000 1.000000
0.993779 0.109256 -0.021598 0.018700 -0.110540 0.991283 -0.071685 15.667800 0.013578 0.073626 0.997193 -1.494400 0.000000 0.000000 0.000000 1.000000
0.995328 0.093910 -0.022417 0.018700 -0.093204 0.995173 0.030706 15.667800 0.025192 -0.028473 0.999277 -1.494400 0.000000 0.000000 0.000000 1.000000
0.996968 0.074119 -0.023670 0.018700 -0.069937 0.986976 0.144869 15.667800 0.034099 -0.142774 0.989168 -1.494400 0.000000 0.000000 0.000000 1.000000
0.997928 0.060572 -0.021717 0.018700 -0.053397 0.967847 0.245806 15.667800 0.035908 -0.244137 0.969076 -1.494400 0.000000 0.000000 0.000000 1.000000
0.998350 0.055445 -0.014913 0.018700 -0.048431 0.952725 0.299950 15.667800 0.030839 -0.298733 0.953838 -1.494400 0.000000 0.000000 0.000000 1.000000
0.998556 0.053542 -0.004409 0.018700 -0.049952 0.955526 0.290647 15.667800 0.019775 -0.290007 0.956820 -1.494400 0.000000 0.000000 0.000000 1.000000
0.998767 0.049098 0.007308 0.018700 -0.049434 0.970470 0.236104 15.667800 0.004500 -0.236174 0.971700 -1.494400 0.000000 0.000000 0.000000 1.000000
0.999056 0.039125 0.018860 0.018700 -0.041794 0.984165 0.172256 15.667800 -0.011821 -0.172882 0.984872 -1.494400 0.000000 0.000000 0.000000 1.000000
0.999269 0.023759 0.029938 0.018700 -0.027425 0.991304 0.128701 15.667800 -0.026620 -0.129428 0.991231 -1.494400 0.000000 0.000000 0.000000 1.000000</float_array><technique_common><accessor source="#mixamorig_Neck-Matrix-animation-output-transform-array" count="31" stride="16"><param type="float4x4"/></accessor></technique_common></source><source id="mixamorig_Neck-Interpolations"><Name_array id="mixamorig_Neck-Interpolations-array" count="31">
 LINEAR LINEAR LINEAR LINEAR LINEAR LINEAR LINEAR LINEAR LINEAR LINEAR LINEAR
LINEAR LINEAR LINEAR LINEAR LINEAR LINEAR LINEAR LINEAR LINEAR LINEAR LINEAR LINEAR
LINEAR LINEAR LINEAR LINEAR LINEAR LINEAR LINEAR LINEAR</Name_array><technique_common><accessor source="#mixamorig_Neck-Interpolations-array" count="31"><param type="name"/></accessor></technique_common></source><sampler id="mixamorig_Neck-Matrix-animation-transform"><input semantic="INPUT" source="#mixamorig_Neck-Matrix-animation-input"/><input semantic="OUTPUT" source="#mixamorig_Neck-Matrix-animation-output-transform"/><input semantic="INTERPOLATION" source="#mixamorig_Neck-Interpolations"/></sampler><channel source="#mixamorig_Neck-Matrix-animation-transform" target="mixamorig_Neck/matrix"/></animation>
    <animation id="mixamorig_Head-anim" name="mixamorig_Head"><source id="mixamorig_Head-Matrix-animation-input"><float_array id="mixamorig_Head-Matrix-animation-input-array" count="31">

0.000000 0.033333 0.066667 0.100000 0.133333 0.166667 0.200000 0.233333 0.266667 0.300000 0.333333 0.366667 0.400000 0.433333 0.466667 0.500000
0.533333 0.566667 0.600000 0.633333 0.666667 0.700000 0.733333 0.766667 0.800000 0.833333 0.866667 0.900000 0.933333 0.966667 1.000000</float_array><technique_common><accessor source="#mixamorig_Head-Matrix-animation-input-array" count="31"><param name="TIME" type="float"/></accessor></technique_common></source><source id="mixamorig_Head-Matrix-animation-output-transform"><float_array id="mixamorig_Head-Matrix-animation-output-transform-array" count="496">

0.994802 -0.066506 -0.077111 0.000000 0.092577 0.906073 0.412871 7.087800 0.042410 -0.417863 0.907520 0.888700 0.000000 0.000000 0.000000 1.000000
0.997932 -0.062916 0.013144 0.000000 0.057469 0.964991 0.255910 7.087800 -0.028785 -0.254625 0.966611 0.888700 0.000000 0.000000 0.000000 1.000000
0.996109 -0.003321 0.088069 0.000000 0.001470 0.999777 0.021074 7.087800 -0.088119 -0.020863 0.995891 0.888700 0.000000 0.000000 0.000000 1.000000
0.988681 0.084438 0.124016 0.000000 -0.055123 0.973217 -0.223181 7.087800 -0.139540 0.213819 0.966856 0.888700 0.000000 0.000000 0.000000 1.000000
0.980533 0.156913 0.118036 0.000000 -0.100728 0.917992 -0.383594 7.087800 -0.168547 0.364237 0.915928 0.888700 0.000000 0.000000 0.000000 1.000000
0.977504 0.189563 0.092479 0.000000 -0.133161 0.894681 -0.426396 7.087800 -0.163568 0.404489 0.899797 0.888700 0.000000 0.000000 0.000000 1.000000
0.978524 0.193001 0.072395 0.000000 -0.151828 0.912374 -0.380161 7.087800 -0.139423 0.361006 0.922083 0.888700 0.000000 0.000000 0.000000 1.000000
0.979147 0.190798 0.069763 0.000000 -0.163369 0.943637 -0.287853 7.087800 -0.120753 0.270453 0.955130 0.888700 0.000000 0.000000 0.000000 1.000000
0.977751 0.193500 0.081001 0.000000 -0.176957 0.968197 -0.176864 7.087800 -0.112648 0.158595 0.980897 0.888700 0.000000 0.000000 0.000000 1.000000
0.976333 0.195427 0.092641 0.000000 -0.190616 0.979932 -0.058291 7.087800 -0.102173 0.039252 0.993992 0.888700 0.000000 0.000000 0.000000 1.000000
0.977646 0.189107 0.091909 0.000000 -0.194686 0.979265 0.056010 7.087800 -0.079412 -0.072651 0.994191 0.888700 0.000000 0.000000 0.000000 1.000000
0.981746 0.174662 0.075286 0.000000 -0.184212 0.971707 0.147822 7.087800 -0.047337 -0.158992 0.986144 0.888700 0.000000 0.000000 0.000000 1.000000
0.986552 0.156120 0.048394 0.000000 -0.162801 0.964915 0.205995 7.087800 -0.014536 -0.211103 0.977356 0.888700 0.000000 0.000000 0.000000 1.000000
0.990705 0.134801 0.018232 0.000000 -0.135391 0.964203 0.227994 7.087800 0.013154 -0.228343 0.973492 0.888700 0.000000 0.000000 0.000000 1.000000
0.993859 0.109368 -0.016797 0.000000 -0.102920 0.969455 0.222630 7.087800 0.040632 -0.219535 0.974758 0.888700 0.000000 0.000000 0.000000 1.000000
0.994555 0.080682 -0.065956 0.000000 -0.065998 0.977465 0.200516 7.087800 0.080647 -0.195071 0.977468 0.888700 0.000000 0.000000 0.000000 1.000000
0.989278 0.055590 -0.135051 0.000000 -0.031969 0.984726 0.171153 7.087800 0.142503 -0.165000 0.975945 0.888700 0.000000 0.000000 0.000000 1.000000
0.975091 0.045349 -0.217119 0.000000 -0.012175 0.988344 0.151752 7.087800 0.221470 -0.145328 0.964277 0.888700 0.000000 0.000000 0.000000 1.000000
0.954404 0.054286 -0.293540 -0.000000 -0.009347 0.988279 0.152375 7.087800 0.298371 -0.142683 0.943725 0.888700 0.000000 0.000000 0.000000 1.000000
0.934981 0.067637 -0.348190 -0.000000 -0.016222 0.988777 0.148513 7.087800 0.354327 -0.133209 0.925585 0.888700 0.000000 0.000000 0.000000 1.000000
0.922090 0.057575 -0.382668 0.000000 -0.024479 0.995568 0.090805 7.087800 0.386201 -0.074363 0.919412 0.888700 0.000000 0.000000 0.000000 1.000000
0.912371 0.005092 -0.409333 0.000000 -0.024474 0.998813 -0.042125 7.087800 0.408632 0.048452 0.911412 0.888700 0.000000 0.000000 0.000000 1.000000
0.900117 -0.080770 -0.428095 0.000000 -0.008432 0.979248 -0.202488 7.087800 0.435567 0.185872 0.880757 0.888700 0.000000 0.000000 0.000000 1.000000
0.888005 -0.165492 -0.429021 0.000000 0.024030 0.948419 -0.316108 7.087800 0.459205 0.270396 0.846178 0.888700 0.000000 0.000000 0.000000 1.000000
0.883330 -0.220726 -0.413530 0.000000 0.068485 0.933500 -0.351976 7.087800 0.463721 0.282590 0.839706 0.888700 0.000000 0.000000 0.000000 1.000000
0.887804 -0.242562 -0.391111 0.000000 0.115108 0.939855 -0.321595 7.087800 0.445594 0.240493 0.862328 0.888700 0.000000 0.000000 0.000000 1.000000
0.900386 -0.236397 -0.365269 -0.000000 0.155309 0.958839 -0.237711 7.087800 0.406428 0.157302 0.900040 0.888700 0.000000 0.000000 0.000000 1.000000
0.922143 -0.205542 -0.327726 0.000000 0.182768 0.978139 -0.099199 7.087800 0.340951 0.031578 0.939551 0.888700 0.000000 0.000000 0.000000 1.000000
0.950629 -0.156964 -0.267705 0.000000 0.186314 0.978555 0.087848 7.087800 0.248175 -0.133388 0.959488 0.888700 0.000000 0.000000 0.000000 1.000000
0.977564 -0.106155 -0.181934 0.000000 0.154402 0.948642 0.276114 7.087800 0.143279 -0.298010 0.943748 0.888700 0.000000 0.000000 0.000000 1.000000
0.994802 -0.066506 -0.077111 0.000000 0.092577 0.906072 0.412871 7.087800 0.042410 -0.417863 0.907520 0.888700 0.000000 0.000000 0.000000 1.000000</float_array><technique_common><accessor source="#mixamorig_Head-Matrix-animation-output-transform-array" count="31" stride="16"><param type="float4x4"/></accessor></technique_common></source><source id="mixamorig_Head-Interpolations"><Name_array id="mixamorig_Head-Interpolations-array" count="31">
 LINEAR LINEAR LINEAR LINEAR LINEAR LINEAR LINEAR LINEAR LINEAR LINEAR LINEAR
LINEAR LINEAR LINEAR LINEAR LINEAR LINEAR LINEAR LINEAR LINEAR LINEAR LINEAR LINEAR
LINEAR LINEAR LINEAR LINEAR LINEAR LINEAR LINEAR LINEAR</Name_array><technique_common><accessor source="#mixamorig_Head-Interpolations-array" count="31"><param type="name"/></accessor></technique_common></source><sampler id="mixamorig_Head-Matrix-animation-transform"><input semantic="INPUT" source="#mixamorig_Head-Matrix-animation-input"/><input semantic="OUTPUT" source="#mixamorig_Head-Matrix-animation-output-transform"/><input semantic="INTERPOLATION" source="#mixamorig_Head-Interpolations"/></sampler><channel source="#mixamorig_Head-Matrix-animation-transform" target="mixamorig_Head/matrix"/></animation>
    <animation id="mixamorig_LeftShoulder-anim" name="mixamorig_LeftShoulder"><source id="mixamorig_LeftShoulder-Matrix-animation-input"><float_array id="mixamorig_LeftShoulder-Matrix-animation-input-array" count="31">

0.000000 0.033333 0.066667 0.100000 0.133333 0.166667 0.200000 0.233333 0.266667 0.300000 0.333333 0.366667 0.400000 0.433333 0.466667 0.500000
