<?xml version="1.0" encoding="utf-8"?>
<COLLADA xmlns="http://www.collada.org/2005/11/COLLADASchema" version="1.4.1">
  <asset><contributor><author>Mixamo</author><authoring_tool>COLLADA Mixamo exporter</authoring_tool><comments></comments></contributor><created>2018-04-27T01:37:27Z</created><modified>2018-04-27T01:37:27Z</modified><revision></revision><title></title><unit meter="0.010000"/><up_axis>Y_UP</up_axis></asset>
  <library_animations>
    <animation id="mixamorig_Hips-anim" name="mixamorig_Hips"><source id="mixamorig_Hips-Matrix-animation-input"><float_array id="mixamorig_Hips-Matrix-animation-input-array" count="23">

0.000000 0.033333 0.066667 0.100000 0.133333 0.166667 0.200000 0.233333 0.266667 0.300000 0.333333 0.366667 0.400000 0.433333 0.466667 0.500000
0.533333 0.566667 0.600000 0.633333 0.666667 0.700000 0.733333</float_array><technique_common><accessor source="#mixamorig_Hips-Matrix-animation-input-array" count="23"><param name="TIME" type="float"/></accessor></technique_common></source><source id="mixamorig_Hips-Matrix-animation-output-transform"><float_array id="mixamorig_Hips-Matrix-animation-output-transform-array" count="368">

0.970296 0.015563 -0.241418 -0.154510 -0.055909 0.985339 -0.161187 78.897179 0.235370 0.169897 0.956941 0.193069 0.000000 0.000000 0.000000 1.000000
0.972756 -0.005475 -0.231768 -0.124347 -0.034425 0.985226 -0.167763 79.669197 0.229262 0.171171 0.958196 10.469698 0.000000 0.000000 0.000000 1.000000
0.977373 -0.022812 -0.210291 -0.078983 -0.014632 0.984496 -0.174797 81.456230 0.211018 0.173919 0.961885 20.783260 0.000000 0.000000 0.000000 1.000000
0.982971 -0.037149 -0.179969 0.013226 0.004247 0.983684 -0.179857 84.037102 0.183714 0.176030 0.967090 31.054680 0.000000 0.000000 0.000000 1.000000
0.985792 -0.039877 -0.163170 0.128004 0.011462 0.985117 -0.171500 86.536560 0.167580 0.167193 0.971578 40.654442 0.000000 0.000000 0.000000 1.000000
0.984603 -0.037710 -0.170690 0.252660 0.011664 0.988451 -0.151093 86.241219 0.174417 0.146775 0.973671 49.711380 0.000000 0.000000 0.000000 1.000000
0.986517 -0.030728 -0.160751 0.221094 0.008469 0.990485 -0.137362 83.734528 0.163442 0.134149 0.977390 59.276115 0.000000 0.000000 0.000000 1.000000
0.992782 -0.031803 -0.115637 0.249664 0.017687 0.992482 -0.121105 80.836044 0.118619 0.118185 0.985881 68.874557 0.000000 0.000000 0.000000 1.000000
0.994203 -0.055757 -0.091932 0.482274 0.046578 0.993984 -0.099130 79.451630 0.096906 0.094274 0.990819 78.330437 0.000000 0.000000 0.000000 1.000000
0.990518 -0.071640 -0.117223 0.663696 0.061357 0.994131 -0.089100 78.140396 0.122918 0.081062 0.989101 88.133347 0.000000 0.000000 0.000000 1.000000
0.988409 -0.071346 -0.134002 0.761387 0.058616 0.993590 -0.096656 77.274246 0.140039 0.087681 0.986256 98.471336 0.000000 0.000000 0.000000 1.000000
0.991635 -0.047042 -0.120199 0.770754 0.034864 0.994226 -0.101483 77.613350 0.124279 0.096443 0.987549 109.033028 0.000000 0.000000 0.000000 1.000000
0.994900 -0.010410 -0.100323 0.613550 -0.001514 0.993006 -0.118051 78.982338 0.100850 0.117601 0.987927 119.397797 0.000000 0.000000 0.000000 1.000000
0.995028 0.024381 -0.096570 0.625263 -0.038358 0.988594 -0.145637 81.580643 0.091918 0.148617 0.984614 129.284500 0.000000 0.000000 0.000000 1.000000
0.992379 0.045381 -0.114562 0.882107 -0.064510 0.983461 -0.169240 84.919464 0.104987 0.175341 0.978894 138.863068 0.000000 0.000000 0.000000 1.000000
0.989671 0.038780 -0.138015 1.210875 -0.064255 0.980593 -0.185227 87.788483 0.128154 0.192182 0.972956 148.665543 0.000000 0.000000 0.000000 1.000000
0.988272 0.019609 -0.151438 1.372333 -0.048986 0.980019 -0.192777 88.688164 0.144632 0.197934 0.969486 158.238220 0.000000 0.000000 0.000000 1.000000
0.987601 0.001447 -0.156980 1.358088 -0.032572 0.980086 -0.195885 87.950134 0.153571 0.198569 0.967981 167.958099 0.000000 0.000000 0.000000 1.000000
0.987114 -0.003568 -0.159980 1.065302 -0.028028 0.980441 -0.194805 85.675156 0.157546 0.196779 0.967707 177.613388 0.000000 0.000000 0.000000 1.000000
0.983775 0.009552 -0.179150 0.676577 -0.043575 0.981400 -0.186962 83.575798 0.174032 0.191736 0.965894 187.185333 0.000000 0.000000 0.000000 1.000000
0.974542 0.027656 -0.222494 0.452395 -0.065505 0.984186 -0.164583 81.858025 0.214424 0.174967 0.960942 196.761154 0.000000 0.000000 0.000000 1.000000
0.967399 0.028154 -0.251689 0.207564 -0.066840 0.986949 -0.146508 80.262840 0.244279 0.158555 0.956655 206.549301 0.000000 0.000000 0.000000 1.000000
0.968475 0.018902 -0.248392 -0.073183 -0.058376 0.986573 -0.152529 79.175697 0.242174 0.162221 0.956575 216.616379 0.000000 0.000000 0.000000 1.000000</float_array><technique_common><accessor source="#mixamorig_Hips-Matrix-animation-output-transform-array" count="23" stride="16"><param type="float4x4"/></accessor></technique_common></source><source id="mixamorig_Hips-Interpolations"><Name_array id="mixamorig_Hips-Interpolations-array" count="23">
 LINEAR LINEAR LINEAR LINEAR LINEAR LINEAR LINEAR LINEAR LINEAR LINEAR LINEAR
LINEAR LINEAR LINEAR LINEAR LINEAR LINEAR LINEAR LINEAR LINEAR LINEAR LINEAR LINEAR</Name_array><technique_common><accessor source="#mixamorig_Hips-Interpolations-array" count="23"><param type="name"/></accessor></technique_common></source><sampler id="mixamorig_Hips-Matrix-animation-transform"><input semantic="INPUT" source="#mixamorig_Hips-Matrix-animation-input"/><input semantic="OUTPUT" source="#mixamorig_Hips-Matrix-animation-output-transform"/><input semantic="INTERPOLATION" source="#mixamorig_Hips-Interpolations"/></sampler><channel source="#mixamorig_Hips-Matrix-animation-transform" target="mixamorig_Hips/matrix"/></animation>
    <animation id="mixamorig_Spine-anim" name="mixamorig_Spine"><source id="mixamorig_Spine-Matrix-animation-input"><float_array id="mixamorig_Spine-Matrix-animation-input-array" count="23">

0.000000 0.033333 0.066667 0.100000 0.133333 0.166667 0.200000 0.233333 0.266667 0.300000 0.333333 0.366667 0.400000 0.433333 0.466667 0.500000
0.533333 0.566667 0.600000 0.633333 0.666667 0.700000 0.733333</float_array><technique_common><accessor source="#mixamorig_Spine-Matrix-animation-input-array" count="23"><param name="TIME" type="float"/></accessor></technique_common></source><source id="mixamorig_Spine-Matrix-animation-output-transform"><float_array id="mixamorig_Spine-Matrix-animation-output-transform-array" count="368">

0.996925 -0.055942 -0.054870 0.012400 0.046733 0.986534 -0.156736 10.445200 0.062899 0.153690 0.986115 -0.996300 0.000000 0.000000 0.000000 1.000000
0.997740 -0.034817 -0.057471 0.012400 0.025758 0.988129 -0.151453 10.445200 0.062062 0.149630 0.986792 -0.996300 0.000000 0.000000 0.000000 1.000000
0.997781 -0.018052 -0.064082 0.012400 0.008424 0.989034 -0.147448 10.445200 0.066041 0.146581 0.986992 -0.996300 0.000000 0.000000 0.000000 1.000000
0.997431 -0.004543 -0.071484 0.012400 -0.005479 0.990223 -0.139384 10.445200 0.071418 0.139418 0.987655 -0.996300 0.000000 0.000000 0.000000 1.000000
0.997276 -0.000508 -0.073757 0.012400 -0.009335 0.991066 -0.133047 10.445200 0.073165 0.133373 0.988361 -0.996300 0.000000 0.000000 0.000000 1.000000
0.997461 0.008162 -0.070752 0.012400 -0.017589 0.990871 -0.133661 10.445200 0.069015 0.134567 0.988498 -0.996300 0.000000 0.000000 0.000000 1.000000
0.996507 0.017837 -0.081579 0.012400 -0.028377 0.991117 -0.129927 10.445200 0.078537 0.131789 0.988162 -0.996300 0.000000 0.000000 0.000000 1.000000
0.993717 0.029106 -0.108075 0.012400 -0.043761 0.989768 -0.135811 10.445200 0.103016 0.139687 0.984822 -0.996300 0.000000 0.000000 0.000000 1.000000
0.991922 0.051967 -0.115712 0.012400 -0.070179 0.984724 -0.159356 10.445200 0.105663 0.166190 0.980416 -0.996300 0.000000 0.000000 0.000000 1.000000
0.992952 0.064028 -0.099733 0.012400 -0.079985 0.983002 -0.165254 10.445200 0.087457 0.172067 0.981195 -0.996300 0.000000 0.000000 0.000000 1.000000
0.993459 0.057124 -0.098875 0.012400 -0.072243 0.984984 -0.156804 10.445200 0.088433 0.162922 0.982668 -0.996300 0.000000 0.000000 0.000000 1.000000
0.992906 0.029117 -0.115281 0.012400 -0.047384 0.986134 -0.159040 10.445200 0.109052 0.163374 0.980519 -0.996300 0.000000 0.000000 0.000000 1.000000
0.990871 -0.008659 -0.134533 0.012400 -0.012695 0.987507 -0.157063 10.445200 0.134213 0.157337 0.978382 -0.996300 0.000000 0.000000 0.000000 1.000000
0.989276 -0.046840 -0.138343 0.012400 0.025052 0.987562 -0.155220 10.445200 0.143893 0.150089 0.978145 -0.996300 0.000000 0.000000 0.000000 1.000000
0.989375 -0.074821 -0.124656 0.012400 0.054734 0.986015 -0.157410 10.445200 0.134690 0.148915 0.979634 -0.996300 0.000000 0.000000 0.000000 1.000000
0.989925 -0.079369 -0.117253 0.012400 0.061121 0.986525 -0.151765 10.445200 0.127718 0.143070 0.981437 -0.996300 0.000000 0.000000 0.000000 1.000000
0.990335 -0.074881 -0.116749 0.012400 0.058462 0.988676 -0.138207 10.445200 0.125776 0.130045 0.983498 -0.996300 0.000000 0.000000 0.000000 1.000000
0.990841 -0.071944 -0.114276 0.012400 0.056977 0.989977 -0.129226 10.445200 0.122428 0.121531 0.985008 -0.996300 0.000000 0.000000 0.000000 1.000000
0.991673 -0.073302 -0.105886 0.012400 0.059600 0.990082 -0.127226 10.445200 0.114161 0.119856 0.986206 -0.996300 0.000000 0.000000 0.000000 1.000000
0.993113 -0.078889 -0.086616 0.012400 0.066525 0.988285 -0.137355 10.445200 0.096437 0.130647 0.986728 -0.996300 0.000000 0.000000 0.000000 1.000000
0.993991 -0.080296 -0.074396 0.012400 0.067094 0.983921 -0.165521 10.445200 0.086491 0.159535 0.983396 -0.996300 0.000000 0.000000 0.000000 1.000000
0.995065 -0.068073 -0.072189 0.012400 0.054233 0.982386 -0.178822 10.445200 0.083090 0.174024 0.981230 -0.996300 0.000000 0.000000 0.000000 1.000000
0.996352 -0.057725 -0.062852 0.012400 0.046603 0.985039 -0.165913 10.445200 0.071489 0.162378 0.984135 -0.996300 0.000000 0.000000 0.000000 1.000000</float_array><technique_common><accessor source="#mixamorig_Spine-Matrix-animation-output-transform-array" count="23" stride="16"><param type="float4x4"/></accessor></technique_common></source><source id="mixamorig_Spine-Interpolations"><Name_array id="mixamorig_Spine-Interpolations-array" count="23">
 LINEAR LINEAR LINEAR LINEAR LINEAR LINEAR LINEAR LINEAR LINEAR LINEAR LINEAR
LINEAR LINEAR LINEAR LINEAR LINEAR LINEAR LINEAR LINEAR LINEAR LINEAR LINEAR LINEAR</Name_array><technique_common><accessor source="#mixamorig_Spine-Interpolations-array" count="23"><param type="name"/></accessor></technique_common></source><sampler id="mixamorig_Spine-Matrix-animation-transform"><input semantic="INPUT" source="#mixamorig_Spine-Matrix-animation-input"/><input semantic="OUTPUT" source="#mixamorig_Spine-Matrix-animation-output-transform"/><input semantic="INTERPOLATION" source="#mixamorig_Spine-Interpolations"/></sampler><channel source="#mixamorig_Spine-Matrix-animation-transform" target="mixamorig_Spine/matrix"/></animation>
    <animation id="mixamorig_Spine1-anim" name="mixamorig_Spine1"><source id="mixamorig_Spine1-Matrix-animation-input"><float_array id="mixamorig_Spine1-Matrix-animation-input-array" count="23">

0.000000 0.033333 0.066667 0.100000 0.133333 0.166667 0.200000 0.233333 0.266667 0.300000 0.333333 0.366667 0.400000 0.433333 0.466667 0.500000
0.533333 0.566667 0.600000 0.633333 0.666667 0.700000 0.733333</float_array><technique_common><accessor source="#mixamorig_Spine1-Matrix-animation-input-array" count="23"><param name="TIME" type="float"/></accessor></technique_common></source><source id="mixamorig_Spine1-Matrix-animation-output-transform"><float_array id="mixamorig_Spine1-Matrix-animation-output-transform-array" count="368">

0.999849 0.001356 -0.017320 0.014600 -0.002371 0.998270 -0.058740 12.186100 0.017211 0.058772 0.998123 -1.162300 0.000000 0.000000 0.000000 1.000000
0.999820 0.004619 -0.018390 0.014600 -0.005633 0.998444 -0.055470 12.186100 0.018105 0.055564 0.998291 -1.162300 0.000000 0.000000 0.000000 1.000000
0.999773 0.005560 -0.020551 0.014600 -0.006695 0.998434 -0.055542 12.186100 0.020210 0.055667 0.998245 -1.162300 0.000000 0.000000 0.000000 1.000000
0.999743 0.003796 -0.022331 0.014600 -0.005027 0.998454 -0.055357 12.186100 0.022086 0.055455 0.998217 -1.162300 0.000000 0.000000 0.000000 1.000000
0.999762 0.001909 -0.021726 0.014600 -0.003162 0.998324 -0.057791 12.186100 0.021579 0.057846 0.998092 -1.162300 0.000000 0.000000 0.000000 1.000000
0.999784 0.000373 -0.020802 0.014600 -0.001762 0.997766 -0.066781 12.186100 0.020731 0.066803 0.997551 -1.162300 0.000000 0.000000 0.000000 1.000000
0.999672 -0.002256 -0.025504 0.014600 0.000503 0.997648 -0.068548 12.186100 0.025598 0.068513 0.997322 -1.162300 0.000000 0.000000 0.000000 1.000000
0.999370 -0.002424 -0.035421 0.014600 0.000194 0.998024 -0.062839 12.186100 0.035504 0.062792 0.997395 -1.162300 0.000000 0.000000 0.000000 1.000000
0.999301 -0.000144 -0.037392 0.014600 -0.002093 0.998211 -0.059757 12.186100 0.037334 0.059793 0.997512 -1.162300 0.000000 0.000000 0.000000 1.000000
0.999521 0.000746 -0.030930 0.014600 -0.002631 0.998137 -0.060952 12.186100 0.030827 0.061004 0.997661 -1.162300 0.000000 0.000000 0.000000 1.000000
0.999579 -0.002270 -0.028942 0.014600 0.000536 0.998213 -0.059756 12.186100 0.029026 0.059716 0.997793 -1.162300 0.000000 0.000000 0.000000 1.000000
0.999426 -0.009404 -0.032559 0.014600 0.007441 0.998178 -0.059883 12.186100 0.033063 0.059606 0.997674 -1.162300 0.000000 0.000000 0.000000 1.000000
0.999181 -0.013964 -0.037967 0.014600 0.011748 0.998249 -0.057980 12.186100 0.038710 0.057487 0.997595 -1.162300 0.000000 0.000000 0.000000 1.000000
0.999026 -0.017894 -0.040344 0.014600 0.015654 0.998355 -0.055155 12.186100 0.041264 0.054470 0.997662 -1.162300 0.000000 0.000000 0.000000 1.000000
0.999011 -0.022124 -0.038560 0.014600 0.019931 0.998213 -0.056336 12.186100 0.039738 0.055512 0.997667 -1.162300 0.000000 0.000000 0.000000 1.000000
0.999058 -0.021443 -0.037734 0.014600 0.019320 0.998258 -0.055745 12.186100 0.038864 0.054963 0.997732 -1.162300 0.000000 0.000000 0.000000 1.000000
0.999155 -0.016923 -0.037468 0.014600 0.014928 0.998488 -0.052904 12.186100 0.038306 0.052300 0.997896 -1.162300 0.000000 0.000000 0.000000 1.000000
0.999302 -0.012154 -0.035336 0.014600 0.010344 0.998648 -0.050946 12.186100 0.035907 0.050545 0.998076 -1.162300 0.000000 0.000000 0.000000 1.000000
0.999473 -0.008726 -0.031273 0.014600 0.007261 0.998883 -0.046683 12.186100 0.031645 0.046431 0.998420 -1.162300 0.000000 0.000000 0.000000 1.000000
0.999655 -0.008301 -0.024937 0.014600 0.007337 0.999231 -0.038509 12.186100 0.025238 0.038312 0.998947 -1.162300 0.000000 0.000000 0.000000 1.000000
0.999746 -0.006302 -0.021622 0.014600 0.005345 0.999016 -0.044025 12.186100 0.021878 0.043898 0.998796 -1.162300 0.000000 0.000000 0.000000 1.000000
0.999766 -0.001134 -0.021620 0.014600 -0.000186 0.998143 -0.060917 12.186100 0.021649 0.060907 0.997909 -1.162300 0.000000 0.000000 0.000000 1.000000
0.999811 0.001457 -0.019405 0.014600 -0.002690 0.997967 -0.063676 12.186100 0.019272 0.063716 0.997782 -1.162300 0.000000 0.000000 0.000000 1.000000</float_array><technique_common><accessor source="#mixamorig_Spine1-Matrix-animation-output-transform-array" count="23" stride="16"><param type="float4x4"/></accessor></technique_common></source><source id="mixamorig_Spine1-Interpolations"><Name_array id="mixamorig_Spine1-Interpolations-array" count="23">
 LINEAR LINEAR LINEAR LINEAR LINEAR LINEAR LINEAR LINEAR LINEAR LINEAR LINEAR
LINEAR LINEAR LINEAR LINEAR LINEAR LINEAR LINEAR LINEAR LINEAR LINEAR LINEAR LINEAR</Name_array><technique_common><accessor source="#mixamorig_Spine1-Interpolations-array" count="23"><param type="name"/></accessor></technique_common></source><sampler id="mixamorig_Spine1-Matrix-animation-transform"><input semantic="INPUT" source="#mixamorig_Spine1-Matrix-animation-input"/><input semantic="OUTPUT" source="#mixamorig_Spine1-Matrix-animation-output-transform"/><input semantic="INTERPOLATION" source="#mixamorig_Spine1-Interpolations"/></sampler><channel source="#mixamorig_Spine1-Matrix-animation-transform" target="mixamorig_Spine1/matrix"/></animation>
    <animation id="mixamorig_Spine2-anim" name="mixamorig_Spine2"><source id="mixamorig_Spine2-Matrix-animation-input"><float_array id="mixamorig_Spine2-Matrix-animation-input-array" count="23">

0.000000 0.033333 0.066667 0.100000 0.133333 0.166667 0.200000 0.233333 0.266667 0.300000 0.333333 0.366667 0.400000 0.433333 0.466667 0.500000
0.533333 0.566667 0.600000 0.633333 0.666667 0.700000 0.733333</float_array><technique_common><accessor source="#mixamorig_Spine2-Matrix-animation-input-array" count="23"><param name="TIME" type="float"/></accessor></technique_common></source><source id="mixamorig_Spine2-Matrix-animation-output-transform"><float_array id="mixamorig_Spine2-Matrix-animation-output-transform-array" count="368">

0.999844 0.001511 -0.017625 0.016600 -0.002541 0.998279 -0.058596 13.927000 0.017506 0.058631 0.998126 -1.328400 0.000000 0.000000 0.000000 1.000000
0.999815 0.004751 -0.018647 0.016600 -0.005777 0.998451 -0.055332 13.927000 0.018355 0.055429 0.998294 -1.328400 0.000000 0.000000 0.000000 1.000000
0.999769 0.005737 -0.020727 0.016600 -0.006878 0.998439 -0.055432 13.927000 0.020377 0.055562 0.998247 -1.328400 0.000000 0.000000 0.000000 1.000000
0.999741 0.004040 -0.022415 0.016600 -0.005275 0.998456 -0.055302 13.927000 0.022157 0.055406 0.998218 -1.328400 0.000000 0.000000 0.000000 1.000000
0.999760 0.002221 -0.021791 0.016600 -0.003477 0.998325 -0.057752 13.927000 0.021626 0.057814 0.998093 -1.328400 0.000000 0.000000 0.000000 1.000000
0.999778 0.000811 -0.021064 0.016600 -0.002214 0.997772 -0.066680 13.927000 0.020963 0.066712 0.997552 -1.328400 0.000000 0.000000 0.000000 1.000000
0.999662 -0.001648 -0.025930 0.016600 -0.000129 0.997659 -0.068387 13.927000 0.025982 0.068368 0.997322 -1.328400 0.000000 0.000000 0.000000 1.000000
0.999359 -0.001787 -0.035749 0.016600 -0.000457 0.998033 -0.062682 13.927000 0.035791 0.062658 0.997393 -1.328400 0.000000 0.000000 0.000000 1.000000
0.999295 0.000219 -0.037552 0.016600 -0.002463 0.998212 -0.059714 13.927000 0.037472 0.059765 0.997509 -1.328400 0.000000 0.000000 0.000000 1.000000
0.999518 0.000985 -0.031034 0.016600 -0.002876 0.998136 -0.060962 13.927000 0.030916 0.061022 0.997658 -1.328400 0.000000 0.000000 0.000000 1.000000
0.999576 -0.002039 -0.029062 0.016600 0.000298 0.998213 -0.059763 13.927000 0.029132 0.059729 0.997789 -1.328400 0.000000 0.000000 0.000000 1.000000
0.999424 -0.009143 -0.032668 0.016600 0.007173 0.998178 -0.059917 13.927000 0.033157 0.059648 0.997669 -1.328400 0.000000 0.000000 0.000000 1.000000
0.999180 -0.013671 -0.038099 0.016600 0.011447 0.998252 -0.057988 13.927000 0.038825 0.057505 0.997590 -1.328400 0.000000 0.000000 0.000000 1.000000
0.999024 -0.017594 -0.040511 0.016600 0.015347 0.998362 -0.055122 13.927000 0.041414 0.054447 0.997657 -1.328400 0.000000 0.000000 0.000000 1.000000
0.999009 -0.021776 -0.038813 0.016600 0.019573 0.998224 -0.056267 13.927000 0.039970 0.055451 0.997661 -1.328400 0.000000 0.000000 0.000000 1.000000
0.999053 -0.021060 -0.038071 0.016600 0.018925 0.998274 -0.055598 13.927000 0.039176 0.054825 0.997727 -1.328400 0.000000 0.000000 0.000000 1.000000
0.999149 -0.016504 -0.037809 0.016600 0.014499 0.998505 -0.052708 13.927000 0.038622 0.052115 0.997894 -1.328400 0.000000 0.000000 0.000000 1.000000
0.999297 -0.011704 -0.035627 0.016600 0.009887 0.998662 -0.050756 13.927000 0.036173 0.050368 0.998075 -1.328400 0.000000 0.000000 0.000000 1.000000
0.999469 -0.008391 -0.031499 0.016600 0.006920 0.998894 -0.046514 13.927000 0.031855 0.046272 0.998421 -1.328400 0.000000 0.000000 0.000000 1.000000
0.999651 -0.008268 -0.025099 0.016600 0.007301 0.999237 -0.038375 13.927000 0.025397 0.038178 0.998948 -1.328400 0.000000 0.000000 0.000000 1.000000
0.999741 -0.006374 -0.021844 0.016600 0.005411 0.999022 -0.043880 13.927000 0.022102 0.043751 0.998798 -1.328400 0.000000 0.000000 0.000000 1.000000
0.999758 -0.000987 -0.021963 0.016600 -0.000348 0.998154 -0.060733 13.927000 0.021982 0.060726 0.997912 -1.328400 0.000000 0.000000 0.000000 1.000000
0.999804 0.001684 -0.019747 0.016600 -0.002935 0.997977 -0.063506 13.927000 0.019600 0.063551 0.997786 -1.328400 0.000000 0.000000 0.000000 1.000000</float_array><technique_common><accessor source="#mixamorig_Spine2-Matrix-animation-output-transform-array" count="23" stride="16"><param type="float4x4"/></accessor></technique_common></source><source id="mixamorig_Spine2-Interpolations"><Name_array id="mixamorig_Spine2-Interpolations-array" count="23">
 LINEAR LINEAR LINEAR LINEAR LINEAR LINEAR LINEAR LINEAR LINEAR LINEAR LINEAR
LINEAR LINEAR LINEAR LINEAR LINEAR LINEAR LINEAR LINEAR LINEAR LINEAR LINEAR LINEAR</Name_array><technique_common><accessor source="#mixamorig_Spine2-Interpolations-array" count="23"><param type="name"/></accessor></technique_common></source><sampler id="mixamorig_Spine2-Matrix-animation-transform"><input semantic="INPUT" source="#mixamorig_Spine2-Matrix-animation-input"/><input semantic="OUTPUT" source="#mixamorig_Spine2-Matrix-animation-output-transform"/><input semantic="INTERPOLATION" source="#mixamorig_Spine2-Interpolations"/></sampler><channel source="#mixamorig_Spine2-Matrix-animation-transform" target="mixamorig_Spine2/matrix"/></animation>
    <animation id="mixamorig_Neck-anim" name="mixamorig_Neck"><source id="mixamorig_Neck-Matrix-animation-input"><float_array id="mixamorig_Neck-Matrix-animation-input-array" count="23">

0.000000 0.033333 0.066667 0.100000 0.133333 0.166667 0.200000 0.233333 0.266667 0.300000 0.333333 0.366667 0.400000 0.433333 0.466667 0.500000
0.533333 0.566667 0.600000 0.633333 0.666667 0.700000 0.733333</float_array><technique_common><accessor source="#mixamorig_Neck-Matrix-animation-input-array" count="23"><param name="TIME" type="float"/></accessor></technique_common></source><source id="mixamorig_Neck-Matrix-animation-output-transform"><float_array id="mixamorig_Neck-Matrix-animation-output-transform-array" count="368">

0.997708 -0.022206 0.063915 0.018700 0.026899 0.996930 -0.073532 15.667800 -0.062086 0.075083 0.995243 -1.494400 0.000000 0.000000 0.000000 1.000000
0.997681 -0.021463 0.064592 0.018700 0.026371 0.996750 -0.076125 15.667800 -0.062748 0.077652 0.995004 -1.494400 0.000000 0.000000 0.000000 1.000000
0.997748 -0.021131 0.063653 0.018700 0.026216 0.996438 -0.080145 15.667800 -0.061733 0.081634 0.994749 -1.494400 0.000000 0.000000 0.000000 1.000000
0.997847 -0.022724 0.061529 0.018700 0.028232 0.995525 -0.090182 15.667800 -0.059204 0.091725 0.994023 -1.494400 0.000000 0.000000 0.000000 1.000000
0.997936 -0.026529 0.058476 0.018700 0.032157 0.994716 -0.097502 15.667800 -0.055580 0.099182 0.993516 -1.494400 0.000000 0.000000 0.000000 1.000000
0.997972 -0.029355 0.056490 0.018700 0.034507 0.995114 -0.092508 15.667800 -0.053498 0.094270 0.994108 -1.494400 0.000000 0.000000 0.000000 1.000000
0.997829 -0.036003 0.055141 0.018700 0.040860 0.995134 -0.089655 15.667800 -0.051644 0.091714 0.994445 -1.494400 0.000000 0.000000 0.000000 1.000000
0.997797 -0.040187 0.052775 0.018700 0.044877 0.994845 -0.090935 15.667800 -0.048849 0.093103 0.994457 -1.494400 0.000000 0.000000 0.000000 1.000000
0.998227 -0.032771 0.049684 0.018700 0.037360 0.994828 -0.094454 15.667800 -0.046332 0.096143 0.994289 -1.494400 0.000000 0.000000 0.000000 1.000000
0.998447 -0.023231 0.050629 0.018700 0.028247 0.994512 -0.100735 15.667800 -0.048011 0.102009 0.993624 -1.494400 0.000000 0.000000 0.000000 1.000000
0.998367 -0.020796 0.053207 0.018700 0.026115 0.994513 -0.101303 15.667800 -0.050808 0.102527 0.993432 -1.494400 0.000000 0.000000 0.000000 1.000000
0.998304 -0.024206 0.052951 0.018700 0.029128 0.995123 -0.094248 15.667800 -0.050411 0.095631 0.994140 -1.494400 0.000000 0.000000 0.000000 1.000000
0.998065 -0.033123 0.052625 0.018700 0.037882 0.995024 -0.092153 15.667800 -0.049311 0.093968 0.994353 -1.494400 0.000000 0.000000 0.000000 1.000000
0.997777 -0.043848 0.050178 0.018700 0.048394 0.994462 -0.093291 15.667800 -0.045810 0.095512 0.994374 -1.494400 0.000000 0.000000 0.000000 1.000000
0.997599 -0.051610 0.046188 0.018700 0.055519 0.994590 -0.087802 15.667800 -0.041407 0.090156 0.995067 -1.494400 0.000000 0.000000 0.000000 1.000000
0.997363 -0.056739 0.045259 0.018700 0.060477 0.994457 -0.086016 15.667800 -0.040128 0.088526 0.995265 -1.494400 0.000000 0.000000 0.000000 1.000000
0.997261 -0.057594 0.046413 0.018700 0.061588 0.994053 -0.089809 15.667800 -0.040965 0.092422 0.994877 -1.494400 0.000000 0.000000 0.000000 1.000000
0.997405 -0.054928 0.046535 0.018700 0.058913 0.994279 -0.089102 15.667800 -0.041375 0.091612 0.994935 -1.494400 0.000000 0.000000 0.000000 1.000000
0.997573 -0.053384 0.044708 0.018700 0.057058 0.994711 -0.085405 15.667800 -0.039912 0.087748 0.995343 -1.494400 0.000000 0.000000 0.000000 1.000000
0.997725 -0.049908 0.045328 0.018700 0.053704 0.994778 -0.086789 15.667800 -0.040760 0.089026 0.995195 -1.494400 0.000000 0.000000 0.000000 1.000000
0.997788 -0.035978 0.055898 0.018700 0.040646 0.995573 -0.084748 15.667800 -0.052602 0.086833 0.994833 -1.494400 0.000000 0.000000 0.000000 1.000000
0.997571 -0.023636 0.065523 0.018700 0.028395 0.996951 -0.072678 15.667800 -0.063606 0.074362 0.995201 -1.494400 0.000000 0.000000 0.000000 1.000000
0.997618 -0.021746 0.065462 0.018700 0.026278 0.997258 -0.069187 15.667800 -0.063778 0.070743 0.995454 -1.494400 0.000000 0.000000 0.000000 1.000000</float_array><technique_common><accessor source="#mixamorig_Neck-Matrix-animation-output-transform-array" count="23" stride="16"><param type="float4x4"/></accessor></technique_common></source><source id="mixamorig_Neck-Interpolations"><Name_array id="mixamorig_Neck-Interpolations-array" count="23">
 LINEAR LINEAR LINEAR LINEAR LINEAR LINEAR LINEAR LINEAR LINEAR LINEAR LINEAR
LINEAR LINEAR LINEAR LINEAR LINEAR LINEAR LINEAR LINEAR LINEAR LINEAR LINEAR LINEAR</Name_array><technique_common><accessor source="#mixamorig_Neck-Interpolations-array" count="23"><param type="name"/></accessor></technique_common></source><sampler id="mixamorig_Neck-Matrix-animation-transform"><input semantic="INPUT" source="#mixamorig_Neck-Matrix-animation-input"/><input semantic="OUTPUT" source="#mixamorig_Neck-Matrix-animation-output-transform"/><input semantic="INTERPOLATION" source="#mixamorig_Neck-Interpolations"/></sampler><channel source="#mixamorig_Neck-Matrix-animation-transform" target="mixamorig_Neck/matrix"/></animation>
    <animation id="mixamorig_Head-anim" name="mixamorig_Head"><source id="mixamorig_Head-Matrix-animation-input"><float_array id="mixamorig_Head-Matrix-animation-input-array" count="23">

0.000000 0.033333 0.066667 0.100000 0.133333 0.166667 0.200000 0.233333 0.266667 0.300000 0.333333 0.366667 0.400000 0.433333 0.466667 0.500000
0.533333 0.566667 0.600000 0.633333 0.666667 0.700000 0.733333</float_array><technique_common><accessor source="#mixamorig_Head-Matrix-animation-input-array" count="23"><param name="TIME" type="float"/></accessor></technique_common></source><source id="mixamorig_Head-Matrix-animation-output-transform"><float_array id="mixamorig_Head-Matrix-animation-output-transform-array" count="368">

0.937584 -0.210176 0.277060 0.000000 0.197717 0.977575 0.072499 7.087800 -0.286085 -0.013195 0.958114 0.888700 0.000000 0.000000 0.000000 1.000000
0.935221 -0.224908 0.273455 -0.000000 0.209607 0.974141 0.084340 7.087800 -0.285353 -0.021559 0.958180 0.888700 0.000000 0.000000 0.000000 1.000000
0.935685 -0.232850 0.265093 0.000000 0.217537 0.972242 0.086159 7.087800 -0.277796 -0.022950 0.960366 0.888700 0.000000 0.000000 0.000000 1.000000
0.938668 -0.230615 0.256356 0.000000 0.216757 0.972821 0.081465 7.087800 -0.268175 -0.020902 0.963143 0.888700 0.000000 0.000000 0.000000 1.000000
0.943077 -0.220414 0.249046 -0.000000 0.208936 0.975278 0.071965 7.087800 -0.258751 -0.015834 0.965814 0.888700 0.000000 0.000000 0.000000 1.000000
0.945143 -0.215015 0.245914 0.000000 0.206710 0.976596 0.059423 7.087800 -0.252935 -0.005330 0.967468 0.888700 0.000000 0.000000 0.000000 1.000000
0.943786 -0.222208 0.244727 0.000000 0.213596 0.974982 0.061537 7.087800 -0.252278 -0.005805 0.967637 0.888700 0.000000 0.000000 0.000000 1.000000
0.943754 -0.237198 0.230362 0.000000 0.223821 0.971094 0.082952 7.087800 -0.243379 -0.026727 0.969563 0.888700 0.000000 0.000000 0.000000 1.000000
0.947851 -0.247494 0.200811 0.000000 0.233245 0.968042 0.092145 7.087800 -0.217199 -0.040502 0.975287 0.888700 0.000000 0.000000 0.000000 1.000000
0.949692 -0.244205 0.196085 0.000000 0.233555 0.969363 0.076079 7.087800 -0.208657 -0.026455 0.977631 0.888700 0.000000 0.000000 0.000000 1.000000
0.948996 -0.234098 0.211196 -0.000000 0.226237 0.972160 0.060999 7.087800 -0.219596 -0.010107 0.975538 0.888700 0.000000 0.000000 0.000000 1.000000
0.947733 -0.236707 0.213942 0.000000 0.228751 0.971535 0.061581 7.087800 -0.222429 -0.009423 0.974903 0.888700 0.000000 0.000000 0.000000 1.000000
0.945490 -0.238259 0.221992 0.000000 0.228770 0.971109 0.067910 7.087800 -0.231759 -0.013423 0.972681 0.888700 0.000000 0.000000 0.000000 1.000000
0.947604 -0.224729 0.227033 -0.000000 0.214838 0.974300 0.067711 7.087800 -0.236415 -0.015388 0.971530 0.888700 0.000000 0.000000 0.000000 1.000000
0.952873 -0.202147 0.226205 -0.000000 0.193964 0.979288 0.058075 7.087800 -0.233260 -0.011462 0.972347 0.888700 0.000000 0.000000 0.000000 1.000000
0.953923 -0.187595 0.234179 0.000000 0.181723 0.982245 0.046604 7.087800 -0.238764 -0.001901 0.971076 0.888700 0.000000 0.000000 0.000000 1.000000
0.952590 -0.183530 0.242670 -0.000000 0.180637 0.982951 0.034318 7.087800 -0.244831 0.011145 0.969502 0.888700 0.000000 0.000000 0.000000 1.000000
0.953218 -0.181918 0.241415 0.000000 0.181187 0.983120 0.025417 7.087800 -0.241964 0.019514 0.970089 0.888700 0.000000 0.000000 0.000000 1.000000
0.955415 -0.185359 0.229837 0.000000 0.183972 0.982543 0.027643 7.087800 -0.230949 0.015874 0.972836 0.888700 0.000000 0.000000 0.000000 1.000000
0.954854 -0.195312 0.223847 0.000000 0.190461 0.980740 0.043281 7.087800 -0.227989 0.001307 0.973663 0.888700 0.000000 0.000000 0.000000 1.000000
0.944431 -0.210714 0.252288 -0.000000 0.198334 0.977349 0.073835 7.087800 -0.262132 -0.019695 0.964831 0.888700 0.000000 0.000000 0.000000 1.000000
0.934248 -0.215150 0.284415 0.000000 0.200023 0.976390 0.081571 7.087800 -0.295250 -0.019318 0.955225 0.888700 0.000000 0.000000 0.000000 1.000000
0.935310 -0.210591 0.284337 0.000000 0.198143 0.977510 0.072202 7.087800 -0.293147 -0.011192 0.956002 0.888700 0.000000 0.000000 0.000000 1.000000</float_array><technique_common><accessor source="#mixamorig_Head-Matrix-animation-output-transform-array" count="23" stride="16"><param type="float4x4"/></accessor></technique_common></source><source id="mixamorig_Head-Interpolations"><Name_array id="mixamorig_Head-Interpolations-array" count="23">
 LINEAR LINEAR LINEAR LINEAR LINEAR LINEAR LINEAR LINEAR LINEAR LINEAR LINEAR
LINEAR LINEAR LINEAR LINEAR LINEAR LINEAR LINEAR LINEAR LINEAR LINEAR LINEAR LINEAR</Name_array><technique_common><accessor source="#mixamorig_Head-Interpolations-array" count="23"><param type="name"/></accessor></technique_common></source><sampler id="mixamorig_Head-Matrix-animation-transform"><input semantic="INPUT" source="#mixamorig_Head-Matrix-animation-input"/><input semantic="OUTPUT" source="#mixamorig_Head-Matrix-animation-output-transform"/><input semantic="INTERPOLATION" source="#mixamorig_Head-Interpolations"/></sampler><channel source="#mixamorig_Head-Matrix-animation-transform" target="mixamorig_Head/matrix"/></animation>
    <animation id="mixamorig_LeftShoulder-anim" name="mixamorig_LeftShoulder"><source id="mixamorig_LeftShoulder-Matrix-animation-input"><float_array id="mixamorig_LeftShoulder-Matrix-animation-input-array" count="23">

0.000000 0.033333 0.066667 0.100000 0.133333 0.166667 0.200000 0.233333 0.266667 0.300000 0.333333 0.366667 0.400000 0.433333 0.466667 0.500000
0.533333 0.566667 0.600000 0.633333 0.666667 0.700000 0.733333</float_array><technique_common><accessor source="#mixamorig_LeftShoulder-Matrix-animation-input-array" count="23"><param name="TIME" type="float"/></accessor></technique_common></source><source id="mixamorig_LeftShoulder-Matrix-animation-output-transform"><float_array id="mixamorig_LeftShoulder-Matrix-animation-output-transform-array" count="368">

0.959364 -0.210150 -0.188304 6.233100 0.208189 0.977617 -0.030361 12.573100 0.190470 -0.010075 0.981641 -1.462000 0.000000 0.000000 0.000000 1.000000
0.953638 -0.216657 -0.208889 6.233100 0.214468 0.976161 -0.033355 12.573100 0.211136 -0.012991 0.977370 -1.462000 0.000000 0.000000 0.000000 1.000000
0.945411 -0.224073 -0.236621 6.233100 0.221463 0.974432 -0.037909 12.573100 0.239066 -0.016563 0.970862 -1.462000 0.000000 0.000000 0.000000 1.000000
0.932809 -0.230137 -0.277315 6.233100 0.226721 0.972929 -0.044784 12.573100 0.280114 -0.021099 0.959735 -1.462000 0.000000 0.000000 0.000000 1.000000
0.920040 -0.232801 -0.315166 6.233100 0.228689 0.972188 -0.050523 12.573100 0.318162 -0.025591 0.947691 -1.462000 0.000000 0.000000 0.000000 1.000000
0.912196 -0.236572 -0.334561 6.233100 0.232270 0.971182 -0.053438 12.573100 0.337562 -0.028962 0.940858 -1.462000 0.000000 0.000000 0.000000 1.000000
0.901066 -0.243343 -0.358976 6.233100 0.238396 0.969390 -0.058734 12.573100 0.362280 -0.032655 0.931497 -1.462000 0.000000 0.000000 0.000000 1.000000
0.887369 -0.249635 -0.387632 6.233100 0.243645 0.967656 -0.065417 12.573100 0.391425 -0.036396 0.919490 -1.462000 0.000000 0.000000 0.000000 1.000000
0.878192 -0.249240 -0.408237 6.233100 0.242722 0.967664 -0.068645 12.573100 0.412145 -0.038805 0.910291 -1.462000 0.000000 0.000000 0.000000 1.000000
0.877601 -0.238868 -0.415641 6.233100 0.232751 0.970282 -0.066179 12.573100 0.419097 -0.038662 0.907118 -1.462000 0.000000 0.000000 0.000000 1.000000
0.880578 -0.225372 -0.416882 6.233100 0.219901 0.973561 -0.061825 12.573100 0.419794 -0.037231 0.906856 -1.462000 0.000000 0.000000 0.000000 1.000000
0.882172 -0.216716 -0.418099 6.233100 0.211478 0.975572 -0.059466 12.573100 0.420773 -0.035959 0.906453 -1.462000 0.000000 0.000000 0.000000 1.000000
0.884187 -0.221367 -0.411351 6.233100 0.215738 0.974561 -0.060734 12.573100 0.414331 -0.035044 0.909451 -1.462000 0.000000 0.000000 0.000000 1.000000
0.882959 -0.242636 -0.401884 6.233100 0.235856 0.969467 -0.067124 12.573100 0.405900 -0.035519 0.913227 -1.462000 0.000000 0.000000 0.000000 1.000000
0.882597 -0.259393 -0.392095 6.233100 0.251793 0.965121 -0.071702 12.573100 0.397018 -0.035443 0.917126 -1.462000 0.000000 0.000000 0.000000 1.000000
0.887284 -0.258676 -0.381856 6.233100 0.251129 0.965387 -0.070443 12.573100 0.386860 -0.033392 0.921534 -1.462000 0.000000 0.000000 0.000000 1.000000
0.894015 -0.247323 -0.373589 6.233100 0.240207 0.968454 -0.066309 12.573100 0.378203 -0.030458 0.925221 -1.462000 0.000000 0.000000 0.000000 1.000000
0.900524 -0.235001 -0.365829 6.233100 0.228368 0.971600 -0.061985 12.573100 0.370006 -0.027725 0.928616 -1.462000 0.000000 0.000000 0.000000 1.000000
0.901763 -0.231166 -0.365220 6.233100 0.224588 0.972540 -0.061039 12.573100 0.369301 -0.026981 0.928918 -1.462000 0.000000 0.000000 0.000000 1.000000
0.905202 -0.227221 -0.359138 6.233100 0.220813 0.973508 -0.059365 12.573100 0.363113 -0.025565 0.931395 -1.462000 0.000000 0.000000 0.000000 1.000000
0.936930 -0.205438 -0.282769 6.233100 0.201426 0.978536 -0.043521 12.573100 0.285641 -0.016181 0.958200 -1.462000 0.000000 0.000000 0.000000 1.000000
0.962323 -0.193163 -0.191368 6.233100 0.191271 0.981124 -0.028487 12.573100 0.193258 -0.009189 0.981105 -1.462000 0.000000 0.000000 0.000000 1.000000
0.962664 -0.204858 -0.176949 6.233100 0.203188 0.978748 -0.027705 12.573100 0.178864 -0.009283 0.983830 -1.462000 0.000000 0.000000 0.000000 1.000000</float_array><technique_common><accessor source="#mixamorig_LeftShoulder-Matrix-animation-output-transform-array" count="23" stride="16"><param type="float4x4"/></accessor></technique_common></source><source id="mixamorig_LeftShoulder-Interpolations"><Name_array id="mixamorig_LeftShoulder-Interpolations-array" count="23">
 LINEAR LINEAR LINEAR LINEAR LINEAR LINEAR LINEAR LINEAR LINEAR LINEAR LINEAR
LINEAR LINEAR LINEAR LINEAR LINEAR LINEAR LINEAR LINEAR LINEAR LINEAR LINEAR LINEAR</Name_array><technique_common><accessor source="#mixamorig_LeftShoulder-Interpolations-array" count="23"><param type="name"/></accessor></technique_common></source><sampler id="mixamorig_LeftShoulder-Matrix-animation-transform"><input semantic="INPUT" source="#mixamorig_LeftShoulder-Matrix-animation-input"/><input semantic="OUTPUT" source="#mixamorig_LeftShoulder-Matrix-animation-output-transform"/><input semantic="INTERPOLATION" source="#mixamorig_LeftShoulder-Interpolations"/></sampler><channel source="#mixamorig_LeftShoulder-Matrix-animation-transform" target="mixamorig_LeftShoulder/matrix"/></animation>
    <animation id="mixamorig_LeftArm-anim" name="mixamorig_LeftArm"><source id="mixamorig_LeftArm-Matrix-animation-input"><float_array id="mixamorig_LeftArm-Matrix-animation-input-array" count="23">

0.000000 0.033333 0.066667 0.100000 0.133333 0.166667 0.200000 0.233333 0.266667 0.300000 0.333333 0.366667 0.400000 0.433333 0.466667 0.500000
0.533333 0.566667 0.600000 0.633333 0.666667 0.700000 0.733333</float_array><technique_common><accessor source="#mixamorig_LeftArm-Matrix-animation-input-array" count="23"><param name="TIME" type="float"/></accessor></technique_common></source><source id="mixamorig_LeftArm-Matrix-animation-output-transform"><float_array id="mixamorig_LeftArm-Matrix-animation-output-transform-array" count="368">

0.313364 0.849172 -0.425100 13.429100 0.151478 0.397218 0.905137 -3.527300 0.937474 -0.348030 -0.004157 0.064700 0.000000 0.000000 0.000000 1.000000
0.336800 0.828214 -0.447913 13.429100 0.148174 0.423158 0.893858 -3.527300 0.929844 -0.367421 0.019800 0.064700 0.000000 0.000000 0.000000 1.000000
0.370603 0.819579 -0.436971 13.429100 0.121664 0.423581 0.897651 -3.527300 0.920788 -0.385836 0.057267 0.064700 0.000000 0.000000 0.000000 1.000000
0.408513 0.820228 -0.400429 13.429100 0.070676 0.408962 0.909810 -3.527300 0.910012 -0.399970 0.109096 0.064700 0.000000 0.000000 0.000000 1.000000
0.433624 0.818041 -0.377862 13.429100 0.037074 0.402786 0.914543 -3.527300 0.900331 -0.410576 0.144330 0.064700 0.000000 0.000000 0.000000 1.000000
0.450297 0.816747 -0.360773 13.429100 0.022349 0.393619 0.919002 -3.527300 0.892599 -0.421887 0.158992 0.064700 0.000000 0.000000 0.000000 1.000000
0.479966 0.806946 -0.344196 13.429100 0.005501 0.389565 0.920982 -3.527300 0.877270 -0.443934 0.182539 0.064700 0.000000 0.000000 0.000000 1.000000
0.498257 0.793781 -0.348786 13.429100 0.005979 0.399121 0.916879 -3.527300 0.867009 -0.458927 0.194119 0.064700 0.000000 0.000000 0.000000 1.000000
0.490196 0.800194 -0.345539 13.429100 0.011929 0.390240 0.920636 -3.527300 0.871531 -0.455414 0.181748 0.064700 0.000000 0.000000 0.000000 1.000000
0.483485 0.806185 -0.341040 13.429100 0.027333 0.375509 0.926415 -3.527300 0.874926 -0.457230 0.159518 0.064700 0.000000 0.000000 0.000000 1.000000
0.501482 0.799750 -0.330025 13.429100 0.013861 0.373982 0.927333 -3.527300 0.865057 -0.469615 0.176459 0.064700 0.000000 0.000000 0.000000 1.000000
0.522104 0.790617 -0.319895 13.429100 -0.002136 0.376287 0.926501 -3.527300 0.852879 -0.483046 0.198150 0.064700 0.000000 0.000000 0.000000 1.000000
0.533067 0.790148 -0.302501 13.429100 -0.022615 0.370714 0.928472 -3.527300 0.845771 -0.488096 0.215485 0.064700 0.000000 0.000000 0.000000 1.000000
0.537258 0.803532 -0.256299 13.429100 -0.058371 0.338577 0.939126 -3.527300 0.841395 -0.489593 0.228807 0.064700 0.000000 0.000000 0.000000 1.000000
0.537081 0.816934 -0.210150 13.429100 -0.083143 0.299187 0.950565 -3.527300 0.839423 -0.493058 0.228610 0.064700 0.000000 0.000000 0.000000 1.000000
0.535981 0.822357 -0.190924 13.429100 -0.094702 0.283291 0.954347 -3.527300 0.838901 -0.493431 0.229717 0.064700 0.000000 0.000000 0.000000 1.000000
