<?xml version="1.0" encoding="utf-8"?>
<COLLADA xmlns="http://www.collada.org/2005/11/COLLADASchema" version="1.4.1">
  <asset><contributor><author>Mixamo</author><authoring_tool>COLLADA Mixamo exporter</authoring_tool><comments></comments></contributor><created>2018-04-27T01:39:05Z</created><modified>2018-04-27T01:39:05Z</modified><revision></revision><title></title><unit meter="0.010000"/><up_axis>Y_UP</up_axis></asset>
  <library_animations>
    <animation id="mixamorig_Hips-anim" name="mixamorig_Hips"><source id="mixamorig_Hips-Matrix-animation-input"><float_array id="mixamorig_Hips-Matrix-animation-input-array" count="16">

0.000000 0.033333 0.066667 0.100000 0.133333 0.166667 0.200000 0.233333 0.266667 0.300000 0.333333 0.366667 0.400000 0.433333 0.466667 0.500000</float_array><technique_common><accessor source="#mixamorig_Hips-Matrix-animation-input-array" count="16"><param name="TIME" type="float"/></accessor></technique_common></source><source id="mixamorig_Hips-Matrix-animation-output-transform"><float_array id="mixamorig_Hips-Matrix-animation-output-transform-array" count="256">

0.305924 -0.074399 -0.949145 -1.394078 0.083075 0.995225 -0.051235 81.600090 0.948425 -0.063176 0.310644 0.556973 0.000000 0.000000 0.000000 1.000000
0.363464 -0.131929 -0.922219 -18.344086 0.154442 0.984757 -0.080007 87.039864 0.918717 -0.113350 0.378299 -1.543349 0.000000 0.000000 0.000000 1.000000
0.415422 -0.186429 -0.890320 -33.336811 0.199807 0.973570 -0.110632 89.722092 0.887413 -0.131933 0.441692 -3.111278 0.000000 0.000000 0.000000 1.000000
0.437060 -0.213105 -0.873822 -46.684181 0.195122 0.970854 -0.139174 90.543770 0.878013 -0.109674 0.465903 -3.623529 0.000000 0.000000 0.000000 1.000000
0.443594 -0.164345 -0.881031 -61.109314 0.139843 0.983695 -0.113085 89.425186 0.885250 -0.073042 0.459344 -3.497833 0.000000 0.000000 0.000000 1.000000
0.463683 -0.111797 -0.878920 -76.226562 0.108483 0.991707 -0.068912 85.384605 0.879335 -0.063394 0.471966 -3.281833 0.000000 0.000000 0.000000 1.000000
0.503901 -0.064128 -0.861378 -90.077484 0.111948 0.993678 -0.008489 82.576309 0.856476 -0.092152 0.507894 -2.934092 0.000000 0.000000 0.000000 1.000000
0.504460 -0.070850 -0.860523 -104.974129 0.075491 0.996430 -0.037785 82.733116 0.860128 -0.045900 0.508008 -2.581052 0.000000 0.000000 0.000000 1.000000
0.469673 -0.121346 -0.874461 -120.686317 0.018683 0.991653 -0.127574 85.778702 0.882643 0.043580 0.468020 -1.757367 0.000000 0.000000 0.000000 1.000000
0.398681 -0.161803 -0.902703 -137.201279 0.022491 0.985742 -0.166754 88.356339 0.916814 0.046179 0.396636 -0.553784 0.000000 0.000000 0.000000 1.000000
0.308502 -0.180525 -0.933937 -151.694611 0.038960 0.983400 -0.177216 89.661377 0.950426 0.018285 0.310414 0.779464 0.000000 0.000000 0.000000 1.000000
0.269654 -0.155423 -0.950332 -165.313919 0.019446 0.987566 -0.155995 89.238503 0.962761 0.023584 0.269324 1.621266 0.000000 0.000000 0.000000 1.000000
0.262565 -0.110926 -0.958517 -180.642136 0.005412 0.993524 -0.113494 87.300888 0.964899 0.024612 0.261465 2.103361 0.000000 0.000000 0.000000 1.000000
0.265350 -0.082237 -0.960639 -195.591888 0.017483 0.996602 -0.080486 83.084854 0.963994 0.004562 0.265886 2.140754 0.000000 0.000000 0.000000 1.000000
0.273195 -0.064563 -0.959790 -210.224899 0.036346 0.997726 -0.056769 80.685829 0.961272 -0.019376 0.274920 1.766468 0.000000 0.000000 0.000000 1.000000
0.305929 -0.074255 -0.949154 -227.244873 0.082596 0.995265 -0.051240 81.612907 0.948465 -0.062721 0.310613 0.558136 0.000000 0.000000 0.000000 1.000000</float_array><technique_common><accessor source="#mixamorig_Hips-Matrix-animation-output-transform-array" count="16" stride="16"><param type="float4x4"/></accessor></technique_common></source><source id="mixamorig_Hips-Interpolations"><Name_array id="mixamorig_Hips-Interpolations-array" count="16">
 LINEAR LINEAR LINEAR LINEAR LINEAR LINEAR LINEAR LINEAR LINEAR LINEAR LINEAR
LINEAR LINEAR LINEAR LINEAR LINEAR</Name_array><technique_common><accessor source="#mixamorig_Hips-Interpolations-array" count="16"><param type="name"/></accessor></technique_common></source><sampler id="mixamorig_Hips-Matrix-animation-transform"><input semantic="INPUT" source="#mixamorig_Hips-Matrix-animation-input"/><input semantic="OUTPUT" source="#mixamorig_Hips-Matrix-animation-output-transform"/><input semantic="INTERPOLATION" source="#mixamorig_Hips-Interpolations"/></sampler><channel source="#mixamorig_Hips-Matrix-animation-transform" target="mixamorig_Hips/matrix"/></animation>
    <animation id="mixamorig_Spine-anim" name="mixamorig_Spine"><source id="mixamorig_Spine-Matrix-animation-input"><float_array id="mixamorig_Spine-Matrix-animation-input-array" count="16">

0.000000 0.033333 0.066667 0.100000 0.133333 0.166667 0.200000 0.233333 0.266667 0.300000 0.333333 0.366667 0.400000 0.433333 0.466667 0.500000</float_array><technique_common><accessor source="#mixamorig_Spine-Matrix-animation-input-array" count="16"><param name="TIME" type="float"/></accessor></technique_common></source><source id="mixamorig_Spine-Matrix-animation-output-transform"><float_array id="mixamorig_Spine-Matrix-animation-output-transform-array" count="256">

0.998842 -0.000160 0.048111 0.012400 0.008459 0.985000 -0.172349 10.445200 -0.047362 0.172557 0.983860 -0.996300 0.000000 0.000000 0.000000 1.000000
0.998064 0.039648 0.047926 0.012400 -0.030532 0.983583 -0.177855 10.445200 -0.054191 0.176047 0.982889 -0.996300 0.000000 0.000000 0.000000 1.000000
0.996911 0.064792 0.044386 0.012400 -0.055896 0.982342 -0.178547 10.445200 -0.055171 0.175514 0.982930 -0.996300 0.000000 0.000000 0.000000 1.000000
0.998663 0.026119 0.044606 0.012400 -0.019289 0.988918 -0.147204 10.445200 -0.047956 0.146147 0.988100 -0.996300 0.000000 0.000000 0.000000 1.000000
0.998826 -0.012332 0.046847 0.012400 0.018373 0.991238 -0.130804 10.445200 -0.044823 0.131511 0.990301 -0.996300 0.000000 0.000000 0.000000 1.000000
0.999082 -0.005336 0.042509 0.012400 0.011791 0.988146 -0.153065 10.445200 -0.041189 0.153426 0.987301 -0.996300 0.000000 0.000000 0.000000 1.000000
0.998996 0.038319 0.023219 0.012400 -0.032816 0.978607 -0.203103 10.445200 -0.030505 0.202137 0.978882 -0.996300 0.000000 0.000000 0.000000 1.000000
0.999952 0.009804 0.000502 0.012400 -0.009560 0.984110 -0.177303 10.445200 -0.002232 0.177289 0.984156 -0.996300 0.000000 0.000000 0.000000 1.000000
0.996835 -0.077814 -0.016249 0.012400 0.075920 0.992526 -0.095545 10.445200 0.023562 0.094009 0.995292 -0.996300 0.000000 0.000000 0.000000 1.000000
0.996870 -0.077031 -0.017818 0.012400 0.075083 0.992930 -0.091935 10.445200 0.024774 0.090310 0.995606 -0.996300 0.000000 0.000000 0.000000 1.000000
0.999897 -0.014092 -0.002840 0.012400 0.013657 0.992888 -0.118265 10.445200 0.004486 0.118214 0.992978 -0.996300 0.000000 0.000000 0.000000 1.000000
0.999906 -0.006754 0.011896 0.012400 0.008368 0.989923 -0.141358 10.445200 -0.010822 0.141444 0.989887 -0.996300 0.000000 0.000000 0.000000 1.000000
0.999667 -0.020104 0.016188 0.012400 0.022403 0.987289 -0.157346 10.445200 -0.012819 0.157657 0.987411 -0.996300 0.000000 0.000000 0.000000 1.000000
0.999578 -0.019512 0.021519 0.012400 0.022774 0.986268 -0.163574 10.445200 -0.018032 0.163995 0.986296 -0.996300 0.000000 0.000000 0.000000 1.000000
0.999147 -0.018205 0.037067 0.012400 0.024156 0.985655 -0.167037 10.445200 -0.033494 0.167790 0.985254 -0.996300 0.000000 0.000000 0.000000 1.000000
0.998838 -0.000592 0.048199 0.012400 0.008905 0.984979 -0.172444 10.445200 -0.047373 0.172673 0.983839 -0.996300 0.000000 0.000000 0.000000 1.000000</float_array><technique_common><accessor source="#mixamorig_Spine-Matrix-animation-output-transform-array" count="16" stride="16"><param type="float4x4"/></accessor></technique_common></source><source id="mixamorig_Spine-Interpolations"><Name_array id="mixamorig_Spine-Interpolations-array" count="16">
 LINEAR LINEAR LINEAR LINEAR LINEAR LINEAR LINEAR LINEAR LINEAR LINEAR LINEAR
LINEAR LINEAR LINEAR LINEAR LINEAR</Name_array><technique_common><accessor source="#mixamorig_Spine-Interpolations-array" count="16"><param type="name"/></accessor></technique_common></source><sampler id="mixamorig_Spine-Matrix-animation-transform"><input semantic="INPUT" source="#mixamorig_Spine-Matrix-animation-input"/><input semantic="OUTPUT" source="#mixamorig_Spine-Matrix-animation-output-transform"/><input semantic="INTERPOLATION" source="#mixamorig_Spine-Interpolations"/></sampler><channel source="#mixamorig_Spine-Matrix-animation-transform" target="mixamorig_Spine/matrix"/></animation>
    <animation id="mixamorig_Spine1-anim" name="mixamorig_Spine1"><source id="mixamorig_Spine1-Matrix-animation-input"><float_array id="mixamorig_Spine1-Matrix-animation-input-array" count="16">

0.000000 0.033333 0.066667 0.100000 0.133333 0.166667 0.200000 0.233333 0.266667 0.300000 0.333333 0.366667 0.400000 0.433333 0.466667 0.500000</float_array><technique_common><accessor source="#mixamorig_Spine1-Matrix-animation-input-array" count="16"><param name="TIME" type="float"/></accessor></technique_common></source><source id="mixamorig_Spine1-Matrix-animation-output-transform"><float_array id="mixamorig_Spine1-Matrix-animation-output-transform-array" count="256">

0.996331 0.044714 0.072975 0.014600 -0.031789 0.985013 -0.169523 12.186100 -0.079461 0.166582 0.982821 -1.162300 0.000000 0.000000 0.000000 1.000000
0.993647 0.080268 0.078889 0.014600 -0.066445 0.984146 -0.164441 12.186100 -0.090837 0.158155 0.983227 -1.162300 0.000000 0.000000 0.000000 1.000000
0.991109 0.100267 0.087456 0.014600 -0.085769 0.984001 -0.156158 12.186100 -0.101715 0.147269 0.983853 -1.162300 0.000000 0.000000 0.000000 1.000000
0.987353 0.131664 0.088313 0.014600 -0.115347 0.978741 -0.169593 12.186100 -0.108765 0.157262 0.981549 -1.162300 0.000000 0.000000 0.000000 1.000000
0.989203 0.121171 0.082437 0.014600 -0.104389 0.977371 -0.183980 12.186100 -0.102864 0.173388 0.979467 -1.162300 0.000000 0.000000 0.000000 1.000000
0.994179 0.080819 0.071248 0.014600 -0.065991 0.979511 -0.190273 12.186100 -0.085166 0.184464 0.979142 -1.162300 0.000000 0.000000 0.000000 1.000000
0.998321 0.027941 0.050745 0.014600 -0.017542 0.980674 -0.194862 12.186100 -0.055208 0.193644 0.979517 -1.162300 0.000000 0.000000 0.000000 1.000000
0.999665 0.020746 0.015490 0.014600 -0.017621 0.983506 -0.180014 12.186100 -0.018969 0.179680 0.983542 -1.162300 0.000000 0.000000 0.000000 1.000000
0.998118 0.058383 -0.018741 0.014600 -0.060557 0.986541 -0.151887 12.186100 0.009621 0.152736 0.988220 -1.162300 0.000000 0.000000 0.000000 1.000000
0.997761 0.064468 -0.017772 0.014600 -0.066324 0.987964 -0.139741 12.186100 0.008549 0.140607 0.990029 -1.162300 0.000000 0.000000 0.000000 1.000000
0.999409 0.033774 0.006352 0.014600 -0.032746 0.991970 -0.122158 12.186100 -0.010427 0.121878 0.992490 -1.162300 0.000000 0.000000 0.000000 1.000000
0.999441 0.015437 0.029642 0.014600 -0.011239 0.990518 -0.136922 12.186100 -0.031475 0.136512 0.990138 -1.162300 0.000000 0.000000 0.000000 1.000000
0.998888 0.002814 0.047058 0.014600 0.004788 0.987000 -0.160649 12.186100 -0.046899 0.160696 0.985889 -1.162300 0.000000 0.000000 0.000000 1.000000
0.998244 -0.001408 0.059217 0.014600 0.011267 0.985977 -0.166501 12.186100 -0.058152 0.166876 0.984262 -1.162300 0.000000 0.000000 0.000000 1.000000
0.997676 0.014916 0.066483 0.014600 -0.003476 0.985616 -0.168963 12.186100 -0.068047 0.168339 0.983378 -1.162300 0.000000 0.000000 0.000000 1.000000
0.996336 0.044689 0.072927 0.014600 -0.031786 0.985042 -0.169358 12.186100 -0.079405 0.166419 0.982853 -1.162300 0.000000 0.000000 0.000000 1.000000</float_array><technique_common><accessor source="#mixamorig_Spine1-Matrix-animation-output-transform-array" count="16" stride="16"><param type="float4x4"/></accessor></technique_common></source><source id="mixamorig_Spine1-Interpolations"><Name_array id="mixamorig_Spine1-Interpolations-array" count="16">
 LINEAR LINEAR LINEAR LINEAR LINEAR LINEAR LINEAR LINEAR LINEAR LINEAR LINEAR
LINEAR LINEAR LINEAR LINEAR LINEAR</Name_array><technique_common><accessor source="#mixamorig_Spine1-Interpolations-array" count="16"><param type="name"/></accessor></technique_common></source><sampler id="mixamorig_Spine1-Matrix-animation-transform"><input semantic="INPUT" source="#mixamorig_Spine1-Matrix-animation-input"/><input semantic="OUTPUT" source="#mixamorig_Spine1-Matrix-animation-output-transform"/><input semantic="INTERPOLATION" source="#mixamorig_Spine1-Interpolations"/></sampler><channel source="#mixamorig_Spine1-Matrix-animation-transform" target="mixamorig_Spine1/matrix"/></animation>
    <animation id="mixamorig_Spine2-anim" name="mixamorig_Spine2"><source id="mixamorig_Spine2-Matrix-animation-input"><float_array id="mixamorig_Spine2-Matrix-animation-input-array" count="16">

0.000000 0.033333 0.066667 0.100000 0.133333 0.166667 0.200000 0.233333 0.266667 0.300000 0.333333 0.366667 0.400000 0.433333 0.466667 0.500000</float_array><technique_common><accessor source="#mixamorig_Spine2-Matrix-animation-input-array" count="16"><param name="TIME" type="float"/></accessor></technique_common></source><source id="mixamorig_Spine2-Matrix-animation-output-transform"><float_array id="mixamorig_Spine2-Matrix-animation-output-transform-array" count="256">

0.996465 0.034892 0.076416 0.016600 -0.021406 0.985096 -0.170667 13.927000 -0.081232 0.168428 0.982361 -1.328400 0.000000 0.000000 0.000000 1.000000
0.994261 0.066791 0.083564 0.016600 -0.052226 0.984787 -0.165730 13.927000 -0.093363 0.160415 0.982624 -1.328400 0.000000 0.000000 0.000000 1.000000
0.991811 0.090829 0.089787 0.016600 -0.075865 0.984531 -0.157931 13.927000 -0.102743 0.149826 0.983360 -1.328400 0.000000 0.000000 0.000000 1.000000
0.988372 0.124713 0.086993 0.016600 -0.108162 0.978745 -0.174238 13.927000 -0.106874 0.162803 0.980853 -1.328400 0.000000 0.000000 0.000000 1.000000
0.990502 0.113116 0.078165 0.016600 -0.096575 0.977008 -0.190074 13.927000 -0.097868 0.180720 0.978653 -1.328400 0.000000 0.000000 0.000000 1.000000
0.994976 0.074150 0.067268 0.016600 -0.059817 0.979079 -0.194490 13.927000 -0.080283 0.189489 0.978595 -1.328400 0.000000 0.000000 0.000000 1.000000
0.998376 0.023845 0.051743 0.016600 -0.013289 0.980615 -0.195493 13.927000 -0.055401 0.194488 0.979339 -1.328400 0.000000 0.000000 0.000000 1.000000
0.999749 0.016197 0.015483 0.016600 -0.013143 0.983532 -0.180258 13.927000 -0.018148 0.180009 0.983498 -1.328400 0.000000 0.000000 0.000000 1.000000
0.998217 0.054768 -0.023732 0.016600 -0.057741 0.986780 -0.151428 13.927000 0.015125 0.152529 0.988183 -1.328400 0.000000 0.000000 0.000000 1.000000
0.997709 0.064381 -0.020772 0.016600 -0.066658 0.987965 -0.139576 13.927000 0.011536 0.140641 0.989994 -1.328400 0.000000 0.000000 0.000000 1.000000
0.999407 0.033640 0.007387 0.016600 -0.032481 0.991905 -0.122757 13.927000 -0.011457 0.122444 0.992409 -1.328400 0.000000 0.000000 0.000000 1.000000
0.999447 0.012067 0.030990 0.016600 -0.007715 0.990555 -0.136902 13.927000 -0.032349 0.136587 0.990100 -1.328400 0.000000 0.000000 0.000000 1.000000
0.998870 -0.002008 0.047475 0.016600 0.009593 0.987057 -0.160086 13.927000 -0.046539 0.160360 0.985961 -1.328400 0.000000 0.000000 0.000000 1.000000
0.998204 -0.006973 0.059499 0.016600 0.016795 0.985945 -0.166222 13.927000 -0.057504 0.166923 0.984292 -1.328400 0.000000 0.000000 0.000000 1.000000
0.997636 0.008704 0.068162 0.016600 0.002990 0.985507 -0.169606 13.927000 -0.068650 0.169409 0.983152 -1.328400 0.000000 0.000000 0.000000 1.000000
0.996470 0.034878 0.076363 0.016600 -0.021414 0.985124 -0.170505 13.927000 -0.081174 0.168267 0.982393 -1.328400 0.000000 0.000000 0.000000 1.000000</float_array><technique_common><accessor source="#mixamorig_Spine2-Matrix-animation-output-transform-array" count="16" stride="16"><param type="float4x4"/></accessor></technique_common></source><source id="mixamorig_Spine2-Interpolations"><Name_array id="mixamorig_Spine2-Interpolations-array" count="16">
 LINEAR LINEAR LINEAR LINEAR LINEAR LINEAR LINEAR LINEAR LINEAR LINEAR LINEAR
LINEAR LINEAR LINEAR LINEAR LINEAR</Name_array><technique_common><accessor source="#mixamorig_Spine2-Interpolations-array" count="16"><param type="name"/></accessor></technique_common></source><sampler id="mixamorig_Spine2-Matrix-animation-transform"><input semantic="INPUT" source="#mixamorig_Spine2-Matrix-animation-input"/><input semantic="OUTPUT" source="#mixamorig_Spine2-Matrix-animation-output-transform"/><input semantic="INTERPOLATION" source="#mixamorig_Spine2-Interpolations"/></sampler><channel source="#mixamorig_Spine2-Matrix-animation-transform" target="mixamorig_Spine2/matrix"/></animation>
    <animation id="mixamorig_Neck-anim" name="mixamorig_Neck"><source id="mixamorig_Neck-Matrix-animation-input"><float_array id="mixamorig_Neck-Matrix-animation-input-array" count="16">

0.000000 0.033333 0.066667 0.100000 0.133333 0.166667 0.200000 0.233333 0.266667 0.300000 0.333333 0.366667 0.400000 0.433333 0.466667 0.500000</float_array><technique_common><accessor source="#mixamorig_Neck-Matrix-animation-input-array" count="16"><param name="TIME" type="float"/></accessor></technique_common></source><source id="mixamorig_Neck-Matrix-animation-output-transform"><float_array id="mixamorig_Neck-Matrix-animation-output-transform-array" count="256">

0.991751 0.018942 0.126768 0.018700 -0.028720 0.996712 0.075760 15.667800 -0.124917 -0.078776 0.989035 -1.494400 0.000000 0.000000 0.000000 1.000000
0.992202 0.035322 0.119534 0.018700 -0.044559 0.996149 0.075506 15.667800 -0.116407 -0.080244 0.989955 -1.494400 0.000000 0.000000 0.000000 1.000000
0.992041 0.052999 0.114221 0.018700 -0.061207 0.995696 0.069599 15.667800 -0.110041 -0.076036 0.991014 -1.494400 0.000000 0.000000 0.000000 1.000000
0.991827 0.060631 0.112259 0.018700 -0.067608 0.995941 0.059420 15.667800 -0.108201 -0.066524 0.991901 -1.494400 0.000000 0.000000 0.000000 1.000000
0.992034 0.052602 0.114464 0.018700 -0.058551 0.997069 0.049250 15.667800 -0.111538 -0.055560 0.992206 -1.494400 0.000000 0.000000 0.000000 1.000000
0.992885 0.037420 0.113047 0.018700 -0.042705 0.998088 0.044689 15.667800 -0.111158 -0.049199 0.992584 -1.494400 0.000000 0.000000 0.000000 1.000000
0.994173 0.024313 0.105023 0.018700 -0.029661 0.998326 0.049663 15.667800 -0.103640 -0.052488 0.993229 -1.494400 0.000000 0.000000 0.000000 1.000000
0.993683 0.019084 0.110592 0.018700 -0.024940 0.998346 0.051806 15.667800 -0.109420 -0.054237 0.992515 -1.494400 0.000000 0.000000 0.000000 1.000000
0.992130 0.025333 0.122624 0.018700 -0.031156 0.998464 0.045808 15.667800 -0.121275 -0.049268 0.991396 -1.494400 0.000000 0.000000 0.000000 1.000000
0.989661 0.040967 0.137450 0.018700 -0.046195 0.998317 0.035063 15.667800 -0.135782 -0.041050 0.989888 -1.494400 0.000000 0.000000 0.000000 1.000000
0.986638 0.061189 0.151003 0.018700 -0.065373 0.997598 0.022902 15.667800 -0.149239 -0.032468 0.988268 -1.494400 0.000000 0.000000 0.000000 1.000000
0.985226 0.068800 0.156832 0.018700 -0.072310 0.997241 0.016780 15.667800 -0.155245 -0.027873 0.987483 -1.494400 0.000000 0.000000 0.000000 1.000000
0.985958 0.068655 0.152229 0.018700 -0.071985 0.997270 0.016467 15.667800 -0.150683 -0.027194 0.988208 -1.494400 0.000000 0.000000 0.000000 1.000000
0.987577 0.060248 0.145125 0.018700 -0.065421 0.997372 0.031133 15.667800 -0.142868 -0.040241 0.988923 -1.494400 0.000000 0.000000 0.000000 1.000000
0.990300 0.029928 0.135684 0.018700 -0.038521 0.997384 0.061160 15.667800 -0.133498 -0.065794 0.988863 -1.494400 0.000000 0.000000 0.000000 1.000000
0.991751 0.018937 0.126771 0.018700 -0.028714 0.996714 0.075746 15.667800 -0.124920 -0.078761 0.989036 -1.494400 0.000000 0.000000 0.000000 1.000000</float_array><technique_common><accessor source="#mixamorig_Neck-Matrix-animation-output-transform-array" count="16" stride="16"><param type="float4x4"/></accessor></technique_common></source><source id="mixamorig_Neck-Interpolations"><Name_array id="mixamorig_Neck-Interpolations-array" count="16">
 LINEAR LINEAR LINEAR LINEAR LINEAR LINEAR LINEAR LINEAR LINEAR LINEAR LINEAR
LINEAR LINEAR LINEAR LINEAR LINEAR</Name_array><technique_common><accessor source="#mixamorig_Neck-Interpolations-array" count="16"><param type="name"/></accessor></technique_common></source><sampler id="mixamorig_Neck-Matrix-animation-transform"><input semantic="INPUT" source="#mixamorig_Neck-Matrix-animation-input"/><input semantic="OUTPUT" source="#mixamorig_Neck-Matrix-animation-output-transform"/><input semantic="INTERPOLATION" source="#mixamorig_Neck-Interpolations"/></sampler><channel source="#mixamorig_Neck-Matrix-animation-transform" target="mixamorig_Neck/matrix"/></animation>
    <animation id="mixamorig_Head-anim" name="mixamorig_Head"><source id="mixamorig_Head-Matrix-animation-input"><float_array id="mixamorig_Head-Matrix-animation-input-array" count="16">

0.000000 0.033333 0.066667 0.100000 0.133333 0.166667 0.200000 0.233333 0.266667 0.300000 0.333333 0.366667 0.400000 0.433333 0.466667 0.500000</float_array><technique_common><accessor source="#mixamorig_Head-Matrix-animation-input-array" count="16"><param name="TIME" type="float"/></accessor></technique_common></source><source id="mixamorig_Head-Matrix-animation-output-transform"><float_array id="mixamorig_Head-Matrix-animation-output-transform-array" count="256">

0.789384 0.197198 0.581366 0.000000 -0.220135 0.974951 -0.031800 7.087800 -0.573074 -0.102877 0.813021 0.888700 0.000000 0.000000 0.000000 1.000000
0.832201 0.148036 0.534347 0.000000 -0.178947 0.983840 0.006131 7.087800 -0.524804 -0.100722 0.845243 0.888700 0.000000 0.000000 0.000000 1.000000
0.859255 0.106180 0.500406 -0.000000 -0.134645 0.990672 0.020992 7.087800 -0.493509 -0.085415 0.865536 0.888700 0.000000 0.000000 0.000000 1.000000
0.855836 0.068640 0.512673 0.000000 -0.108843 0.992862 0.048767 7.087800 -0.505666 -0.097538 0.857198 0.888700 0.000000 0.000000 0.000000 1.000000
0.835549 0.068999 0.545066 -0.000000 -0.112815 0.992490 0.047300 7.087800 -0.537709 -0.101013 0.837058 0.888700 0.000000 0.000000 0.000000 1.000000
0.825132 0.097548 0.556454 0.000000 -0.139975 0.989568 0.034086 7.087800 -0.547324 -0.106015 0.830179 0.888700 0.000000 0.000000 0.000000 1.000000
0.834799 0.136087 0.533471 -0.000000 -0.184604 0.982064 0.038355 7.087800 -0.518684 -0.130499 0.844948 0.888700 0.000000 0.000000 0.000000 1.000000
0.814210 0.107686 0.570496 0.000000 -0.149324 0.988432 0.026540 7.087800 -0.561038 -0.106798 0.820872 0.888700 0.000000 0.000000 0.000000 1.000000
0.780686 0.063355 0.621704 0.000000 -0.101702 0.994465 0.026368 7.087800 -0.616593 -0.083814 0.782808 0.888700 0.000000 0.000000 0.000000 1.000000
0.744795 0.066502 0.663971 0.000000 -0.108592 0.993837 0.022270 7.087800 -0.658398 -0.088688 0.747427 0.888700 0.000000 0.000000 0.000000 1.000000
0.708680 0.115023 0.696091 -0.000000 -0.135736 0.990418 -0.025467 7.087800 -0.692350 -0.076437 0.717502 0.888700 0.000000 0.000000 0.000000 1.000000
0.699329 0.165663 0.695337 0.000000 -0.199541 0.979346 -0.032641 7.087800 -0.686383 -0.115921 0.717942 0.888700 0.000000 0.000000 0.000000 1.000000
0.707952 0.190658 0.680039 0.000000 -0.217577 0.974919 -0.046825 7.087800 -0.671911 -0.114811 0.731679 0.888700 0.000000 0.000000 0.000000 1.000000
0.732827 0.204825 0.648854 0.000000 -0.214655 0.974512 -0.065191 7.087800 -0.645669 -0.091506 0.758115 0.888700 0.000000 0.000000 0.000000 1.000000
0.757663 0.209820 0.617999 0.000000 -0.220185 0.973574 -0.060598 7.087800 -0.614382 -0.090161 0.783840 0.888700 0.000000 0.000000 0.000000 1.000000
0.789379 0.197207 0.581369 0.000000 -0.220151 0.974947 -0.031794 7.087800 -0.573074 -0.102892 0.813019 0.888700 0.000000 0.000000 0.000000 1.000000</float_array><technique_common><accessor source="#mixamorig_Head-Matrix-animation-output-transform-array" count="16" stride="16"><param type="float4x4"/></accessor></technique_common></source><source id="mixamorig_Head-Interpolations"><Name_array id="mixamorig_Head-Interpolations-array" count="16">
 LINEAR LINEAR LINEAR LINEAR LINEAR LINEAR LINEAR LINEAR LINEAR LINEAR LINEAR
LINEAR LINEAR LINEAR LINEAR LINEAR</Name_array><technique_common><accessor source="#mixamorig_Head-Interpolations-array" count="16"><param type="name"/></accessor></technique_common></source><sampler id="mixamorig_Head-Matrix-animation-transform"><input semantic="INPUT" source="#mixamorig_Head-Matrix-animation-input"/><input semantic="OUTPUT" source="#mixamorig_Head-Matrix-animation-output-transform"/><input semantic="INTERPOLATION" source="#mixamorig_Head-Interpolations"/></sampler><channel source="#mixamorig_Head-Matrix-animation-transform" target="mixamorig_Head/matrix"/></animation>
    <animation id="mixamorig_LeftShoulder-anim" name="mixamorig_LeftShoulder"><source id="mixamorig_LeftShoulder-Matrix-animation-input"><float_array id="mixamorig_LeftShoulder-Matrix-animation-input-array" count="16">

0.000000 0.033333 0.066667 0.100000 0.133333 0.166667 0.200000 0.233333 0.266667 0.300000 0.333333 0.366667 0.400000 0.433333 0.466667 0.500000</float_array><technique_common><accessor source="#mixamorig_LeftShoulder-Matrix-animation-input-array" count="16"><param name="TIME" type="float"/></accessor></technique_common></source><source id="mixamorig_LeftShoulder-Matrix-animation-output-transform"><float_array id="mixamorig_LeftShoulder-Matrix-animation-output-transform-array" count="256">

0.965721 0.006099 -0.259510 6.233100 -0.030140 0.995597 -0.088762 12.573100 0.257826 0.093541 0.961653 -1.462000 0.000000 0.000000 0.000000 1.000000
0.967312 0.029038 -0.251921 6.233100 -0.050547 0.995566 -0.079332 12.573100 0.248501 0.089473 0.964491 -1.462000 0.000000 0.000000 0.000000 1.000000
0.968981 0.020405 -0.246291 6.233100 -0.043061 0.995281 -0.086959 12.573100 0.243354 0.094867 0.965287 -1.462000 0.000000 0.000000 0.000000 1.000000
0.969621 0.008951 -0.244447 6.233100 -0.032699 0.995104 -0.093268 12.573100 0.242415 0.098428 0.965167 -1.462000 0.000000 0.000000 0.000000 1.000000
0.962226 0.024949 -0.271105 6.233100 -0.051794 0.994381 -0.092322 12.573100 0.267278 0.102876 0.958112 -1.462000 0.000000 0.000000 0.000000 1.000000
0.949590 0.034303 -0.311612 6.233100 -0.064644 0.994059 -0.087564 12.573100 0.306757 0.103293 0.946166 -1.462000 0.000000 0.000000 0.000000 1.000000
0.940369 0.024852 -0.339247 6.233100 -0.059613 0.993933 -0.092430 12.573100 0.334891 0.107142 0.936146 -1.462000 0.000000 0.000000 0.000000 1.000000
0.939237 0.004223 -0.343242 6.233100 -0.041565 0.993966 -0.101508 12.573100 0.340743 0.109607 0.933746 -1.462000 0.000000 0.000000 0.000000 1.000000
0.941582 -0.003110 -0.336771 6.233100 -0.032676 0.994396 -0.100544 12.573100 0.335196 0.105675 0.936203 -1.462000 0.000000 0.000000 0.000000 1.000000
0.942219 0.024675 -0.334087 6.233100 -0.062844 0.992598 -0.103927 12.573100 0.329049 0.118917 0.936795 -1.462000 0.000000 0.000000 0.000000 1.000000
0.935918 0.109037 -0.334916 6.233100 -0.147455 0.984833 -0.091436 12.573100 0.319866 0.134961 0.937801 -1.462000 0.000000 0.000000 0.000000 1.000000
0.929816 0.161726 -0.330585 6.233100 -0.198257 0.976903 -0.079712 12.573100 0.310058 0.139659 0.940404 -1.462000 0.000000 0.000000 0.000000 1.000000
0.936175 0.156416 -0.314817 6.233100 -0.187418 0.979744 -0.070544 12.573100 0.297406 0.125044 0.946527 -1.462000 0.000000 0.000000 0.000000 1.000000
0.949175 0.114741 -0.293089 6.233100 -0.140004 0.987905 -0.066650 12.573100 0.281897 0.104296 0.953759 -1.462000 0.000000 0.000000 0.000000 1.000000
0.962456 -0.002322 -0.271429 6.233100 -0.025844 0.994637 -0.100148 12.573100 0.270206 0.103403 0.957234 -1.462000 0.000000 0.000000 0.000000 1.000000
0.965721 0.006099 -0.259510 6.233100 -0.030140 0.995597 -0.088762 12.573100 0.257826 0.093541 0.961653 -1.462000 0.000000 0.000000 0.000000 1.000000</float_array><technique_common><accessor source="#mixamorig_LeftShoulder-Matrix-animation-output-transform-array" count="16" stride="16"><param type="float4x4"/></accessor></technique_common></source><source id="mixamorig_LeftShoulder-Interpolations"><Name_array id="mixamorig_LeftShoulder-Interpolations-array" count="16">
 LINEAR LINEAR LINEAR LINEAR LINEAR LINEAR LINEAR LINEAR LINEAR LINEAR LINEAR
LINEAR LINEAR LINEAR LINEAR LINEAR</Name_array><technique_common><accessor source="#mixamorig_LeftShoulder-Interpolations-array" count="16"><param type="name"/></accessor></technique_common></source><sampler id="mixamorig_LeftShoulder-Matrix-animation-transform"><input semantic="INPUT" source="#mixamorig_LeftShoulder-Matrix-animation-input"/><input semantic="OUTPUT" source="#mixamorig_LeftShoulder-Matrix-animation-output-transform"/><input semantic="INTERPOLATION" source="#mixamorig_LeftShoulder-Interpolations"/></sampler><channel source="#mixamorig_LeftShoulder-Matrix-animation-transform" target="mixamorig_LeftShoulder/matrix"/></animation>
    <animation id="mixamorig_LeftArm-anim" name="mixamorig_LeftArm"><source id="mixamorig_LeftArm-Matrix-animation-input"><float_array id="mixamorig_LeftArm-Matrix-animation-input-array" count="16">

0.000000 0.033333 0.066667 0.100000 0.133333 0.166667 0.200000 0.233333 0.266667 0.300000 0.333333 0.366667 0.400000 0.433333 0.466667 0.500000</float_array><technique_common><accessor source="#mixamorig_LeftArm-Matrix-animation-input-array" count="16"><param name="TIME" type="float"/></accessor></technique_common></source><source id="mixamorig_LeftArm-Matrix-animation-output-transform"><float_array id="mixamorig_LeftArm-Matrix-animation-output-transform-array" count="256">

0.634231 0.685522 0.357506 13.429100 -0.688722 0.290840 0.664135 -3.527300 0.351302 -0.667437 0.656593 0.064700 0.000000 0.000000 0.000000 1.000000
0.681732 0.699749 0.213524 13.429100 -0.567376 0.321427 0.758136 -3.527300 0.461872 -0.637994 0.616147 0.064700 0.000000 0.000000 0.000000 1.000000
0.682465 0.725848 0.085940 13.429100 -0.484810 0.361541 0.796397 -3.527300 0.546992 -0.585178 0.598637 0.064700 0.000000 0.000000 0.000000 1.000000
0.682878 0.730532 0.001207 13.429100 -0.413762 0.385409 0.824780 -3.527300 0.602063 -0.563723 0.565453 0.064700 0.000000 0.000000 0.000000 1.000000
0.695476 0.717325 0.041923 13.429100 -0.425400 0.364017 0.828569 -3.527300 0.579093 -0.594084 0.558315 0.064700 0.000000 0.000000 0.000000 1.000000
0.709644 0.693953 0.121797 13.429100 -0.465599 0.332155 0.820299 -3.527300 0.528794 -0.638829 0.558816 0.064700 0.000000 0.000000 0.000000 1.000000
0.694990 0.700394 0.162595 13.429100 -0.504863 0.314337 0.803931 -3.527300 0.511959 -0.640812 0.572064 0.064700 0.000000 0.000000 0.000000 1.000000
0.700437 0.660615 0.270139 13.429100 -0.572342 0.293780 0.765583 -3.527300 0.426394 -0.690855 0.583873 0.064700 0.000000 0.000000 0.000000 1.000000
0.706869 0.563832 0.427118 13.429100 -0.646264 0.269336 0.714004 -3.527300 0.287540 -0.780738 0.554769 0.064700 0.000000 0.000000 0.000000 1.000000
0.685513 0.499636 0.529562 13.429100 -0.698542 0.246350 0.671827 -3.527300 0.205211 -0.830467 0.517893 0.064700 0.000000 0.000000 0.000000 1.000000
0.652248 0.491463 0.577092 13.429100 -0.736468 0.230683 0.635925 -3.527300 0.179408 -0.839791 0.512410 0.064700 0.000000 0.000000 0.000000 1.000000
0.642447 0.527734 0.555661 13.429100 -0.738354 0.232138 0.633202 -3.527300 0.205173 -0.817073 0.538791 0.064700 0.000000 0.000000 0.000000 1.000000
0.614819 0.584782 0.529177 13.429100 -0.756889 0.248957 0.604267 -3.527300 0.221622 -0.772043 0.595679 0.064700 0.000000 0.000000 0.000000 1.000000
0.588699 0.636540 0.498247 13.429100 -0.774457 0.267520 0.573280 -3.527300 0.231625 -0.723360 0.650461 0.064700 0.000000 0.000000 0.000000 1.000000
0.570010 0.679555 0.461837 13.429100 -0.781749 0.275543 0.559414 -3.527300 0.252896 -0.679913 0.688304 0.064700 0.000000 0.000000 0.000000 1.000000
0.634212 0.685439 0.357699 13.429100 -0.688879 0.290917 0.663937 -3.527300 0.351028 -0.667488 0.656688 0.064700 0.000000 0.000000 0.000000 1.000000</float_array><technique_common><accessor source="#mixamorig_LeftArm-Matrix-animation-output-transform-array" count="16" stride="16"><param type="float4x4"/></accessor></technique_common></source><source id="mixamorig_LeftArm-Interpolations"><Name_array id="mixamorig_LeftArm-Interpolations-array" count="16">
 LINEAR LINEAR LINEAR LINEAR LINEAR LINEAR LINEAR LINEAR LINEAR LINEAR LINEAR
LINEAR LINEAR LINEAR LINEAR LINEAR</Name_array><technique_common><accessor source="#mixamorig_LeftArm-Interpolations-array" count="16"><param type="name"/></accessor></technique_common></source><sampler id="mixamorig_LeftArm-Matrix-animation-transform"><input semantic="INPUT" source="#mixamorig_LeftArm-Matrix-animation-input"/><input semantic="OUTPUT" source="#mixamorig_LeftArm-Matrix-animation-output-transform"/><input semantic="INTERPOLATION" source="#mixamorig_LeftArm-Interpolations"/></sampler><channel source="#mixamorig_LeftArm-Matrix-animation-transform" target="mixamorig_LeftArm/matrix"/></animation>
    <animation id="mixamorig_LeftForeArm-anim" name="mixamorig_LeftForeArm"><source id="mixamorig_LeftForeArm-Matrix-animation-input"><float_array id="mixamorig_LeftForeArm-Matrix-animation-input-array" count="16">

0.000000 0.033333 0.066667 0.100000 0.133333 0.166667 0.200000 0.233333 0.266667 0.300000 0.333333 0.366667 0.400000 0.433333 0.466667 0.500000</float_array><technique_common><accessor source="#mixamorig_LeftForeArm-Matrix-animation-input-array" count="16"><param name="TIME" type="float"/></accessor></technique_common></source><source id="mixamorig_LeftForeArm-Matrix-animation-output-transform"><float_array id="mixamorig_LeftForeArm-Matrix-animation-output-transform-array" count="256">

-0.166603 0.938685 0.301852 21.657499 -0.072116 -0.316911 0.945710 1.586400 0.983383 0.135789 0.120493 -0.065100 0.000000 0.000000 0.000000 1.000000
-0.043106 0.951377 0.304997 21.657499 -0.065146 -0.307307 0.949378 1.586400 0.996944 0.021055 0.075225 -0.065100 0.000000 0.000000 0.000000 1.000000
0.061170 0.949592 0.307463 21.657499 -0.058206 -0.304122 0.950853 1.586400 0.996429 -0.076060 0.036669 -0.065100 0.000000 0.000000 0.000000 1.000000
0.119878 0.941719 0.314316 21.657499 -0.053492 -0.310012 0.949227 1.586400 0.991346 -0.130605 0.013211 -0.065100 0.000000 0.000000 0.000000 1.000000
0.102265 0.945365 0.309558 21.657499 -0.054536 -0.305393 0.950663 1.586400 0.993261 -0.114102 0.020326 -0.065100 0.000000 0.000000 0.000000 1.000000
0.036408 0.946737 0.319942 21.657499 -0.059659 -0.317524 0.946372 1.586400 0.997555 -0.053543 0.044922 -0.065100 0.000000 0.000000 0.000000 1.000000
0.014681 0.950784 0.309507 21.657499 -0.061751 -0.308088 0.949352 1.586400 0.997984 -0.033050 0.054189 -0.065100 0.000000 0.000000 0.000000 1.000000
-0.080044 0.947453 0.309718 21.657499 -0.067398 -0.315148 0.946646 1.586400 0.994510 0.054899 0.089082 -0.065100 0.000000 0.000000 0.000000 1.000000
-0.223485 0.921288 0.318250 21.657499 -0.074543 -0.341707 0.936846 1.586400 0.971853 0.185648 0.145042 -0.065100 0.000000 0.000000 0.000000 1.000000
-0.334321 0.888246 0.315037 21.657499 -0.079547 -0.359673 0.929681 1.586400 0.939096 0.285752 0.190903 -0.065100 0.000000 0.000000 0.000000 1.000000
-0.439793 0.856432 0.270382 21.657499 -0.084173 -0.339042 0.936998 1.586400 0.894146 0.389326 0.221197 -0.065100 0.000000 0.000000 0.000000 1.000000
-0.457388 0.852509 0.253033 21.657499 -0.085061 -0.325178 0.941819 1.586400 0.885190 0.409254 0.221248 -0.065100 0.000000 0.000000 0.000000 1.000000
-0.427343 0.865086 0.262688 21.657499 -0.084028 -0.327302 0.941176 1.586400 0.900176 0.380132 0.212562 -0.065100 0.000000 0.000000 0.000000 1.000000
-0.372871 0.885643 0.276775 21.657499 -0.081901 -0.328536 0.940934 1.586400 0.924262 0.328178 0.195037 -0.065100 0.000000 0.000000 0.000000 1.000000
-0.295686 0.909950 0.290793 21.657499 -0.078615 -0.326551 0.941905 1.586400 0.952045 0.255647 0.168092 -0.065100 0.000000 0.000000 0.000000 1.000000
-0.166708 0.938671 0.301835 21.657499 -0.072122 -0.316908 0.945710 1.586400 0.983365 0.135889 0.120530 -0.065100 0.000000 0.000000 0.000000 1.000000</float_array><technique_common><accessor source="#mixamorig_LeftForeArm-Matrix-animation-output-transform-array" count="16" stride="16"><param type="float4x4"/></accessor></technique_common></source><source id="mixamorig_LeftForeArm-Interpolations"><Name_array id="mixamorig_LeftForeArm-Interpolations-array" count="16">
 LINEAR LINEAR LINEAR LINEAR LINEAR LINEAR LINEAR LINEAR LINEAR LINEAR LINEAR
LINEAR LINEAR LINEAR LINEAR LINEAR</Name_array><technique_common><accessor source="#mixamorig_LeftForeArm-Interpolations-array" count="16"><param type="name"/></accessor></technique_common></source><sampler id="mixamorig_LeftForeArm-Matrix-animation-transform"><input semantic="INPUT" source="#mixamorig_LeftForeArm-Matrix-animation-input"/><input semantic="OUTPUT" source="#mixamorig_LeftForeArm-Matrix-animation-output-transform"/><input semantic="INTERPOLATION" source="#mixamorig_LeftForeArm-Interpolations"/></sampler><channel source="#mixamorig_LeftForeArm-Matrix-animation-transform" target="mixamorig_LeftForeArm/matrix"/></animation>
    <animation id="mixamorig_LeftHand-anim" name="mixamorig_LeftHand"><source id="mixamorig_LeftHand-Matrix-animation-input"><float_array id="mixamorig_LeftHand-Matrix-animation-input-array" count="16">

0.000000 0.033333 0.066667 0.100000 0.133333 0.166667 0.200000 0.233333 0.266667 0.300000 0.333333 0.366667 0.400000 0.433333 0.466667 0.500000</float_array><technique_common><accessor source="#mixamorig_LeftHand-Matrix-animation-input-array" count="16"><param name="TIME" type="float"/></accessor></technique_common></source><source id="mixamorig_LeftHand-Matrix-animation-output-transform"><float_array id="mixamorig_LeftHand-Matrix-animation-output-transform-array" count="256">

0.985407 -0.080255 -0.150104 26.413300 0.156624 0.772794 0.615027 -0.000000 0.066641 -0.629562 0.774087 -0.000000 0.000000 0.000000 0.000000 1.000000
0.990253 -0.117431 -0.074894 26.413300 0.138432 0.770524 0.622197 0.000000 -0.015357 -0.626500 0.779270 -0.000000 0.000000 0.000000 0.000000 1.000000
0.994845 -0.098884 -0.022472 26.413300 0.091000 0.772787 0.628108 0.000000 -0.044744 -0.626915 0.777802 0.000000 0.000000 0.000000 0.000000 1.000000
0.996270 -0.085144 -0.014041 26.413300 0.075587 0.782531 0.618006 0.000000 -0.041632 -0.616762 0.786048 -0.000000 0.000000 0.000000 0.000000 1.000000
0.994717 -0.100135 -0.022620 26.413300 0.093931 0.798881 0.594109 0.000000 -0.041421 -0.593095 0.804066 0.000000 0.000000 0.000000 0.000000 1.000000
0.991084 -0.121012 -0.055749 26.413300 0.130863 0.805505 0.577958 0.000000 -0.025034 -0.580101 0.814160 0.000000 0.000000 0.000000 0.000000 1.000000
0.992171 -0.079638 -0.096201 26.413300 0.120845 0.806605 0.578606 0.000000 0.031517 -0.585701 0.809914 -0.000000 0.000000 0.000000 0.000000 1.000000
0.981556 -0.088457 -0.169476 26.413300 0.170154 0.808358 0.563564 0.000000 0.087146 -0.582007 0.808501 0.000000 0.000000 0.000000 0.000000 1.000000
0.958995 -0.175048 -0.222906 26.413300 0.269528 0.806489 0.526241 0.000000 0.087654 -0.564742 0.820599 -0.000000 0.000000 0.000000 0.000000 1.000000
0.952853 -0.191146 -0.235658 26.413300 0.289799 0.803464 0.520060 -0.000000 0.089935 -0.563834 0.820976 0.000000 0.000000 0.000000 0.000000 1.000000
0.941558 -0.220700 -0.254479 26.413300 0.325165 0.792754 0.515567 0.000000 0.087954 -0.568184 0.818188 -0.000000 0.000000 0.000000 0.000000 1.000000
0.947355 -0.201102 -0.249153 26.413300 0.305320 0.801742 0.513799 0.000000 0.096431 -0.562822 0.820934 -0.000000 0.000000 0.000000 0.000000 1.000000
0.960491 -0.139550 -0.240797 26.413300 0.249447 0.815357 0.522464 0.000000 0.123425 -0.561888 0.817954 0.000000 0.000000 0.000000 0.000000 1.000000
0.968226 -0.095704 -0.231039 26.413300 0.210340 0.811364 0.545386 0.000000 0.135261 -0.576654 0.805714 -0.000000 0.000000 0.000000 0.000000 1.000000
0.975534 -0.031144 -0.217631 26.413300 0.158852 0.784195 0.599837 -0.000000 0.151984 -0.619733 0.769956 0.000000 0.000000 0.000000 0.000000 1.000000
