<?xml version="1.0" encoding="utf-8"?>
<COLLADA xmlns="http://www.collada.org/2005/11/COLLADASchema" version="1.4.1">
  <asset><contributor><author>Mixamo</author><authoring_tool>COLLADA Mixamo exporter</authoring_tool><comments></comments></contributor><created>2018-04-27T01:38:23Z</created><modified>2018-04-27T01:38:23Z</modified><revision></revision><title></title><unit meter="0.010000"/><up_axis>Y_UP</up_axis></asset>
  <library_animations>
    <animation id="mixamorig_Hips-anim" name="mixamorig_Hips"><source id="mixamorig_Hips-Matrix-animation-input"><float_array id="mixamorig_Hips-Matrix-animation-input-array" count="17">

0.000000 0.033333 0.066667 0.100000 0.133333 0.166667 0.200000 0.233333 0.266667 0.300000 0.333333 0.366667 0.400000 0.433333 0.466667 0.500000
0.533333</float_array><technique_common><accessor source="#mixamorig_Hips-Matrix-animation-input-array" count="17"><param name="TIME" type="float"/></accessor></technique_common></source><source id="mixamorig_Hips-Matrix-animation-output-transform"><float_array id="mixamorig_Hips-Matrix-animation-output-transform-array" count="272">

0.877676 0.088423 -0.471027 0.013742 0.003924 0.981474 0.191557 89.694366 0.479238 -0.169973 0.861069 0.397674 0.000000 0.000000 0.000000 1.000000
0.848471 0.111169 -0.517434 0.306905 -0.007756 0.980197 0.197873 90.281174 0.529184 -0.163876 0.832531 -8.072691 0.000000 0.000000 0.000000 1.000000
0.818910 0.121085 -0.561003 0.502484 -0.016441 0.982039 0.187961 90.991104 0.573686 -0.144699 0.806193 -16.513803 0.000000 0.000000 0.000000 1.000000
0.791711 0.119178 -0.599157 0.581750 -0.028454 0.986915 0.158708 91.642693 0.610232 -0.108603 0.784743 -24.838860 0.000000 0.000000 0.000000 1.000000
0.766227 0.111363 -0.632846 0.543488 -0.042957 0.991542 0.122472 91.885704 0.641132 -0.066656 0.764530 -33.304157 0.000000 0.000000 0.000000 1.000000
0.749498 0.104362 -0.653729 0.426448 -0.051266 0.993680 0.099856 91.659599 0.660019 -0.041328 0.750112 -42.180462 0.000000 0.000000 0.000000 1.000000
0.758338 0.099796 -0.644177 0.281506 -0.045906 0.993934 0.099939 90.890533 0.650243 -0.046216 0.758319 -51.368172 0.000000 0.000000 0.000000 1.000000
0.797320 0.096696 -0.595761 0.165711 -0.032611 0.992543 0.117452 89.840652 0.602675 -0.074219 0.794527 -60.605488 0.000000 0.000000 0.000000 1.000000
0.846101 0.078947 -0.527144 -0.099992 -0.008169 0.990775 0.135271 89.801949 0.532961 -0.110147 0.838940 -69.588379 0.000000 0.000000 0.000000 1.000000
0.877749 0.057879 -0.475613 -0.392895 0.013914 0.989179 0.146055 90.870399 0.478919 -0.134817 0.867445 -78.242668 0.000000 0.000000 0.000000 1.000000
0.889574 0.040139 -0.455023 -0.655124 0.029911 0.988876 0.145707 92.267883 0.455810 -0.143227 0.878478 -86.779709 0.000000 0.000000 0.000000 1.000000
0.896139 0.013027 -0.443581 -0.931506 0.052524 0.989430 0.135168 93.672997 0.440653 -0.144428 0.885983 -95.603104 0.000000 0.000000 0.000000 1.000000
0.907954 -0.002747 -0.419061 -1.061337 0.061103 0.990160 0.125897 93.847382 0.414591 -0.139914 0.899187 -103.947823 0.000000 0.000000 0.000000 1.000000
0.920816 0.001730 -0.389993 -1.047097 0.053801 0.989865 0.131422 92.748940 0.386268 -0.141998 0.911391 -111.910469 0.000000 0.000000 0.000000 1.000000
0.921584 0.021452 -0.387585 -0.891564 0.040909 0.987544 0.151930 90.952286 0.386017 -0.155872 0.909228 -120.028358 0.000000 0.000000 0.000000 1.000000
0.905657 0.055045 -0.420422 -0.509892 0.021930 0.984130 0.176090 89.787498 0.423443 -0.168697 0.890077 -128.471802 0.000000 0.000000 0.000000 1.000000
0.877676 0.088423 -0.471027 0.013745 0.003923 0.981474 0.191557 89.694344 0.479238 -0.169973 0.861069 -137.048141 0.000000 0.000000 0.000000 1.000000</float_array><technique_common><accessor source="#mixamorig_Hips-Matrix-animation-output-transform-array" count="17" stride="16"><param type="float4x4"/></accessor></technique_common></source><source id="mixamorig_Hips-Interpolations"><Name_array id="mixamorig_Hips-Interpolations-array" count="17">
 LINEAR LINEAR LINEAR LINEAR LINEAR LINEAR LINEAR LINEAR LINEAR LINEAR LINEAR
LINEAR LINEAR LINEAR LINEAR LINEAR LINEAR</Name_array><technique_common><accessor source="#mixamorig_Hips-Interpolations-array" count="17"><param type="name"/></accessor></technique_common></source><sampler id="mixamorig_Hips-Matrix-animation-transform"><input semantic="INPUT" source="#mixamorig_Hips-Matrix-animation-input"/><input semantic="OUTPUT" source="#mixamorig_Hips-Matrix-animation-output-transform"/><input semantic="INTERPOLATION" source="#mixamorig_Hips-Interpolations"/></sampler><channel source="#mixamorig_Hips-Matrix-animation-transform" target="mixamorig_Hips/matrix"/></animation>
    <animation id="mixamorig_Spine-anim" name="mixamorig_Spine"><source id="mixamorig_Spine-Matrix-animation-input"><float_array id="mixamorig_Spine-Matrix-animation-input-array" count="17">

0.000000 0.033333 0.066667 0.100000 0.133333 0.166667 0.200000 0.233333 0.266667 0.300000 0.333333 0.366667 0.400000 0.433333 0.466667 0.500000
0.533333</float_array><technique_common><accessor source="#mixamorig_Spine-Matrix-animation-input-array" count="17"><param name="TIME" type="float"/></accessor></technique_common></source><source id="mixamorig_Spine-Matrix-animation-output-transform"><float_array id="mixamorig_Spine-Matrix-animation-output-transform-array" count="272">

0.987609 -0.063562 -0.143486 0.012400 0.014976 0.948305 -0.317007 10.445200 0.156218 0.310930 0.937506 -0.996300 0.000000 0.000000 0.000000 1.000000
0.987273 -0.068524 -0.143512 0.012400 0.017996 0.944750 -0.327298 10.445200 0.158011 0.320550 0.933959 -0.996300 0.000000 0.000000 0.000000 1.000000
0.987074 -0.072185 -0.143088 0.012400 0.022638 0.946670 -0.321408 10.445200 0.158658 0.314014 0.936068 -0.996300 0.000000 0.000000 0.000000 1.000000
0.987305 -0.082845 -0.135519 0.012400 0.038953 0.953438 -0.299064 10.445200 0.153985 0.289988 0.944561 -0.996300 0.000000 0.000000 0.000000 1.000000
0.989000 -0.095251 -0.113162 0.012400 0.060548 0.958725 -0.277813 10.445200 0.134953 0.267906 0.953947 -0.996300 0.000000 0.000000 0.000000 1.000000
0.991783 -0.093001 -0.087843 0.012400 0.065012 0.957790 -0.280022 10.445200 0.110177 0.272011 0.955966 -0.996300 0.000000 0.000000 0.000000 1.000000
0.993997 -0.069826 -0.084222 0.012400 0.041054 0.951642 -0.304454 10.445200 0.101408 0.299169 0.948796 -0.996300 0.000000 0.000000 0.000000 1.000000
0.993132 -0.043391 -0.108659 0.012400 0.004809 0.943042 -0.332639 10.445200 0.116904 0.329831 0.936774 -0.996300 0.000000 0.000000 0.000000 1.000000
0.989808 -0.020262 -0.140962 0.012400 -0.030152 0.937569 -0.346491 10.445200 0.139182 0.347210 0.927402 -0.996300 0.000000 0.000000 0.000000 1.000000
0.989147 -0.016858 -0.145957 0.012400 -0.034282 0.939495 -0.340843 10.445200 0.142872 0.342148 0.928721 -0.996300 0.000000 0.000000 0.000000 1.000000
0.992052 -0.022957 -0.123716 0.012400 -0.018379 0.946234 -0.322961 10.445200 0.124479 0.322668 0.938291 -0.996300 0.000000 0.000000 0.000000 1.000000
0.993944 -0.015115 -0.108839 0.012400 -0.018247 0.954037 -0.299132 10.445200 0.108358 0.299307 0.947984 -0.996300 0.000000 0.000000 0.000000 1.000000
0.993120 -0.013834 -0.116278 0.012400 -0.019338 0.959987 -0.279377 10.445200 0.115491 0.279704 0.953115 -0.996300 0.000000 0.000000 0.000000 1.000000
0.990270 -0.026575 -0.136599 0.012400 -0.011598 0.962421 -0.271313 10.445200 0.138676 0.270258 0.952749 -0.996300 0.000000 0.000000 0.000000 1.000000
0.988038 -0.042163 -0.148335 0.012400 -0.000967 0.960184 -0.279366 10.445200 0.154207 0.276168 0.948658 -0.996300 0.000000 0.000000 0.000000 1.000000
0.987478 -0.058019 -0.146703 0.012400 0.011376 0.953683 -0.300599 10.445200 0.157349 0.295166 0.942400 -0.996300 0.000000 0.000000 0.000000 1.000000
0.987609 -0.063562 -0.143486 0.012400 0.014976 0.948305 -0.317007 10.445200 0.156218 0.310930 0.937506 -0.996300 0.000000 0.000000 0.000000 1.000000</float_array><technique_common><accessor source="#mixamorig_Spine-Matrix-animation-output-transform-array" count="17" stride="16"><param type="float4x4"/></accessor></technique_common></source><source id="mixamorig_Spine-Interpolations"><Name_array id="mixamorig_Spine-Interpolations-array" count="17">
 LINEAR LINEAR LINEAR LINEAR LINEAR LINEAR LINEAR LINEAR LINEAR LINEAR LINEAR
LINEAR LINEAR LINEAR LINEAR LINEAR LINEAR</Name_array><technique_common><accessor source="#mixamorig_Spine-Interpolations-array" count="17"><param type="name"/></accessor></technique_common></source><sampler id="mixamorig_Spine-Matrix-animation-transform"><input semantic="INPUT" source="#mixamorig_Spine-Matrix-animation-input"/><input semantic="OUTPUT" source="#mixamorig_Spine-Matrix-animation-output-transform"/><input semantic="INTERPOLATION" source="#mixamorig_Spine-Interpolations"/></sampler><channel source="#mixamorig_Spine-Matrix-animation-transform" target="mixamorig_Spine/matrix"/></animation>
    <animation id="mixamorig_Spine1-anim" name="mixamorig_Spine1"><source id="mixamorig_Spine1-Matrix-animation-input"><float_array id="mixamorig_Spine1-Matrix-animation-input-array" count="17">

0.000000 0.033333 0.066667 0.100000 0.133333 0.166667 0.200000 0.233333 0.266667 0.300000 0.333333 0.366667 0.400000 0.433333 0.466667 0.500000
0.533333</float_array><technique_common><accessor source="#mixamorig_Spine1-Matrix-animation-input-array" count="17"><param name="TIME" type="float"/></accessor></technique_common></source><source id="mixamorig_Spine1-Matrix-animation-output-transform"><float_array id="mixamorig_Spine1-Matrix-animation-output-transform-array" count="272">

0.998190 0.001420 -0.060117 0.014600 -0.002181 0.999918 -0.012592 12.186100 0.060094 0.012701 0.998112 -1.162300 0.000000 0.000000 0.000000 1.000000
0.998296 0.005502 -0.058089 0.014600 -0.006189 0.999913 -0.011657 12.186100 0.058019 0.011997 0.998243 -1.162300 0.000000 0.000000 0.000000 1.000000
0.998272 0.005807 -0.058475 0.014600 -0.007032 0.999760 -0.020766 12.186100 0.058340 0.021142 0.998073 -1.162300 0.000000 0.000000 0.000000 1.000000
0.998307 0.004739 -0.057967 0.014600 -0.006659 0.999434 -0.032976 12.186100 0.057778 0.033306 0.997774 -1.162300 0.000000 0.000000 0.000000 1.000000
0.998473 0.003152 -0.055146 0.014600 -0.005298 0.999232 -0.038817 12.186100 0.054981 0.039050 0.997724 -1.162300 0.000000 0.000000 0.000000 1.000000
0.998671 -0.000392 -0.051541 0.014600 -0.001315 0.999452 -0.033079 12.186100 0.051526 0.033103 0.998123 -1.162300 0.000000 0.000000 0.000000 1.000000
0.998733 -0.006840 -0.049846 0.014600 0.005955 0.999823 -0.017869 12.186100 0.049960 0.017549 0.998597 -1.162300 0.000000 0.000000 0.000000 1.000000
0.998565 -0.014122 -0.051665 0.014600 0.014114 0.999900 -0.000521 12.186100 0.051667 -0.000209 0.998664 -1.162300 0.000000 0.000000 0.000000 1.000000
0.998322 -0.016504 -0.055509 0.014600 0.017079 0.999805 0.009900 12.186100 0.055335 -0.010831 0.998409 -1.162300 0.000000 0.000000 0.000000 1.000000
0.998277 -0.012416 -0.057350 0.014600 0.012814 0.999896 0.006568 12.186100 0.057263 -0.007291 0.998333 -1.162300 0.000000 0.000000 0.000000 1.000000
0.998363 -0.008637 -0.056536 0.014600 0.008265 0.999943 -0.006805 12.186100 0.056592 0.006326 0.998377 -1.162300 0.000000 0.000000 0.000000 1.000000
0.998329 -0.009352 -0.057027 0.014600 0.008118 0.999729 -0.021821 12.186100 0.057215 0.021322 0.998134 -1.162300 0.000000 0.000000 0.000000 1.000000
0.998075 -0.012766 -0.060684 0.014600 0.010884 0.999453 -0.031245 12.186100 0.061050 0.030524 0.997668 -1.162300 0.000000 0.000000 0.000000 1.000000
0.997843 -0.013305 -0.064283 0.014600 0.011261 0.999422 -0.032065 12.186100 0.064673 0.031272 0.997416 -1.162300 0.000000 0.000000 0.000000 1.000000
0.997867 -0.008132 -0.064776 0.014600 0.006560 0.999680 -0.024431 12.186100 0.064954 0.023954 0.997601 -1.162300 0.000000 0.000000 0.000000 1.000000
0.998025 -0.001915 -0.062785 0.014600 0.001026 0.999899 -0.014190 12.186100 0.062806 0.014097 0.997926 -1.162300 0.000000 0.000000 0.000000 1.000000
0.998190 0.001420 -0.060117 0.014600 -0.002181 0.999918 -0.012592 12.186100 0.060094 0.012701 0.998112 -1.162300 0.000000 0.000000 0.000000 1.000000</float_array><technique_common><accessor source="#mixamorig_Spine1-Matrix-animation-output-transform-array" count="17" stride="16"><param type="float4x4"/></accessor></technique_common></source><source id="mixamorig_Spine1-Interpolations"><Name_array id="mixamorig_Spine1-Interpolations-array" count="17">
 LINEAR LINEAR LINEAR LINEAR LINEAR LINEAR LINEAR LINEAR LINEAR LINEAR LINEAR
LINEAR LINEAR LINEAR LINEAR LINEAR LINEAR</Name_array><technique_common><accessor source="#mixamorig_Spine1-Interpolations-array" count="17"><param type="name"/></accessor></technique_common></source><sampler id="mixamorig_Spine1-Matrix-animation-transform"><input semantic="INPUT" source="#mixamorig_Spine1-Matrix-animation-input"/><input semantic="OUTPUT" source="#mixamorig_Spine1-Matrix-animation-output-transform"/><input semantic="INTERPOLATION" source="#mixamorig_Spine1-Interpolations"/></sampler><channel source="#mixamorig_Spine1-Matrix-animation-transform" target="mixamorig_Spine1/matrix"/></animation>
    <animation id="mixamorig_Spine2-anim" name="mixamorig_Spine2"><source id="mixamorig_Spine2-Matrix-animation-input"><float_array id="mixamorig_Spine2-Matrix-animation-input-array" count="17">

0.000000 0.033333 0.066667 0.100000 0.133333 0.166667 0.200000 0.233333 0.266667 0.300000 0.333333 0.366667 0.400000 0.433333 0.466667 0.500000
0.533333</float_array><technique_common><accessor source="#mixamorig_Spine2-Matrix-animation-input-array" count="17"><param name="TIME" type="float"/></accessor></technique_common></source><source id="mixamorig_Spine2-Matrix-animation-output-transform"><float_array id="mixamorig_Spine2-Matrix-animation-output-transform-array" count="272">

0.998178 0.000743 -0.060328 0.016600 -0.001530 0.999914 -0.013006 13.927000 0.060313 0.013074 0.998094 -1.328400 0.000000 0.000000 0.000000 1.000000
0.998278 0.004843 -0.058467 0.016600 -0.005559 0.999911 -0.012091 13.927000 0.058404 0.012395 0.998216 -1.328400 0.000000 0.000000 0.000000 1.000000
0.998255 0.004885 -0.058841 0.016600 -0.006141 0.999757 -0.021185 13.927000 0.058724 0.021510 0.998043 -1.328400 0.000000 0.000000 0.000000 1.000000
0.998292 0.003456 -0.058321 0.016600 -0.005409 0.999429 -0.033357 13.927000 0.058173 0.033616 0.997740 -1.328400 0.000000 0.000000 0.000000 1.000000
0.998454 0.001635 -0.055560 0.016600 -0.003815 0.999226 -0.039158 13.927000 0.055453 0.039310 0.997687 -1.328400 0.000000 0.000000 0.000000 1.000000
0.998650 -0.001737 -0.051909 0.016600 0.000006 0.999445 -0.033322 13.927000 0.051938 0.033277 0.998096 -1.328400 0.000000 0.000000 0.000000 1.000000
0.998721 -0.007614 -0.049981 0.016600 0.006726 0.999817 -0.017902 13.927000 0.050108 0.017543 0.998590 -1.328400 0.000000 0.000000 0.000000 1.000000
0.998567 -0.014398 -0.051551 0.016600 0.014397 0.999896 -0.000392 13.927000 0.051551 -0.000350 0.998670 -1.328400 0.000000 0.000000 0.000000 1.000000
0.998328 -0.016647 -0.055360 0.016600 0.017226 0.999802 0.009996 13.927000 0.055182 -0.010933 0.998416 -1.328400 0.000000 0.000000 0.000000 1.000000
0.998276 -0.012646 -0.057321 0.016600 0.013041 0.999894 0.006516 13.927000 0.057233 -0.007253 0.998335 -1.328400 0.000000 0.000000 0.000000 1.000000
0.998359 -0.009139 -0.056535 0.016600 0.008757 0.999937 -0.006998 13.927000 0.056595 0.006492 0.998376 -1.328400 0.000000 0.000000 0.000000 1.000000
0.998329 -0.010267 -0.056867 0.016600 0.009026 0.999716 -0.022034 13.927000 0.057077 0.021484 0.998139 -1.328400 0.000000 0.000000 0.000000 1.000000
0.998081 -0.013983 -0.060314 0.016600 0.012106 0.999434 -0.031383 13.927000 0.060719 0.030593 0.997686 -1.328400 0.000000 0.000000 0.000000 1.000000
0.997853 -0.014513 -0.063871 0.016600 0.012473 0.999403 -0.032221 13.927000 0.064300 0.031355 0.997438 -1.328400 0.000000 0.000000 0.000000 1.000000
0.997865 -0.009126 -0.064662 0.016600 0.007542 0.999667 -0.024697 13.927000 0.064866 0.024157 0.997602 -1.328400 0.000000 0.000000 0.000000 1.000000
0.998002 -0.002823 -0.063122 0.016600 0.001907 0.999892 -0.014561 13.927000 0.063157 0.014411 0.997900 -1.328400 0.000000 0.000000 0.000000 1.000000
0.998178 0.000743 -0.060328 0.016600 -0.001530 0.999914 -0.013006 13.927000 0.060313 0.013074 0.998094 -1.328400 0.000000 0.000000 0.000000 1.000000</float_array><technique_common><accessor source="#mixamorig_Spine2-Matrix-animation-output-transform-array" count="17" stride="16"><param type="float4x4"/></accessor></technique_common></source><source id="mixamorig_Spine2-Interpolations"><Name_array id="mixamorig_Spine2-Interpolations-array" count="17">
 LINEAR LINEAR LINEAR LINEAR LINEAR LINEAR LINEAR LINEAR LINEAR LINEAR LINEAR
LINEAR LINEAR LINEAR LINEAR LINEAR LINEAR</Name_array><technique_common><accessor source="#mixamorig_Spine2-Interpolations-array" count="17"><param type="name"/></accessor></technique_common></source><sampler id="mixamorig_Spine2-Matrix-animation-transform"><input semantic="INPUT" source="#mixamorig_Spine2-Matrix-animation-input"/><input semantic="OUTPUT" source="#mixamorig_Spine2-Matrix-animation-output-transform"/><input semantic="INTERPOLATION" source="#mixamorig_Spine2-Interpolations"/></sampler><channel source="#mixamorig_Spine2-Matrix-animation-transform" target="mixamorig_Spine2/matrix"/></animation>
    <animation id="mixamorig_Neck-anim" name="mixamorig_Neck"><source id="mixamorig_Neck-Matrix-animation-input"><float_array id="mixamorig_Neck-Matrix-animation-input-array" count="17">

0.000000 0.033333 0.066667 0.100000 0.133333 0.166667 0.200000 0.233333 0.266667 0.300000 0.333333 0.366667 0.400000 0.433333 0.466667 0.500000
0.533333</float_array><technique_common><accessor source="#mixamorig_Neck-Matrix-animation-input-array" count="17"><param name="TIME" type="float"/></accessor></technique_common></source><source id="mixamorig_Neck-Matrix-animation-output-transform"><float_array id="mixamorig_Neck-Matrix-animation-output-transform-array" count="272">

0.997095 -0.041256 0.064034 0.018700 0.041609 0.999125 -0.004193 15.667800 -0.063805 0.006845 0.997939 -1.494400 0.000000 0.000000 0.000000 1.000000
0.996503 -0.046767 0.069249 0.018700 0.047918 0.998738 -0.015060 15.667800 -0.068457 0.018325 0.997486 -1.494400 0.000000 0.000000 0.000000 1.000000
0.996237 -0.043906 0.074728 0.018700 0.044649 0.998968 -0.008304 15.667800 -0.074286 0.011609 0.997169 -1.494400 0.000000 0.000000 0.000000 1.000000
0.996311 -0.036675 0.077579 0.018700 0.035113 0.999154 0.021408 15.667800 -0.078299 -0.018605 0.996756 -1.494400 0.000000 0.000000 0.000000 1.000000
0.996512 -0.032844 0.076720 0.018700 0.027558 0.997238 0.068970 15.667800 -0.078774 -0.066615 0.994664 -1.494400 0.000000 0.000000 0.000000 1.000000
0.996647 -0.037594 0.072677 0.018700 0.029528 0.993599 0.109036 15.667800 -0.076311 -0.106525 0.991377 -1.494400 0.000000 0.000000 0.000000 1.000000
0.996505 -0.047699 0.068571 0.018700 0.039867 0.992979 0.111367 15.667800 -0.073402 -0.108244 0.991411 -1.494400 0.000000 0.000000 0.000000 1.000000
0.996220 -0.054785 0.067405 0.018700 0.049345 0.995583 0.079875 15.667800 -0.071483 -0.076247 0.994523 -1.494400 0.000000 0.000000 0.000000 1.000000
0.996228 -0.054542 0.067493 0.018700 0.051755 0.997760 0.042379 15.667800 -0.069653 -0.038726 0.996819 -1.494400 0.000000 0.000000 0.000000 1.000000
0.996728 -0.047591 0.065339 0.018700 0.046342 0.998715 0.020494 15.667800 -0.066230 -0.017399 0.997653 -1.494400 0.000000 0.000000 0.000000 1.000000
0.997500 -0.035076 0.061355 0.018700 0.033779 0.999186 0.022046 15.667800 -0.062078 -0.019918 0.997873 -1.494400 0.000000 0.000000 0.000000 1.000000
0.998107 -0.019919 0.058189 0.018700 0.017301 0.998830 0.045155 15.667800 -0.059020 -0.044062 0.997284 -1.494400 0.000000 0.000000 0.000000 1.000000
0.998354 -0.008934 0.056645 0.018700 0.004745 0.997273 0.073648 15.667800 -0.057149 -0.073258 0.995674 -1.494400 0.000000 0.000000 0.000000 1.000000
0.998389 -0.007616 0.056229 0.018700 0.003220 0.996959 0.077867 15.667800 -0.056651 -0.077560 0.995377 -1.494400 0.000000 0.000000 0.000000 1.000000
0.998223 -0.015163 0.057622 0.018700 0.012236 0.998633 0.050816 15.667800 -0.058314 -0.050020 0.997044 -1.494400 0.000000 0.000000 0.000000 1.000000
0.997758 -0.027825 0.060866 0.018700 0.026907 0.999512 0.015858 15.667800 -0.061277 -0.014185 0.998020 -1.494400 0.000000 0.000000 0.000000 1.000000
0.997095 -0.041256 0.064033 0.018700 0.041609 0.999125 -0.004193 15.667800 -0.063805 0.006845 0.997939 -1.494400 0.000000 0.000000 0.000000 1.000000</float_array><technique_common><accessor source="#mixamorig_Neck-Matrix-animation-output-transform-array" count="17" stride="16"><param type="float4x4"/></accessor></technique_common></source><source id="mixamorig_Neck-Interpolations"><Name_array id="mixamorig_Neck-Interpolations-array" count="17">
 LINEAR LINEAR LINEAR LINEAR LINEAR LINEAR LINEAR LINEAR LINEAR LINEAR LINEAR
LINEAR LINEAR LINEAR LINEAR LINEAR LINEAR</Name_array><technique_common><accessor source="#mixamorig_Neck-Interpolations-array" count="17"><param type="name"/></accessor></technique_common></source><sampler id="mixamorig_Neck-Matrix-animation-transform"><input semantic="INPUT" source="#mixamorig_Neck-Matrix-animation-input"/><input semantic="OUTPUT" source="#mixamorig_Neck-Matrix-animation-output-transform"/><input semantic="INTERPOLATION" source="#mixamorig_Neck-Interpolations"/></sampler><channel source="#mixamorig_Neck-Matrix-animation-transform" target="mixamorig_Neck/matrix"/></animation>
    <animation id="mixamorig_Head-anim" name="mixamorig_Head"><source id="mixamorig_Head-Matrix-animation-input"><float_array id="mixamorig_Head-Matrix-animation-input-array" count="17">

0.000000 0.033333 0.066667 0.100000 0.133333 0.166667 0.200000 0.233333 0.266667 0.300000 0.333333 0.366667 0.400000 0.433333 0.466667 0.500000
0.533333</float_array><technique_common><accessor source="#mixamorig_Head-Matrix-animation-input-array" count="17"><param name="TIME" type="float"/></accessor></technique_common></source><source id="mixamorig_Head-Matrix-animation-output-transform"><float_array id="mixamorig_Head-Matrix-animation-output-transform-array" count="272">

0.904109 -0.117036 0.410963 0.000000 0.260513 0.913318 -0.313022 7.087800 -0.338705 0.390067 0.856228 0.888700 0.000000 0.000000 0.000000 1.000000
0.891277 -0.101187 0.442026 -0.000000 0.265492 0.906688 -0.327767 7.087800 -0.367613 0.409486 0.834974 0.888700 0.000000 0.000000 0.000000 1.000000
0.883818 -0.074537 0.461856 0.000000 0.260422 0.898516 -0.353342 7.087800 -0.388648 0.432567 0.813535 0.888700 0.000000 0.000000 0.000000 1.000000
0.884712 -0.046995 0.463763 0.000000 0.244075 0.894321 -0.374991 7.087800 -0.397130 0.444952 0.802687 0.888700 0.000000 0.000000 0.000000 1.000000
0.889593 -0.028434 0.455868 0.000000 0.224654 0.896229 -0.382497 7.087800 -0.397687 0.442679 0.803667 0.888700 0.000000 0.000000 0.000000 1.000000
0.892239 -0.024432 0.450902 0.000000 0.211657 0.904679 -0.369806 7.087800 -0.398887 0.425392 0.812361 0.888700 0.000000 0.000000 0.000000 1.000000
0.889990 -0.038945 0.454315 0.000000 0.211437 0.918004 -0.335505 7.087800 -0.403996 0.394655 0.825248 0.888700 0.000000 0.000000 0.000000 1.000000
0.885972 -0.068948 0.458585 0.000000 0.227585 0.926256 -0.300425 7.087800 -0.404053 0.370535 0.836328 0.888700 0.000000 0.000000 0.000000 1.000000
0.886647 -0.096778 0.452207 0.000000 0.250220 0.922749 -0.293129 7.087800 -0.388905 0.373053 0.842368 0.888700 0.000000 0.000000 0.000000 1.000000
0.897143 -0.105539 0.428948 -0.000000 0.259230 0.912040 -0.317777 7.087800 -0.357680 0.396287 0.845589 0.888700 0.000000 0.000000 0.000000 1.000000
0.914307 -0.099504 0.392610 0.000000 0.248129 0.903758 -0.348789 7.087800 -0.320118 0.416318 0.851002 0.888700 0.000000 0.000000 0.000000 1.000000
0.930003 -0.091961 0.355862 0.000000 0.228670 0.902766 -0.364311 7.087800 -0.287757 0.420186 0.860604 0.888700 0.000000 0.000000 0.000000 1.000000
0.938714 -0.092268 0.332117 0.000000 0.216608 0.907403 -0.360140 7.087800 -0.268135 0.410008 0.871778 0.888700 0.000000 0.000000 0.000000 1.000000
0.938571 -0.103551 0.329183 0.000000 0.219723 0.914887 -0.338680 7.087800 -0.266095 0.390204 0.881439 0.888700 0.000000 0.000000 0.000000 1.000000
0.930251 -0.119366 0.346966 0.000000 0.234718 0.920409 -0.312658 7.087800 -0.282030 0.372289 0.884228 0.888700 0.000000 0.000000 0.000000 1.000000
0.916931 -0.126740 0.378384 0.000000 0.251708 0.919485 -0.301976 7.087800 -0.309646 0.372134 0.875006 0.888700 0.000000 0.000000 0.000000 1.000000
0.904109 -0.117036 0.410963 0.000000 0.260513 0.913318 -0.313022 7.087800 -0.338705 0.390067 0.856228 0.888700 0.000000 0.000000 0.000000 1.000000</float_array><technique_common><accessor source="#mixamorig_Head-Matrix-animation-output-transform-array" count="17" stride="16"><param type="float4x4"/></accessor></technique_common></source><source id="mixamorig_Head-Interpolations"><Name_array id="mixamorig_Head-Interpolations-array" count="17">
 LINEAR LINEAR LINEAR LINEAR LINEAR LINEAR LINEAR LINEAR LINEAR LINEAR LINEAR
LINEAR LINEAR LINEAR LINEAR LINEAR LINEAR</Name_array><technique_common><accessor source="#mixamorig_Head-Interpolations-array" count="17"><param type="name"/></accessor></technique_common></source><sampler id="mixamorig_Head-Matrix-animation-transform"><input semantic="INPUT" source="#mixamorig_Head-Matrix-animation-input"/><input semantic="OUTPUT" source="#mixamorig_Head-Matrix-animation-output-transform"/><input semantic="INTERPOLATION" source="#mixamorig_Head-Interpolations"/></sampler><channel source="#mixamorig_Head-Matrix-animation-transform" target="mixamorig_Head/matrix"/></animation>
    <animation id="mixamorig_LeftShoulder-anim" name="mixamorig_LeftShoulder"><source id="mixamorig_LeftShoulder-Matrix-animation-input"><float_array id="mixamorig_LeftShoulder-Matrix-animation-input-array" count="17">

0.000000 0.033333 0.066667 0.100000 0.133333 0.166667 0.200000 0.233333 0.266667 0.300000 0.333333 0.366667 0.400000 0.433333 0.466667 0.500000
0.533333</float_array><technique_common><accessor source="#mixamorig_LeftShoulder-Matrix-animation-input-array" count="17"><param name="TIME" type="float"/></accessor></technique_common></source><source id="mixamorig_LeftShoulder-Matrix-animation-output-transform"><float_array id="mixamorig_LeftShoulder-Matrix-animation-output-transform-array" count="272">

0.996252 -0.020357 -0.084070 6.233100 0.067442 0.791385 0.607587 12.573100 0.054163 -0.610979 0.789792 -1.462000 0.000000 0.000000 0.000000 1.000000
0.995761 -0.056127 -0.072865 6.233100 0.088938 0.789514 0.607254 12.573100 0.023445 -0.611161 0.791159 -1.462000 0.000000 0.000000 0.000000 1.000000
0.996360 -0.055682 -0.064541 6.233100 0.083494 0.790009 0.607384 12.573100 0.017168 -0.610562 0.791782 -1.462000 0.000000 0.000000 0.000000 1.000000
0.997893 -0.021519 -0.061216 6.233100 0.054361 0.792382 0.607598 12.573100 0.035432 -0.609645 0.791882 -1.462000 0.000000 0.000000 0.000000 1.000000
0.997707 0.010574 -0.066855 6.233100 0.032322 0.793398 0.607844 12.573100 0.059470 -0.608611 0.791237 -1.462000 0.000000 0.000000 0.000000 1.000000
0.996720 0.009883 -0.080316 6.233100 0.041123 0.792936 0.607916 12.573100 0.069693 -0.609225 0.789929 -1.462000 0.000000 0.000000 0.000000 1.000000
0.995575 -0.018807 -0.092065 6.233100 0.071111 0.791249 0.607345 12.573100 0.061424 -0.611204 0.789086 -1.462000 0.000000 0.000000 0.000000 1.000000
0.994058 -0.050078 -0.096646 6.233100 0.098718 0.788828 0.606634 12.573100 0.045858 -0.612570 0.789085 -1.462000 0.000000 0.000000 0.000000 1.000000
0.993161 -0.065351 -0.096749 6.233100 0.110883 0.787397 0.606392 12.573100 0.036552 -0.612973 0.789258 -1.462000 0.000000 0.000000 0.000000 1.000000
0.993595 -0.056772 -0.097702 6.233100 0.104680 0.788059 0.606634 12.573100 0.042556 -0.612976 0.788955 -1.462000 0.000000 0.000000 0.000000 1.000000
0.994426 -0.020950 -0.103331 6.233100 0.079750 0.790535 0.607203 12.573100 0.068966 -0.612059 0.787799 -1.462000 0.000000 0.000000 0.000000 1.000000
0.993155 0.028699 -0.113225 6.233100 0.046414 0.792569 0.608013 12.573100 0.107188 -0.609106 0.785812 -1.462000 0.000000 0.000000 0.000000 1.000000
0.990289 0.064373 -0.123223 6.233100 0.024172 0.793115 0.608592 12.573100 0.136907 -0.605660 0.783857 -1.462000 0.000000 0.000000 0.000000 1.000000
0.989561 0.067586 -0.127283 6.233100 0.024072 0.793282 0.608378 12.573100 0.142089 -0.605091 0.783374 -1.462000 0.000000 0.000000 0.000000 1.000000
0.991899 0.041944 -0.119905 6.233100 0.039916 0.793192 0.607662 12.573100 0.120595 -0.607526 0.785092 -1.462000 0.000000 0.000000 0.000000 1.000000
0.994771 0.004384 -0.102039 6.233100 0.058805 0.792269 0.607331 12.573100 0.083505 -0.610156 0.787869 -1.462000 0.000000 0.000000 0.000000 1.000000
0.996252 -0.020357 -0.084070 6.233100 0.067442 0.791385 0.607586 12.573100 0.054163 -0.610979 0.789792 -1.462000 0.000000 0.000000 0.000000 1.000000</float_array><technique_common><accessor source="#mixamorig_LeftShoulder-Matrix-animation-output-transform-array" count="17" stride="16"><param type="float4x4"/></accessor></technique_common></source><source id="mixamorig_LeftShoulder-Interpolations"><Name_array id="mixamorig_LeftShoulder-Interpolations-array" count="17">
 LINEAR LINEAR LINEAR LINEAR LINEAR LINEAR LINEAR LINEAR LINEAR LINEAR LINEAR
LINEAR LINEAR LINEAR LINEAR LINEAR LINEAR</Name_array><technique_common><accessor source="#mixamorig_LeftShoulder-Interpolations-array" count="17"><param type="name"/></accessor></technique_common></source><sampler id="mixamorig_LeftShoulder-Matrix-animation-transform"><input semantic="INPUT" source="#mixamorig_LeftShoulder-Matrix-animation-input"/><input semantic="OUTPUT" source="#mixamorig_LeftShoulder-Matrix-animation-output-transform"/><input semantic="INTERPOLATION" source="#mixamorig_LeftShoulder-Interpolations"/></sampler><channel source="#mixamorig_LeftShoulder-Matrix-animation-transform" target="mixamorig_LeftShoulder/matrix"/></animation>
    <animation id="mixamorig_LeftArm-anim" name="mixamorig_LeftArm"><source id="mixamorig_LeftArm-Matrix-animation-input"><float_array id="mixamorig_LeftArm-Matrix-animation-input-array" count="17">

0.000000 0.033333 0.066667 0.100000 0.133333 0.166667 0.200000 0.233333 0.266667 0.300000 0.333333 0.366667 0.400000 0.433333 0.466667 0.500000
0.533333</float_array><technique_common><accessor source="#mixamorig_LeftArm-Matrix-animation-input-array" count="17"><param name="TIME" type="float"/></accessor></technique_common></source><source id="mixamorig_LeftArm-Matrix-animation-output-transform"><float_array id="mixamorig_LeftArm-Matrix-animation-output-transform-array" count="272">

0.438400 0.898581 0.018928 13.429100 -0.827766 0.395467 0.398007 -3.527300 0.350156 -0.190154 0.917187 0.064700 0.000000 0.000000 0.000000 1.000000
0.430923 0.900541 0.057715 13.429100 -0.847005 0.381585 0.370101 -3.527300 0.311268 -0.208370 0.927197 0.064700 0.000000 0.000000 0.000000 1.000000
0.443728 0.887351 0.125354 13.429100 -0.852851 0.375172 0.363168 -3.527300 0.275228 -0.268056 0.923253 0.064700 0.000000 0.000000 0.000000 1.000000
0.469984 0.861805 0.190806 13.429100 -0.844048 0.375543 0.382819 -3.527300 0.258260 -0.340968 0.903904 0.064700 0.000000 0.000000 0.000000 1.000000
0.493925 0.840228 0.223730 13.429100 -0.826409 0.373637 0.421240 -3.527300 0.270344 -0.392953 0.878921 0.064700 0.000000 0.000000 0.000000 1.000000
0.504012 0.834521 0.222591 13.429100 -0.810418 0.367830 0.455987 -3.527300 0.298655 -0.410215 0.861701 0.064700 0.000000 0.000000 0.000000 1.000000
0.498720 0.846511 0.186274 13.429100 -0.799627 0.366410 0.475752 -3.527300 0.334476 -0.386217 0.859629 0.064700 0.000000 0.000000 0.000000 1.000000
0.480719 0.869332 0.114765 13.429100 -0.792870 0.375028 0.480324 -3.527300 0.374521 -0.321894 0.869550 0.064700 0.000000 0.000000 0.000000 1.000000
0.458418 0.888201 0.030853 13.429100 -0.791635 0.392308 0.468410 -3.527300 0.403938 -0.239152 0.882972 0.064700 0.000000 0.000000 0.000000 1.000000
0.444051 0.895298 -0.035501 13.429100 -0.793579 0.411377 0.448331 -3.527300 0.415994 -0.170909 0.893162 0.064700 0.000000 0.000000 0.000000 1.000000
0.449792 0.891166 -0.059247 13.429100 -0.791242 0.428371 0.436388 -3.527300 0.414274 -0.149405 0.897806 0.064700 0.000000 0.000000 0.000000 1.000000
0.469615 0.881906 -0.041278 13.429100 -0.783112 0.437686 0.441777 -3.527300 0.407672 -0.175140 0.896175 0.064700 0.000000 0.000000 0.000000 1.000000
0.484301 0.874845 -0.009886 13.429100 -0.777633 0.435609 0.453357 -3.527300 0.400923 -0.211874 0.891274 0.064700 0.000000 0.000000 0.000000 1.000000
0.481368 0.876501 0.005507 13.429100 -0.782737 0.427029 0.452735 -3.527300 0.394471 -0.222243 0.891628 0.064700 0.000000 0.000000 0.000000 1.000000
0.464637 0.885501 -0.000031 13.429100 -0.797658 0.418560 0.434222 -3.527300 0.384517 -0.201731 0.900806 0.064700 0.000000 0.000000 0.000000 1.000000
0.446631 0.894703 -0.005254 13.429100 -0.815599 0.409543 0.408745 -3.527300 0.367857 -0.178273 0.912634 0.064700 0.000000 0.000000 0.000000 1.000000
0.438400 0.898581 0.018928 13.429100 -0.827766 0.395467 0.398007 -3.527300 0.350156 -0.190154 0.917187 0.064700 0.000000 0.000000 0.000000 1.000000</float_array><technique_common><accessor source="#mixamorig_LeftArm-Matrix-animation-output-transform-array" count="17" stride="16"><param type="float4x4"/></accessor></technique_common></source><source id="mixamorig_LeftArm-Interpolations"><Name_array id="mixamorig_LeftArm-Interpolations-array" count="17">
 LINEAR LINEAR LINEAR LINEAR LINEAR LINEAR LINEAR LINEAR LINEAR LINEAR LINEAR
LINEAR LINEAR LINEAR LINEAR LINEAR LINEAR</Name_array><technique_common><accessor source="#mixamorig_LeftArm-Interpolations-array" count="17"><param type="name"/></accessor></technique_common></source><sampler id="mixamorig_LeftArm-Matrix-animation-transform"><input semantic="INPUT" source="#mixamorig_LeftArm-Matrix-animation-input"/><input semantic="OUTPUT" source="#mixamorig_LeftArm-Matrix-animation-output-transform"/><input semantic="INTERPOLATION" source="#mixamorig_LeftArm-Interpolations"/></sampler><channel source="#mixamorig_LeftArm-Matrix-animation-transform" target="mixamorig_LeftArm/matrix"/></animation>
    <animation id="mixamorig_LeftForeArm-anim" name="mixamorig_LeftForeArm"><source id="mixamorig_LeftForeArm-Matrix-animation-input"><float_array id="mixamorig_LeftForeArm-Matrix-animation-input-array" count="17">

0.000000 0.033333 0.066667 0.100000 0.133333 0.166667 0.200000 0.233333 0.266667 0.300000 0.333333 0.366667 0.400000 0.433333 0.466667 0.500000
0.533333</float_array><technique_common><accessor source="#mixamorig_LeftForeArm-Matrix-animation-input-array" count="17"><param name="TIME" type="float"/></accessor></technique_common></source><source id="mixamorig_LeftForeArm-Matrix-animation-output-transform"><float_array id="mixamorig_LeftForeArm-Matrix-animation-output-transform-array" count="272">

0.433770 -0.073098 -0.898054 21.657499 0.031719 0.997325 -0.065858 1.586400 0.900465 0.000082 0.434928 -0.065100 0.000000 0.000000 0.000000 1.000000
0.401554 -0.073100 -0.912913 21.657499 0.029358 0.997325 -0.066945 1.586400 0.915364 0.000080 0.402626 -0.065100 0.000000 0.000000 0.000000 1.000000
0.342063 -0.073099 -0.936830 21.657499 0.024999 0.997325 -0.068692 1.586400 0.939345 0.000077 0.342975 -0.065100 0.000000 0.000000 0.000000 1.000000
0.278867 -0.073102 -0.957543 21.657499 0.020369 0.997324 -0.070207 1.586400 0.960114 0.000074 0.279610 -0.065100 0.000000 0.000000 0.000000 1.000000
0.251513 -0.073102 -0.965089 21.657499 0.018365 0.997325 -0.070757 1.586400 0.967680 0.000073 0.252183 -0.065100 0.000000 0.000000 0.000000 1.000000
0.274635 -0.073103 -0.958766 21.657499 0.020059 0.997324 -0.070297 1.586400 0.961339 0.000074 0.275366 -0.065100 0.000000 0.000000 0.000000 1.000000
0.343635 -0.073101 -0.936254 21.657499 0.025115 0.997325 -0.068652 1.586400 0.938767 0.000077 0.344552 -0.065100 0.000000 0.000000 0.000000 1.000000
0.442571 -0.073098 -0.893749 21.657499 0.032364 0.997325 -0.065543 1.586400 0.896149 0.000082 0.443753 -0.065100 0.000000 0.000000 0.000000 1.000000
0.521937 -0.073096 -0.849846 21.657499 0.038180 0.997325 -0.062333 1.586400 0.852129 0.000086 0.523332 -0.065100 0.000000 0.000000 0.000000 1.000000
0.560868 -0.073095 -0.824672 21.657499 0.041033 0.997325 -0.060490 1.586400 0.826888 0.000088 0.562367 -0.065100 0.000000 0.000000 0.000000 1.000000
0.557556 -0.073094 -0.826915 21.657499 0.040791 0.997325 -0.060654 1.586400 0.829137 0.000088 0.559046 -0.065100 0.000000 0.000000 0.000000 1.000000
0.530711 -0.073096 -0.844395 21.657499 0.038823 0.997325 -0.061933 1.586400 0.846663 0.000086 0.532129 -0.065100 0.000000 0.000000 0.000000 1.000000
0.503576 -0.073096 -0.860853 21.657499 0.036834 0.997325 -0.063137 1.586400 0.863166 0.000085 0.504921 -0.065100 0.000000 0.000000 0.000000 1.000000
0.487866 -0.073097 -0.869853 21.657499 0.035683 0.997325 -0.063795 1.586400 0.872189 0.000084 0.489169 -0.065100 0.000000 0.000000 0.000000 1.000000
0.482320 -0.073097 -0.872940 21.657499 0.035277 0.997325 -0.064021 1.586400 0.875285 0.000084 0.483608 -0.065100 0.000000 0.000000 0.000000 1.000000
0.470689 -0.073097 -0.879266 21.657499 0.034424 0.997325 -0.064484 1.586400 0.881627 0.000084 0.471946 -0.065100 0.000000 0.000000 0.000000 1.000000
0.433770 -0.073098 -0.898054 21.657499 0.031719 0.997325 -0.065858 1.586400 0.900465 0.000082 0.434928 -0.065100 0.000000 0.000000 0.000000 1.000000</float_array><technique_common><accessor source="#mixamorig_LeftForeArm-Matrix-animation-output-transform-array" count="17" stride="16"><param type="float4x4"/></accessor></technique_common></source><source id="mixamorig_LeftForeArm-Interpolations"><Name_array id="mixamorig_LeftForeArm-Interpolations-array" count="17">
 LINEAR LINEAR LINEAR LINEAR LINEAR LINEAR LINEAR LINEAR LINEAR LINEAR LINEAR
LINEAR LINEAR LINEAR LINEAR LINEAR LINEAR</Name_array><technique_common><accessor source="#mixamorig_LeftForeArm-Interpolations-array" count="17"><param type="name"/></accessor></technique_common></source><sampler id="mixamorig_LeftForeArm-Matrix-animation-transform"><input semantic="INPUT" source="#mixamorig_LeftForeArm-Matrix-animation-input"/><input semantic="OUTPUT" source="#mixamorig_LeftForeArm-Matrix-animation-output-transform"/><input semantic="INTERPOLATION" source="#mixamorig_LeftForeArm-Interpolations"/></sampler><channel source="#mixamorig_LeftForeArm-Matrix-animation-transform" target="mixamorig_LeftForeArm/matrix"/></animation>
    <animation id="mixamorig_LeftHand-anim" name="mixamorig_LeftHand"><source id="mixamorig_LeftHand-Matrix-animation-input"><float_array id="mixamorig_LeftHand-Matrix-animation-input-array" count="17">

0.000000 0.033333 0.066667 0.100000 0.133333 0.166667 0.200000 0.233333 0.266667 0.300000 0.333333 0.366667 0.400000 0.433333 0.466667 0.500000
0.533333</float_array><technique_common><accessor source="#mixamorig_LeftHand-Matrix-animation-input-array" count="17"><param name="TIME" type="float"/></accessor></technique_common></source><source id="mixamorig_LeftHand-Matrix-animation-output-transform"><float_array id="mixamorig_LeftHand-Matrix-animation-output-transform-array" count="272">

0.831942 -0.546451 0.096251 26.413300 -0.318640 -0.328501 0.889132 0.000000 -0.454249 -0.770375 -0.447415 0.000000 0.000000 0.000000 0.000000 1.000000
0.820770 -0.565755 0.079105 26.413300 -0.310636 -0.325802 0.892949 0.000000 -0.479418 -0.757479 -0.443152 -0.000000 0.000000 0.000000 0.000000 1.000000
0.788393 -0.609542 0.083034 26.413300 -0.322553 -0.294661 0.899519 0.000000 -0.523828 -0.735958 -0.428918 0.000000 0.000000 0.000000 0.000000 1.000000
0.750131 -0.652571 0.107027 26.413300 -0.342217 -0.244586 0.907229 -0.000000 -0.565854 -0.717167 -0.406792 0.000000 0.000000 0.000000 0.000000 1.000000
0.729161 -0.670129 0.138752 26.413300 -0.362006 -0.205642 0.909210 -0.000000 -0.580755 -0.713189 -0.392537 0.000000 0.000000 0.000000 0.000000 1.000000
