<?xml version="1.0" encoding="utf-8"?>
<COLLADA xmlns="http://www.collada.org/2005/11/COLLADASchema" version="1.4.1">
  <asset><contributor><author>Mixamo</author><authoring_tool>COLLADA Mixamo exporter</authoring_tool><comments></comments></contributor><created>2018-04-27T01:40:04Z</created><modified>2018-04-27T01:40:04Z</modified><revision></revision><title></title><unit meter="0.010000"/><up_axis>Y_UP</up_axis></asset>
  <library_animations>
    <animation id="mixamorig_Hips-anim" name="mixamorig_Hips"><source id="mixamorig_Hips-Matrix-animation-input"><float_array id="mixamorig_Hips-Matrix-animation-input-array" count="69">

0.000000 0.033333 0.066667 0.100000 0.133333 0.166667 0.200000 0.233333 0.266667 0.300000 0.333333 0.366667 0.400000 0.433333 0.466667 0.500000
0.533333 0.566667 0.600000 0.633333 0.666667 0.700000 0.733333 0.766667 0.800000 0.833333 0.866667 0.900000 0.933333 0.966667 1.000000 1.033333
1.066667 1.100000 1.133333 1.166667 1.200000 1.233333 1.266667 1.300000 1.333333 1.366667 1.400000 1.433333 1.466667 1.500000 1.533333 1.566667
1.600000 1.633333 1.666667 1.700000 1.733333 1.766667 1.800000 1.833333 1.866667 1.900000 1.933333 1.966667 2.000000 2.033333 2.066667 2.100000
2.133333 2.166667 2.200000 2.233333 2.266667</float_array><technique_common><accessor source="#mixamorig_Hips-Matrix-animation-input-array" count="69"><param name="TIME" type="float"/></accessor></technique_common></source><source id="mixamorig_Hips-Matrix-animation-output-transform"><float_array id="mixamorig_Hips-Matrix-animation-output-transform-array" count="1104">

0.467652 -0.083776 -0.879934 0.764283 0.030174 0.996431 -0.078830 87.701164 0.883398 0.010314 0.468511 -0.483739 0.000000 0.000000 0.000000 1.000000
0.161790 0.019928 -0.986624 -1.107462 0.066536 0.997301 0.031054 87.476379 0.984580 -0.070671 0.160028 -1.537357 0.000000 0.000000 0.000000 1.000000
-0.196182 0.144569 -0.969852 -4.544147 0.102186 0.986701 0.126410 88.054108 0.975229 -0.074306 -0.208346 -3.549516 0.000000 0.000000 0.000000 1.000000
-0.494056 0.230938 -0.838198 -8.330726 0.120943 0.972960 0.196781 89.307968 0.860977 -0.004154 -0.508626 -6.505574 0.000000 0.000000 0.000000 1.000000
-0.673786 0.245437 -0.696974 -10.686667 0.108294 0.965840 0.235426 89.972557 0.730948 0.083149 -0.677349 -8.945241 0.000000 0.000000 0.000000 1.000000
-0.771114 0.212541 -0.600174 -11.620476 0.086095 0.968787 0.232464 91.365929 0.630849 0.127584 -0.765344 -11.267694 0.000000 0.000000 0.000000 1.000000
-0.830690 0.177519 -0.527675 -11.826432 0.077917 0.975544 0.205530 93.002441 0.551255 0.129617 -0.824207 -12.997208 0.000000 0.000000 0.000000 1.000000
-0.868191 0.164489 -0.468176 -11.565671 0.084780 0.978760 0.186660 93.937286 0.488935 0.122364 -0.863695 -14.035564 0.000000 0.000000 0.000000 1.000000
-0.891448 0.184203 -0.413993 -10.659369 0.118385 0.976589 0.179608 94.838692 0.437386 0.111101 -0.892385 -15.041936 0.000000 0.000000 0.000000 1.000000
-0.911559 0.213742 -0.351246 -9.549813 0.160658 0.971508 0.174245 95.458740 0.378482 0.102404 -0.919926 -15.891764 0.000000 0.000000 0.000000 1.000000
-0.935959 0.237483 -0.259968 -8.473221 0.198308 0.965612 0.168130 95.542465 0.290956 0.105809 -0.950867 -16.505203 0.000000 0.000000 0.000000 1.000000
-0.954483 0.257872 -0.149879 -7.300791 0.233520 0.958703 0.162348 95.489357 0.185554 0.119959 -0.975284 -17.000689 0.000000 0.000000 0.000000 1.000000
-0.960575 0.275898 -0.034296 -6.007846 0.267573 0.950915 0.155450 95.451180 0.075501 0.140144 -0.987248 -17.413034 0.000000 0.000000 0.000000 1.000000
-0.953772 0.288845 0.082989 -4.673846 0.298340 0.943286 0.145617 95.341209 -0.036222 0.163645 -0.985854 -17.752258 0.000000 0.000000 0.000000 1.000000
-0.934073 0.294440 0.202022 -3.323354 0.323711 0.937042 0.131010 95.116150 -0.150729 0.187769 -0.970579 -18.062035 0.000000 0.000000 0.000000 1.000000
-0.900604 0.292482 0.321507 -1.953845 0.343102 0.932503 0.112779 94.789604 -0.266821 0.211879 -0.940167 -18.362928 0.000000 0.000000 0.000000 1.000000
-0.854713 0.281040 0.436442 -0.349529 0.353687 0.930695 0.093342 94.349350 -0.379962 0.234144 -0.894877 -18.628475 0.000000 0.000000 0.000000 1.000000
-0.801411 0.263174 0.537104 1.584308 0.355959 0.931512 0.074696 93.734306 -0.480660 0.251049 -0.840202 -18.853638 0.000000 0.000000 0.000000 1.000000
-0.746842 0.247070 0.617401 3.724278 0.355953 0.932745 0.057317 92.974640 -0.561716 0.262572 -0.784558 -19.035030 0.000000 0.000000 0.000000 1.000000
-0.696361 0.234845 0.678180 6.045549 0.356543 0.933293 0.042915 92.058258 -0.622863 0.271685 -0.733641 -19.144495 0.000000 0.000000 0.000000 1.000000
-0.655518 0.227806 0.720001 8.581608 0.360863 0.932011 0.033659 90.957207 -0.663381 0.281886 -0.693156 -19.123514 0.000000 0.000000 0.000000 1.000000
-0.624178 0.225242 0.748110 11.335611 0.370523 0.928350 0.029633 89.640572 -0.687833 0.295688 -0.662913 -18.957945 0.000000 0.000000 0.000000 1.000000
-0.597304 0.226540 0.769355 14.448464 0.387274 0.921498 0.029328 87.972221 -0.702316 0.315468 -0.638148 -18.618816 0.000000 0.000000 0.000000 1.000000
-0.570466 0.231184 0.788114 18.002144 0.410302 0.911469 0.029623 85.870560 -0.711493 0.340263 -0.614817 -18.127686 0.000000 0.000000 0.000000 1.000000
-0.542993 0.239524 0.804852 21.960493 0.437012 0.899042 0.027275 83.386307 -0.717063 0.366540 -0.592848 -17.510105 0.000000 0.000000 0.000000 1.000000
-0.518113 0.254597 0.816541 26.386683 0.465619 0.884769 0.019575 80.394119 -0.717466 0.390339 -0.576955 -16.748869 0.000000 0.000000 0.000000 1.000000
-0.503667 0.285739 0.815275 31.328484 0.501587 0.865082 0.006679 76.157974 -0.703371 0.412295 -0.579036 -15.782528 0.000000 0.000000 0.000000 1.000000
-0.499931 0.333710 0.799192 36.274132 0.543944 0.839061 -0.010096 70.348763 -0.673939 0.429668 -0.600992 -14.660905 0.000000 0.000000 0.000000 1.000000
-0.503233 0.393726 0.769244 41.143066 0.582308 0.812224 -0.034784 63.160454 -0.638494 0.430433 -0.638007 -13.305984 0.000000 0.000000 0.000000 1.000000
-0.508921 0.468291 0.722290 45.162086 0.622616 0.779671 -0.066802 53.724201 -0.594431 0.415712 -0.688357 -12.031212 0.000000 0.000000 0.000000 1.000000
-0.510433 0.554974 0.656857 48.174335 0.680359 0.727791 -0.086209 43.113506 -0.525898 0.402895 -0.749071 -10.739094 0.000000 0.000000 0.000000 1.000000
-0.495375 0.654155 0.571563 51.003147 0.757895 0.646996 -0.083618 33.191505 -0.424498 0.391762 -0.816286 -8.646051 0.000000 0.000000 0.000000 1.000000
-0.444575 0.763157 0.468982 55.069508 0.848676 0.526351 -0.052002 25.771999 -0.286535 0.374894 -0.881676 -5.164611 0.000000 0.000000 0.000000 1.000000
-0.355589 0.857672 0.371424 60.876972 0.922723 0.385409 -0.006581 20.359802 -0.148794 0.340381 -0.928440 -1.345275 0.000000 0.000000 0.000000 1.000000
-0.220621 0.927835 0.300748 67.794136 0.973691 0.227542 0.012286 17.343449 -0.057033 0.295546 -0.953624 2.199617 0.000000 0.000000 0.000000 1.000000
-0.047125 0.967523 0.248352 73.746674 0.998443 0.053054 -0.017231 16.426758 -0.029847 0.247153 -0.968517 4.652630 0.000000 0.000000 0.000000 1.000000
0.172968 0.969169 0.175483 79.526688 0.983259 -0.159546 -0.088019 16.661446 -0.057307 0.187769 -0.980540 6.273209 0.000000 0.000000 0.000000 1.000000
0.328081 0.941393 0.078369 84.320053 0.932818 -0.309766 -0.184106 17.840313 -0.149040 0.133506 -0.979777 6.732055 0.000000 0.000000 0.000000 1.000000
0.359132 0.932774 -0.030927 87.745819 0.891380 -0.352637 -0.284761 19.096815 -0.276523 0.074699 -0.958100 6.826158 0.000000 0.000000 0.000000 1.000000
0.322830 0.937809 -0.127652 89.908958 0.860529 -0.346991 -0.372944 20.037460 -0.394044 0.010550 -0.919031 7.041237 0.000000 0.000000 0.000000 1.000000
0.281231 0.941855 -0.183900 91.318787 0.843811 -0.333972 -0.420054 19.753710 -0.457047 -0.037045 -0.888671 7.270861 0.000000 0.000000 0.000000 1.000000
0.246612 0.947139 -0.205208 91.794807 0.839371 -0.314591 -0.443270 19.064772 -0.484395 -0.062930 -0.872583 7.252245 0.000000 0.000000 0.000000 1.000000
0.199657 0.958266 -0.204604 91.520737 0.833363 -0.275895 -0.478946 18.632786 -0.515407 -0.074885 -0.853668 6.903462 0.000000 0.000000 0.000000 1.000000
0.143215 0.971539 -0.188684 90.645088 0.817142 -0.223637 -0.531286 18.425756 -0.558362 -0.078093 -0.825913 6.308456 0.000000 0.000000 0.000000 1.000000
0.083104 0.982936 -0.164103 89.528275 0.786851 -0.165772 -0.594462 18.258938 -0.611522 -0.079722 -0.787201 5.585644 0.000000 0.000000 0.000000 1.000000
0.014276 0.991491 -0.129389 88.216728 0.735291 -0.098102 -0.670614 18.089142 -0.677601 -0.085565 -0.730435 4.642952 0.000000 0.000000 0.000000 1.000000
-0.051081 0.995130 -0.084299 87.245964 0.657340 -0.030045 -0.752995 17.812788 -0.751861 -0.093877 -0.652604 3.480387 0.000000 0.000000 0.000000 1.000000
-0.104032 0.993917 -0.036139 86.519463 0.561922 0.028756 -0.826690 17.445805 -0.820623 -0.106309 -0.561495 2.153509 0.000000 0.000000 0.000000 1.000000
-0.134837 0.990856 0.004880 85.991539 0.451979 0.065888 -0.889592 16.939125 -0.881779 -0.117744 -0.456730 0.619258 0.000000 0.000000 0.000000 1.000000
-0.137116 0.990176 0.027380 85.774269 0.334165 0.072260 -0.939741 16.391422 -0.932488 -0.119704 -0.340790 -1.051602 0.000000 0.000000 0.000000 1.000000
-0.121942 0.992160 0.027366 85.740273 0.215214 0.053347 -0.975109 15.876198 -0.968924 -0.113017 -0.220032 -2.815926 0.000000 0.000000 0.000000 1.000000
-0.109189 0.993806 0.020657 85.653450 0.100553 0.031718 -0.994426 15.423671 -0.988922 -0.106503 -0.103393 -4.546642 0.000000 0.000000 0.000000 1.000000
-0.104615 0.994377 0.016462 85.440018 -0.000388 0.016512 -0.999864 15.091381 -0.994513 -0.104607 -0.001341 -6.121119 0.000000 0.000000 0.000000 1.000000
-0.106695 0.994094 0.019807 85.187256 -0.081656 0.011093 -0.996599 14.866905 -0.990933 -0.107950 0.079990 -7.440888 0.000000 0.000000 0.000000 1.000000
-0.107192 0.993861 0.027378 85.035042 -0.142092 0.011941 -0.989781 14.724655 -0.984032 -0.109986 0.139940 -8.433727 0.000000 0.000000 0.000000 1.000000
-0.100052 0.994430 0.033131 84.920883 -0.180486 0.014607 -0.983469 14.634460 -0.978476 -0.104378 0.178020 -9.007751 0.000000 0.000000 0.000000 1.000000
-0.090853 0.995165 0.037316 84.811630 -0.207397 0.017741 -0.978096 14.559553 -0.974029 -0.096602 0.204783 -9.393847 0.000000 0.000000 0.000000 1.000000
-0.084253 0.995680 0.039030 84.700493 -0.215845 0.020003 -0.976223 14.485701 -0.972786 -0.090674 0.213227 -9.512634 0.000000 0.000000 0.000000 1.000000
-0.082763 0.995879 0.037088 84.571739 -0.197877 0.020052 -0.980022 14.405403 -0.976727 -0.088449 0.195402 -9.252058 0.000000 0.000000 0.000000 1.000000
-0.084397 0.995904 0.032445 84.432289 -0.157916 0.018782 -0.987274 14.323320 -0.983839 -0.088447 0.155684 -8.671608 0.000000 0.000000 0.000000 1.000000
-0.087275 0.995782 0.028309 84.326294 -0.111204 0.018501 -0.993625 14.242404 -0.989958 -0.089867 0.109120 -8.015023 0.000000 0.000000 0.000000 1.000000
-0.091806 0.995469 0.024760 84.312843 -0.056348 0.019632 -0.998218 14.165469 -0.994181 -0.093037 0.054290 -7.267926 0.000000 0.000000 0.000000 1.000000
-0.094721 0.995404 0.014069 84.355194 0.000368 0.014168 -0.999900 14.072726 -0.995504 -0.094706 -0.001709 -6.509334 0.000000 0.000000 0.000000 1.000000
-0.096402 0.995342 0.001082 84.425034 0.054011 0.006316 -0.998520 13.955628 -0.993876 -0.096201 -0.054369 -5.804072 0.000000 0.000000 0.000000 1.000000
-0.098820 0.995091 -0.005263 84.491730 0.100186 0.004687 -0.994958 13.849086 -0.990049 -0.098849 -0.100157 -5.190753 0.000000 0.000000 0.000000 1.000000
-0.101760 0.994801 -0.004069 84.534470 0.135783 0.009837 -0.990690 13.783793 -0.985499 -0.101366 -0.136079 -4.707330 0.000000 0.000000 0.000000 1.000000
-0.104621 0.994511 -0.001243 84.557373 0.162314 0.015842 -0.986612 13.753284 -0.981177 -0.103422 -0.163080 -4.350324 0.000000 0.000000 0.000000 1.000000
-0.107255 0.994231 0.000540 84.580032 0.179878 0.019939 -0.983487 13.747486 -0.977824 -0.105387 -0.180979 -4.126651 0.000000 0.000000 0.000000 1.000000
-0.109023 0.994039 0.001060 84.593086 0.188145 0.021683 -0.981902 13.758029 -0.976071 -0.106851 -0.189388 -4.032717 0.000000 0.000000 0.000000 1.000000</float_array><technique_common><accessor source="#mixamorig_Hips-Matrix-animation-output-transform-array" count="69" stride="16"><param type="float4x4"/></accessor></technique_common></source><source id="mixamorig_Hips-Interpolations"><Name_array id="mixamorig_Hips-Interpolations-array" count="69">
 LINEAR LINEAR LINEAR LINEAR LINEAR LINEAR LINEAR LINEAR LINEAR LINEAR LINEAR
LINEAR LINEAR LINEAR LINEAR LINEAR LINEAR LINEAR LINEAR LINEAR LINEAR LINEAR LINEAR
LINEAR LINEAR LINEAR LINEAR LINEAR LINEAR LINEAR LINEAR LINEAR LINEAR LINEAR LINEAR
LINEAR LINEAR LINEAR LINEAR LINEAR LINEAR LINEAR LINEAR LINEAR LINEAR LINEAR LINEAR
LINEAR LINEAR LINEAR LINEAR LINEAR LINEAR LINEAR LINEAR LINEAR LINEAR LINEAR LINEAR
LINEAR LINEAR LINEAR LINEAR LINEAR LINEAR LINEAR LINEAR LINEAR LINEAR</Name_array><technique_common><accessor source="#mixamorig_Hips-Interpolations-array" count="69"><param type="name"/></accessor></technique_common></source><sampler id="mixamorig_Hips-Matrix-animation-transform"><input semantic="INPUT" source="#mixamorig_Hips-Matrix-animation-input"/><input semantic="OUTPUT" source="#mixamorig_Hips-Matrix-animation-output-transform"/><input semantic="INTERPOLATION" source="#mixamorig_Hips-Interpolations"/></sampler><channel source="#mixamorig_Hips-Matrix-animation-transform" target="mixamorig_Hips/matrix"/></animation>
    <animation id="mixamorig_Spine-anim" name="mixamorig_Spine"><source id="mixamorig_Spine-Matrix-animation-input"><float_array id="mixamorig_Spine-Matrix-animation-input-array" count="69">

0.000000 0.033333 0.066667 0.100000 0.133333 0.166667 0.200000 0.233333 0.266667 0.300000 0.333333 0.366667 0.400000 0.433333 0.466667 0.500000
0.533333 0.566667 0.600000 0.633333 0.666667 0.700000 0.733333 0.766667 0.800000 0.833333 0.866667 0.900000 0.933333 0.966667 1.000000 1.033333
1.066667 1.100000 1.133333 1.166667 1.200000 1.233333 1.266667 1.300000 1.333333 1.366667 1.400000 1.433333 1.466667 1.500000 1.533333 1.566667
1.600000 1.633333 1.666667 1.700000 1.733333 1.766667 1.800000 1.833333 1.866667 1.900000 1.933333 1.966667 2.000000 2.033333 2.066667 2.100000
2.133333 2.166667 2.200000 2.233333 2.266667</float_array><technique_common><accessor source="#mixamorig_Spine-Matrix-animation-input-array" count="69"><param name="TIME" type="float"/></accessor></technique_common></source><source id="mixamorig_Spine-Matrix-animation-output-transform"><float_array id="mixamorig_Spine-Matrix-animation-output-transform-array" count="1104">

0.997178 0.074876 -0.005395 0.012400 -0.073703 0.962822 -0.259889 10.445200 -0.014265 0.259554 0.965623 -0.996300 0.000000 0.000000 0.000000 1.000000
0.994233 0.107220 -0.002047 0.012400 -0.103797 0.957342 -0.269670 10.445200 -0.026954 0.268327 0.962951 -0.996300 0.000000 0.000000 0.000000 1.000000
0.992864 0.117609 -0.019719 0.012400 -0.119053 0.968044 -0.220721 10.445200 -0.006870 0.221494 0.975138 -0.996300 0.000000 0.000000 0.000000 1.000000
0.992756 0.107775 -0.053105 0.012400 -0.114891 0.980870 -0.157147 10.445200 0.035153 0.162110 0.986146 -0.996300 0.000000 0.000000 0.000000 1.000000
0.992001 0.090303 -0.088202 0.012400 -0.102586 0.983884 -0.146454 10.445200 0.073556 0.154331 0.985277 -0.996300 0.000000 0.000000 0.000000 1.000000
0.993323 0.067897 -0.093274 0.012400 -0.084529 0.978549 -0.187872 10.445200 0.078517 0.194502 0.977755 -0.996300 0.000000 0.000000 0.000000 1.000000
0.997048 0.029694 -0.070800 0.012400 -0.045739 0.970402 -0.237125 10.445200 0.061663 0.239664 0.968896 -0.996300 0.000000 0.000000 0.000000 1.000000
0.998773 -0.012393 -0.047939 0.012400 -0.001445 0.960463 -0.278405 10.445200 0.049494 0.278132 0.959267 -0.996300 0.000000 0.000000 0.000000 1.000000
0.998759 -0.018494 -0.046238 0.012400 0.003652 0.953185 -0.302367 10.445200 0.049665 0.301823 0.952069 -0.996300 0.000000 0.000000 0.000000 1.000000
0.998263 -0.006159 -0.058592 0.012400 -0.011732 0.953826 -0.300132 10.445200 0.057735 0.300298 0.952097 -0.996300 0.000000 0.000000 0.000000 1.000000
0.997633 0.005268 -0.068564 0.012400 -0.025175 0.955820 -0.292873 10.445200 0.063992 0.293906 0.953690 -0.996300 0.000000 0.000000 0.000000 1.000000
0.997053 0.018743 -0.074386 0.012400 -0.039651 0.956024 -0.290595 10.445200 0.065668 0.292688 0.953950 -0.996300 0.000000 0.000000 0.000000 1.000000
0.996239 0.035411 -0.079086 0.012400 -0.056915 0.955613 -0.289074 10.445200 0.065340 0.292488 0.954034 -0.996300 0.000000 0.000000 0.000000 1.000000
0.995237 0.052081 -0.082401 0.012400 -0.073618 0.955657 -0.285133 10.445200 0.063897 0.289841 0.954939 -0.996300 0.000000 0.000000 0.000000 1.000000
0.994338 0.066051 -0.083239 0.012400 -0.086684 0.957273 -0.275887 10.445200 0.061459 0.281541 0.957579 -0.996300 0.000000 0.000000 0.000000 1.000000
0.993691 0.077033 -0.081515 0.012400 -0.096008 0.959951 -0.263204 10.445200 0.057975 0.269369 0.961290 -0.996300 0.000000 0.000000 0.000000 1.000000
0.993615 0.082425 -0.077046 0.012400 -0.099059 0.964198 -0.245986 10.445200 0.054012 0.252047 0.966206 -0.996300 0.000000 0.000000 0.000000 1.000000
0.994025 0.082361 -0.071636 0.012400 -0.096405 0.970211 -0.222253 10.445200 0.051197 0.227831 0.972354 -0.996300 0.000000 0.000000 0.000000 1.000000
0.994267 0.081975 -0.068654 0.012400 -0.093905 0.976498 -0.193991 10.445200 0.051138 0.199326 0.978598 -0.996300 0.000000 0.000000 0.000000 1.000000
0.994152 0.083023 -0.069051 0.012400 -0.093447 0.981886 -0.164829 10.445200 0.054116 0.170317 0.983902 -0.996300 0.000000 0.000000 0.000000 1.000000
0.993518 0.086921 -0.073260 0.012400 -0.096457 0.985629 -0.138675 10.445200 0.060154 0.144843 0.987624 -0.996300 0.000000 0.000000 0.000000 1.000000
0.992401 0.093726 -0.079721 0.012400 -0.102750 0.987700 -0.117863 10.445200 0.067693 0.125159 0.989825 -0.996300 0.000000 0.000000 0.000000 1.000000
0.990971 0.103387 -0.085368 0.012400 -0.112010 0.988322 -0.103308 10.445200 0.073690 0.111937 0.990979 -0.996300 0.000000 0.000000 0.000000 1.000000
0.989391 0.115320 -0.088358 0.012400 -0.123455 0.987991 -0.092916 10.445200 0.076582 0.102839 0.991746 -0.996300 0.000000 0.000000 0.000000 1.000000
0.987759 0.128509 -0.088419 0.012400 -0.135902 0.987206 -0.083399 10.445200 0.076570 0.094394 0.992586 -0.996300 0.000000 0.000000 0.000000 1.000000
0.986260 0.141140 -0.085847 0.012400 -0.147420 0.986464 -0.071807 10.445200 0.074550 0.083476 0.993717 -0.996300 0.000000 0.000000 0.000000 1.000000
0.984175 0.156953 -0.082246 0.012400 -0.162078 0.984963 -0.059822 10.445200 0.071620 0.072205 0.994815 -0.996300 0.000000 0.000000 0.000000 1.000000
0.980869 0.177586 -0.079749 0.012400 -0.182148 0.981784 -0.054067 10.445200 0.068695 0.067559 0.995348 -0.996300 0.000000 0.000000 0.000000 1.000000
0.978431 0.190486 -0.079930 0.012400 -0.195210 0.979155 -0.056106 10.445200 0.067577 0.070499 0.995220 -0.996300 0.000000 0.000000 0.000000 1.000000
0.979884 0.181044 -0.083968 0.012400 -0.187257 0.979583 -0.073156 10.445200 0.069009 0.087408 0.993779 -0.996300 0.000000 0.000000 0.000000 1.000000
0.983109 0.159055 -0.090541 0.012400 -0.167984 0.980558 -0.101430 10.445200 0.072647 0.114926 0.990714 -0.996300 0.000000 0.000000 0.000000 1.000000
0.984333 0.142697 -0.103563 0.012400 -0.156001 0.978573 -0.134384 10.445200 0.082168 0.148434 0.985503 -0.996300 0.000000 0.000000 0.000000 1.000000
0.981205 0.142315 -0.130323 0.012400 -0.163475 0.971876 -0.169505 10.445200 0.102535 0.187624 0.976875 -0.996300 0.000000 0.000000 0.000000 1.000000
0.975974 0.144486 -0.163090 0.012400 -0.176834 0.962555 -0.205469 10.445200 0.127296 0.229373 0.964979 -0.996300 0.000000 0.000000 0.000000 1.000000
0.971443 0.149149 -0.184537 0.012400 -0.191136 0.952732 -0.236152 10.445200 0.140592 0.264680 0.954033 -0.996300 0.000000 0.000000 0.000000 1.000000
0.967606 0.165997 -0.190221 0.012400 -0.211292 0.944838 -0.250274 10.445200 0.138183 0.282359 0.949304 -0.996300 0.000000 0.000000 0.000000 1.000000
0.963068 0.195516 -0.185132 0.012400 -0.238632 0.938243 -0.250508 10.445200 0.124720 0.285435 0.950248 -0.996300 0.000000 0.000000 0.000000 1.000000
0.961853 0.218923 -0.164050 0.012400 -0.253619 0.938390 -0.234738 10.445200 0.102553 0.267390 0.958116 -0.996300 0.000000 0.000000 0.000000 1.000000
0.962905 0.231377 -0.138844 0.012400 -0.256787 0.943811 -0.208041 10.445200 0.082907 0.235977 0.968216 -0.996300 0.000000 0.000000 0.000000 1.000000
0.964971 0.234425 -0.117796 0.012400 -0.253800 0.947847 -0.192799 10.445200 0.066455 0.215942 0.974142 -0.996300 0.000000 0.000000 0.000000 1.000000
0.962866 0.243262 -0.117104 0.012400 -0.262600 0.944586 -0.196976 10.445200 0.062698 0.220413 0.973390 -0.996300 0.000000 0.000000 0.000000 1.000000
0.961793 0.244055 -0.124067 0.012400 -0.265715 0.941292 -0.208243 10.445200 0.065960 0.233253 0.970176 -0.996300 0.000000 0.000000 0.000000 1.000000
0.966897 0.224194 -0.121847 0.012400 -0.246766 0.943084 -0.222933 10.445200 0.064932 0.245621 0.967189 -0.996300 0.000000 0.000000 0.000000 1.000000
0.975100 0.192285 -0.110482 0.012400 -0.213872 0.947116 -0.239229 10.445200 0.058639 0.256902 0.964657 -0.996300 0.000000 0.000000 0.000000 1.000000
0.982924 0.158055 -0.094234 0.012400 -0.177289 0.950583 -0.254875 10.445200 0.049293 0.267229 0.962371 -0.996300 0.000000 0.000000 0.000000 1.000000
0.990413 0.118313 -0.071297 0.012400 -0.133315 0.953842 -0.269097 10.445200 0.036169 0.276022 0.960470 -0.996300 0.000000 0.000000 0.000000 1.000000
0.995561 0.082123 -0.045990 0.012400 -0.091732 0.956000 -0.278656 10.445200 0.021082 0.281637 0.959289 -0.996300 0.000000 0.000000 0.000000 1.000000
0.998416 0.051839 -0.021849 0.012400 -0.055899 0.957835 -0.281828 10.445200 0.006318 0.282603 0.959216 -0.996300 0.000000 0.000000 0.000000 1.000000
0.999463 0.032730 -0.001442 0.012400 -0.031878 0.961390 -0.273338 10.445200 -0.007560 0.273238 0.961917 -0.996300 0.000000 0.000000 0.000000 1.000000
0.999459 0.030583 0.012100 0.012400 -0.026633 0.968443 -0.247807 10.445200 -0.019297 0.247351 0.968734 -0.996300 0.000000 0.000000 0.000000 1.000000
0.999141 0.035931 0.020644 0.012400 -0.030810 0.977260 -0.209795 10.445200 -0.027713 0.208979 0.977527 -0.996300 0.000000 0.000000 0.000000 1.000000
0.999057 0.032702 0.028553 0.012400 -0.027150 0.983862 -0.176858 10.445200 -0.033876 0.175916 0.983822 -0.996300 0.000000 0.000000 0.000000 1.000000
0.999221 0.015941 0.036108 0.012400 -0.010052 0.987428 -0.157751 10.445200 -0.038168 0.157266 0.986818 -0.996300 0.000000 0.000000 0.000000 1.000000
0.999028 -0.010110 0.042898 0.012400 0.016551 0.988158 -0.152544 10.445200 -0.040848 0.153106 0.987365 -0.996300 0.000000 0.000000 0.000000 1.000000
0.998345 -0.032102 0.047710 0.012400 0.039098 0.987327 -0.153806 10.445200 -0.042168 0.155417 0.986949 -0.996300 0.000000 0.000000 0.000000 1.000000
0.997999 -0.038907 0.049835 0.012400 0.046218 0.986810 -0.155146 10.445200 -0.043142 0.157139 0.986634 -0.996300 0.000000 0.000000 0.000000 1.000000
0.997906 -0.039980 0.050854 0.012400 0.047485 0.986592 -0.156149 10.445200 -0.043929 0.158236 0.986424 -0.996300 0.000000 0.000000 0.000000 1.000000
0.997975 -0.038386 0.050725 0.012400 0.045898 0.986632 -0.156365 10.445200 -0.044045 0.158377 0.986396 -0.996300 0.000000 0.000000 0.000000 1.000000
0.998195 -0.034464 0.049192 0.012400 0.041718 0.987029 -0.155027 10.445200 -0.043211 0.156799 0.986685 -0.996300 0.000000 0.000000 0.000000 1.000000
0.998550 -0.027446 0.046319 0.012400 0.034229 0.987683 -0.152676 10.445200 -0.041558 0.154040 0.987190 -0.996300 0.000000 0.000000 0.000000 1.000000
0.998885 -0.020073 0.042730 0.012400 0.026330 0.988134 -0.151321 10.445200 -0.039185 0.152278 0.987561 -0.996300 0.000000 0.000000 0.000000 1.000000
0.999226 -0.011503 0.037606 0.012400 0.016998 0.988654 -0.149243 10.445200 -0.035463 0.149767 0.988085 -0.996300 0.000000 0.000000 0.000000 1.000000
0.999509 -0.000724 0.031325 0.012400 0.005115 0.990091 -0.140334 10.445200 -0.030913 0.140425 0.989609 -0.996300 0.000000 0.000000 0.000000 1.000000
0.999650 0.008883 0.024923 0.012400 -0.005536 0.991330 -0.131279 10.445200 -0.025873 0.131095 0.991032 -0.996300 0.000000 0.000000 0.000000 1.000000
0.999690 0.015267 0.019689 0.012400 -0.012605 0.991583 -0.128855 10.445200 -0.021490 0.128567 0.991468 -0.996300 0.000000 0.000000 0.000000 1.000000
0.999681 0.019529 0.016021 0.012400 -0.017202 0.990789 -0.134319 10.445200 -0.018497 0.134001 0.990809 -0.996300 0.000000 0.000000 0.000000 1.000000
0.999655 0.022447 0.013616 0.012400 -0.020301 0.989764 -0.141261 10.445200 -0.016647 0.140936 0.989879 -0.996300 0.000000 0.000000 0.000000 1.000000
0.999642 0.023770 0.012308 0.012400 -0.021716 0.989000 -0.146314 10.445200 -0.015651 0.145995 0.989162 -0.996300 0.000000 0.000000 0.000000 1.000000
0.999646 0.023821 0.011888 0.012400 -0.021788 0.988619 -0.148858 10.445200 -0.015299 0.148546 0.988787 -0.996300 0.000000 0.000000 0.000000 1.000000</float_array><technique_common><accessor source="#mixamorig_Spine-Matrix-animation-output-transform-array" count="69" stride="16"><param type="float4x4"/></accessor></technique_common></source><source id="mixamorig_Spine-Interpolations"><Name_array id="mixamorig_Spine-Interpolations-array" count="69">
 LINEAR LINEAR LINEAR LINEAR LINEAR LINEAR LINEAR LINEAR LINEAR LINEAR LINEAR
LINEAR LINEAR LINEAR LINEAR LINEAR LINEAR LINEAR LINEAR LINEAR LINEAR LINEAR LINEAR
LINEAR LINEAR LINEAR LINEAR LINEAR LINEAR LINEAR LINEAR LINEAR LINEAR LINEAR LINEAR
LINEAR LINEAR LINEAR LINEAR LINEAR LINEAR LINEAR LINEAR LINEAR LINEAR LINEAR LINEAR
LINEAR LINEAR LINEAR LINEAR LINEAR LINEAR LINEAR LINEAR LINEAR LINEAR LINEAR LINEAR
LINEAR LINEAR LINEAR LINEAR LINEAR LINEAR LINEAR LINEAR LINEAR LINEAR</Name_array><technique_common><accessor source="#mixamorig_Spine-Interpolations-array" count="69"><param type="name"/></accessor></technique_common></source><sampler id="mixamorig_Spine-Matrix-animation-transform"><input semantic="INPUT" source="#mixamorig_Spine-Matrix-animation-input"/><input semantic="OUTPUT" source="#mixamorig_Spine-Matrix-animation-output-transform"/><input semantic="INTERPOLATION" source="#mixamorig_Spine-Interpolations"/></sampler><channel source="#mixamorig_Spine-Matrix-animation-transform" target="mixamorig_Spine/matrix"/></animation>
    <animation id="mixamorig_Spine1-anim" name="mixamorig_Spine1"><source id="mixamorig_Spine1-Matrix-animation-input"><float_array id="mixamorig_Spine1-Matrix-animation-input-array" count="69">

0.000000 0.033333 0.066667 0.100000 0.133333 0.166667 0.200000 0.233333 0.266667 0.300000 0.333333 0.366667 0.400000 0.433333 0.466667 0.500000
0.533333 0.566667 0.600000 0.633333 0.666667 0.700000 0.733333 0.766667 0.800000 0.833333 0.866667 0.900000 0.933333 0.966667 1.000000 1.033333
1.066667 1.100000 1.133333 1.166667 1.200000 1.233333 1.266667 1.300000 1.333333 1.366667 1.400000 1.433333 1.466667 1.500000 1.533333 1.566667
1.600000 1.633333 1.666667 1.700000 1.733333 1.766667 1.800000 1.833333 1.866667 1.900000 1.933333 1.966667 2.000000 2.033333 2.066667 2.100000
2.133333 2.166667 2.200000 2.233333 2.266667</float_array><technique_common><accessor source="#mixamorig_Spine1-Matrix-animation-input-array" count="69"><param name="TIME" type="float"/></accessor></technique_common></source><source id="mixamorig_Spine1-Matrix-animation-output-transform"><float_array id="mixamorig_Spine1-Matrix-animation-output-transform-array" count="1104">

0.998759 0.048816 0.009842 0.014600 -0.047557 0.993615 -0.102308 12.186100 -0.014774 0.101713 0.994704 -1.162300 0.000000 0.000000 0.000000 1.000000
0.997075 0.068605 0.033681 0.014600 -0.065623 0.994402 -0.082812 12.186100 -0.039174 0.080359 0.995996 -1.162300 0.000000 0.000000 0.000000 1.000000
0.996877 0.078580 0.007873 0.014600 -0.078226 0.996205 -0.038162 12.186100 -0.010842 0.037427 0.999241 -1.162300 0.000000 0.000000 0.000000 1.000000
0.996453 0.065017 -0.053420 0.014600 -0.064046 0.997753 0.019692 12.186100 0.054580 -0.016201 0.998378 -1.162300 0.000000 0.000000 0.000000 1.000000
0.993906 0.022790 -0.107850 0.014600 -0.015669 0.997669 0.066419 12.186100 0.109112 -0.064324 0.991946 -1.162300 0.000000 0.000000 0.000000 1.000000
0.991872 -0.026089 -0.124534 0.014600 0.037990 0.994832 0.094162 12.186100 0.121433 -0.098128 0.987737 -1.162300 0.000000 0.000000 0.000000 1.000000
0.992237 -0.053009 -0.112500 0.014600 0.065541 0.991680 0.110793 12.186100 0.105691 -0.117307 0.987456 -1.162300 0.000000 0.000000 0.000000 1.000000
0.993292 -0.056806 -0.100715 0.014600 0.068551 0.990730 0.117280 12.186100 0.093120 -0.123398 0.987979 -1.162300 0.000000 0.000000 0.000000 1.000000
0.993124 -0.050123 -0.105792 0.014600 0.061908 0.991865 0.111227 12.186100 0.099356 -0.117012 0.988148 -1.162300 0.000000 0.000000 0.000000 1.000000
0.991975 -0.040141 -0.119896 0.014600 0.051790 0.994064 0.095681 12.186100 0.115343 -0.101123 0.988165 -1.162300 0.000000 0.000000 0.000000 1.000000
0.991330 -0.029051 -0.128148 0.014600 0.039305 0.996160 0.078229 12.186100 0.125383 -0.082587 0.988665 -1.162300 0.000000 0.000000 0.000000 1.000000
0.991605 -0.017842 -0.128064 0.014600 0.026463 0.997473 0.065932 12.186100 0.126564 -0.068768 0.989572 -1.162300 0.000000 0.000000 0.000000 1.000000
0.992212 -0.006857 -0.124370 0.014600 0.014200 0.998201 0.058248 12.186100 0.123747 -0.059561 0.990525 -1.162300 0.000000 0.000000 0.000000 1.000000
0.992910 0.003227 -0.118825 0.014600 0.003116 0.998581 0.053156 12.186100 0.118828 -0.053149 0.991491 -1.162300 0.000000 0.000000 0.000000 1.000000
0.993659 0.011882 -0.111808 0.014600 -0.006555 0.998831 0.047898 12.186100 0.112247 -0.046862 0.992575 -1.162300 0.000000 0.000000 0.000000 1.000000
0.994484 0.019795 -0.102999 0.014600 -0.015581 0.999014 0.041565 12.186100 0.103720 -0.039731 0.993813 -1.162300 0.000000 0.000000 0.000000 1.000000
0.995298 0.026258 -0.093237 0.014600 -0.023129 0.999138 0.034475 12.186100 0.094062 -0.032156 0.995047 -1.162300 0.000000 0.000000 0.000000 1.000000
0.995832 0.031223 -0.085700 0.014600 -0.028922 0.999191 0.027955 12.186100 0.086503 -0.025360 0.995929 -1.162300 0.000000 0.000000 0.000000 1.000000
0.995880 0.036052 -0.083205 0.014600 -0.034182 0.999132 0.023789 12.186100 0.083990 -0.020847 0.996249 -1.162300 0.000000 0.000000 0.000000 1.000000
0.995444 0.041417 -0.085886 0.014600 -0.039605 0.998958 0.022691 12.186100 0.086736 -0.019186 0.996047 -1.162300 0.000000 0.000000 0.000000 1.000000
0.994498 0.047655 -0.093289 0.014600 -0.045519 0.998653 0.024886 12.186100 0.094349 -0.020502 0.995328 -1.162300 0.000000 0.000000 0.000000 1.000000
0.993230 0.054746 -0.102457 0.014600 -0.052005 0.998219 0.029245 12.186100 0.103875 -0.023719 0.994307 -1.162300 0.000000 0.000000 0.000000 1.000000
0.992149 0.062758 -0.108170 0.014600 -0.059412 0.997658 0.033891 12.186100 0.110044 -0.027199 0.993555 -1.162300 0.000000 0.000000 0.000000 1.000000
0.991582 0.071439 -0.107992 0.014600 -0.067696 0.996984 0.037943 12.186100 0.110377 -0.030313 0.993427 -1.162300 0.000000 0.000000 0.000000 1.000000
0.991464 0.080536 -0.102532 0.014600 -0.076642 0.996200 0.041376 12.186100 0.105475 -0.033164 0.993869 -1.162300 0.000000 0.000000 0.000000 1.000000
0.991470 0.091176 -0.093141 0.014600 -0.087324 0.995180 0.044631 12.186100 0.096761 -0.036117 0.994652 -1.162300 0.000000 0.000000 0.000000 1.000000
0.990911 0.104894 -0.084222 0.014600 -0.101134 0.993727 0.047744 12.186100 0.088701 -0.038792 0.995303 -1.162300 0.000000 0.000000 0.000000 1.000000
0.989769 0.117243 -0.081310 0.014600 -0.113526 0.992329 0.048939 12.186100 0.086424 -0.039208 0.995487 -1.162300 0.000000 0.000000 0.000000 1.000000
0.988532 0.125546 -0.083924 0.014600 -0.121720 0.991341 0.049278 12.186100 0.089384 -0.038497 0.995253 -1.162300 0.000000 0.000000 0.000000 1.000000
0.986961 0.129459 -0.095642 0.014600 -0.125321 0.990950 0.048102 12.186100 0.101004 -0.035489 0.994253 -1.162300 0.000000 0.000000 0.000000 1.000000
0.984103 0.135466 -0.114848 0.014600 -0.131043 0.990343 0.045260 12.186100 0.119870 -0.029490 0.992351 -1.162300 0.000000 0.000000 0.000000 1.000000
0.979498 0.145872 -0.138939 0.014600 -0.141518 0.989096 0.040774 12.186100 0.143372 -0.020276 0.989461 -1.162300 0.000000 0.000000 0.000000 1.000000
0.973143 0.158916 -0.166548 0.014600 -0.155729 0.987278 0.032105 12.186100 0.169531 -0.005306 0.985511 -1.162300 0.000000 0.000000 0.000000 1.000000
0.966876 0.167445 -0.192647 0.014600 -0.166798 0.985794 0.019691 12.186100 0.193208 0.013094 0.981070 -1.162300 0.000000 0.000000 0.000000 1.000000
0.964303 0.162032 -0.209442 0.014600 -0.164771 0.986322 0.004423 12.186100 0.207294 0.030245 0.977811 -1.162300 0.000000 0.000000 0.000000 1.000000
0.967724 0.140000 -0.209549 0.014600 -0.145207 0.989355 -0.009593 12.186100 0.205975 0.039711 0.977751 -1.162300 0.000000 0.000000 0.000000 1.000000
0.976052 0.099800 -0.193295 0.014600 -0.106312 0.994053 -0.023588 12.186100 0.189791 0.043572 0.980857 -1.162300 0.000000 0.000000 0.000000 1.000000
0.984391 0.050823 -0.168500 0.014600 -0.057403 0.997758 -0.034411 12.186100 0.166373 0.043546 0.985101 -1.162300 0.000000 0.000000 0.000000 1.000000
0.988587 0.007932 -0.150441 0.014600 -0.015311 0.998732 -0.047953 12.186100 0.149870 0.049709 0.987455 -1.162300 0.000000 0.000000 0.000000 1.000000
0.990409 -0.023284 -0.136194 0.014600 0.014997 0.997991 -0.061560 12.186100 0.137354 0.058927 0.988768 -1.162300 0.000000 0.000000 0.000000 1.000000
0.989290 -0.043400 -0.139359 0.014600 0.034774 0.997360 -0.063748 12.186100 0.141757 0.058219 0.988188 -1.162300 0.000000 0.000000 0.000000 1.000000
0.987128 -0.055390 -0.150037 0.014600 0.046926 0.997132 -0.059378 12.186100 0.152896 0.051573 0.986896 -1.162300 0.000000 0.000000 0.000000 1.000000
0.986432 -0.062716 -0.151716 0.014600 0.054740 0.996918 -0.056194 12.186100 0.154773 0.047127 0.986825 -1.162300 0.000000 0.000000 0.000000 1.000000
0.987584 -0.066961 -0.142105 0.014600 0.059519 0.996656 -0.055993 12.186100 0.145380 0.046839 0.988267 -1.162300 0.000000 0.000000 0.000000 1.000000
0.989560 -0.070301 -0.125815 0.014600 0.063432 0.996311 -0.057796 12.186100 0.129414 0.049212 0.990369 -1.162300 0.000000 0.000000 0.000000 1.000000
0.991960 -0.073642 -0.102917 0.014600 0.067537 0.995813 -0.061597 12.186100 0.107022 0.054151 0.992781 -1.162300 0.000000 0.000000 0.000000 1.000000
0.994206 -0.077243 -0.074748 0.014600 0.072227 0.995093 -0.067628 12.186100 0.079605 0.061838 0.994907 -1.162300 0.000000 0.000000 0.000000 1.000000
0.995633 -0.081287 -0.045904 0.014600 0.077678 0.994109 -0.075590 12.186100 0.051778 0.071695 0.996082 -1.162300 0.000000 0.000000 0.000000 1.000000
0.996151 -0.085831 -0.017789 0.014600 0.083994 0.992721 -0.086308 12.186100 0.025067 0.084482 0.996110 -1.162300 0.000000 0.000000 0.000000 1.000000
0.995880 -0.090357 0.007613 0.014600 0.090666 0.990968 -0.098798 12.186100 0.001383 0.099081 0.995078 -1.162300 0.000000 0.000000 0.000000 1.000000
0.995159 -0.094020 0.028612 0.014600 0.096633 0.989156 -0.110603 12.186100 -0.017903 0.112833 0.993453 -1.162300 0.000000 0.000000 0.000000 1.000000
0.994291 -0.096316 0.045922 0.014600 0.101215 0.987585 -0.120134 12.186100 -0.033781 0.124096 0.991695 -1.162300 0.000000 0.000000 0.000000 1.000000
0.993608 -0.096561 0.058466 0.014600 0.103343 0.986506 -0.126992 12.186100 -0.045414 0.132222 0.990179 -1.162300 0.000000 0.000000 0.000000 1.000000
0.993296 -0.094732 0.066255 0.014600 0.102821 0.985930 -0.131795 12.186100 -0.052838 0.137724 0.989060 -1.162300 0.000000 0.000000 0.000000 1.000000
0.993269 -0.091562 0.070939 0.014600 0.100529 0.985687 -0.135334 12.186100 -0.057532 0.141555 0.988257 -1.162300 0.000000 0.000000 0.000000 1.000000
0.993409 -0.087451 0.074095 0.014600 0.097043 0.985711 -0.137685 12.186100 -0.060995 0.143968 0.987701 -1.162300 0.000000 0.000000 0.000000 1.000000
0.993591 -0.083342 0.076366 0.014600 0.093407 0.985816 -0.139433 12.186100 -0.063663 0.145672 0.987282 -1.162300 0.000000 0.000000 0.000000 1.000000
0.993795 -0.080477 0.076773 0.014600 0.090673 0.985963 -0.140196 12.186100 -0.064413 0.146287 0.987143 -1.162300 0.000000 0.000000 0.000000 1.000000
0.994022 -0.079718 0.074597 0.014600 0.089552 0.986173 -0.139437 12.186100 -0.062450 0.145284 0.987417 -1.162300 0.000000 0.000000 0.000000 1.000000
0.994283 -0.080439 0.070226 0.014600 0.089516 0.986451 -0.137481 12.186100 -0.058215 0.142981 0.988012 -1.162300 0.000000 0.000000 0.000000 1.000000
0.994586 -0.081548 0.064407 0.014600 0.089679 0.986707 -0.135526 12.186100 -0.052499 0.140568 0.988678 -1.162300 0.000000 0.000000 0.000000 1.000000
0.994993 -0.082731 0.056069 0.014600 0.089604 0.986942 -0.133851 12.186100 -0.044264 0.138205 0.989414 -1.162300 0.000000 0.000000 0.000000 1.000000
0.995440 -0.083141 0.046753 0.014600 0.088670 0.987236 -0.132300 12.186100 -0.035157 0.135842 0.990107 -1.162300 0.000000 0.000000 0.000000 1.000000
0.995867 -0.082919 0.037055 0.014600 0.087116 0.987469 -0.131589 12.186100 -0.025680 0.134274 0.990611 -1.162300 0.000000 0.000000 0.000000 1.000000
0.996184 -0.082506 0.028452 0.014600 0.085553 0.987610 -0.131560 12.186100 -0.017245 0.133492 0.990900 -1.162300 0.000000 0.000000 0.000000 1.000000
0.996378 -0.082197 0.021795 0.014600 0.084357 0.987751 -0.131268 12.186100 -0.010738 0.132631 0.991107 -1.162300 0.000000 0.000000 0.000000 1.000000
0.996470 -0.082216 0.016978 0.014600 0.083732 0.987923 -0.130375 12.186100 -0.006054 0.131337 0.991319 -1.162300 0.000000 0.000000 0.000000 1.000000
0.996496 -0.082479 0.013923 0.014600 0.083588 0.988089 -0.129205 12.186100 -0.003101 0.129916 0.991520 -1.162300 0.000000 0.000000 0.000000 1.000000
0.996492 -0.082731 0.012635 0.014600 0.083669 0.988226 -0.128098 12.186100 -0.001889 0.128706 0.991681 -1.162300 0.000000 0.000000 0.000000 1.000000</float_array><technique_common><accessor source="#mixamorig_Spine1-Matrix-animation-output-transform-array" count="69" stride="16"><param type="float4x4"/></accessor></technique_common></source><source id="mixamorig_Spine1-Interpolations"><Name_array id="mixamorig_Spine1-Interpolations-array" count="69">
 LINEAR LINEAR LINEAR LINEAR LINEAR LINEAR LINEAR LINEAR LINEAR LINEAR LINEAR
LINEAR LINEAR LINEAR LINEAR LINEAR LINEAR LINEAR LINEAR LINEAR LINEAR LINEAR LINEAR
LINEAR LINEAR LINEAR LINEAR LINEAR LINEAR LINEAR LINEAR LINEAR LINEAR LINEAR LINEAR
LINEAR LINEAR LINEAR LINEAR LINEAR LINEAR LINEAR LINEAR LINEAR LINEAR LINEAR LINEAR
LINEAR LINEAR LINEAR LINEAR LINEAR LINEAR LINEAR LINEAR LINEAR LINEAR LINEAR LINEAR
LINEAR LINEAR LINEAR LINEAR LINEAR LINEAR LINEAR LINEAR LINEAR LINEAR</Name_array><technique_common><accessor source="#mixamorig_Spine1-Interpolations-array" count="69"><param type="name"/></accessor></technique_common></source><sampler id="mixamorig_Spine1-Matrix-animation-transform"><input semantic="INPUT" source="#mixamorig_Spine1-Matrix-animation-input"/><input semantic="OUTPUT" source="#mixamorig_Spine1-Matrix-animation-output-transform"/><input semantic="INTERPOLATION" source="#mixamorig_Spine1-Interpolations"/></sampler><channel source="#mixamorig_Spine1-Matrix-animation-transform" target="mixamorig_Spine1/matrix"/></animation>
    <animation id="mixamorig_Spine2-anim" name="mixamorig_Spine2"><source id="mixamorig_Spine2-Matrix-animation-input"><float_array id="mixamorig_Spine2-Matrix-animation-input-array" count="69">

0.000000 0.033333 0.066667 0.100000 0.133333 0.166667 0.200000 0.233333 0.266667 0.300000 0.333333 0.366667 0.400000 0.433333 0.466667 0.500000
0.533333 0.566667 0.600000 0.633333 0.666667 0.700000 0.733333 0.766667 0.800000 0.833333 0.866667 0.900000 0.933333 0.966667 1.000000 1.033333
1.066667 1.100000 1.133333 1.166667 1.200000 1.233333 1.266667 1.300000 1.333333 1.366667 1.400000 1.433333 1.466667 1.500000 1.533333 1.566667
1.600000 1.633333 1.666667 1.700000 1.733333 1.766667 1.800000 1.833333 1.866667 1.900000 1.933333 1.966667 2.000000 2.033333 2.066667 2.100000
