<?xml version="1.0" encoding="utf-8"?>
<COLLADA xmlns="http://www.collada.org/2005/11/COLLADASchema" version="1.4.1">
  <asset><contributor><author>Mixamo</author><authoring_tool>COLLADA Mixamo exporter</authoring_tool><comments></comments></contributor><created>2018-04-27T01:44:22Z</created><modified>2018-04-27T01:44:22Z</modified><revision></revision><title></title><unit meter="0.010000"/><up_axis>Y_UP</up_axis></asset>
  <library_animations>
    <animation id="mixamorig_Hips-anim" name="mixamorig_Hips"><source id="mixamorig_Hips-Matrix-animation-input"><float_array id="mixamorig_Hips-Matrix-animation-input-array" count="31">

0.000000 0.033333 0.066667 0.100000 0.133333 0.166667 0.200000 0.233333 0.266667 0.300000 0.333333 0.366667 0.400000 0.433333 0.466667 0.500000
0.533333 0.566667 0.600000 0.633333 0.666667 0.700000 0.733333 0.766667 0.800000 0.833333 0.866667 0.900000 0.933333 0.966667 1.000000</float_array><technique_common><accessor source="#mixamorig_Hips-Matrix-animation-input-array" count="31"><param name="TIME" type="float"/></accessor></technique_common></source><source id="mixamorig_Hips-Matrix-animation-output-transform"><float_array id="mixamorig_Hips-Matrix-animation-output-transform-array" count="496">

0.763634 0.112530 -0.635767 0.060127 -0.091864 0.993613 0.065528 83.090561 0.639081 0.008365 0.769094 0.389653 0.000000 0.000000 0.000000 1.000000
0.745699 0.106263 -0.657755 0.016253 -0.089792 0.994222 0.058823 83.924774 0.660205 0.015197 0.750931 5.258529 0.000000 0.000000 0.000000 1.000000
0.725111 0.098186 -0.681596 -0.021599 -0.086467 0.994931 0.051336 84.512245 0.683182 0.021711 0.729925 10.373727 0.000000 0.000000 0.000000 1.000000
0.703345 0.088558 -0.705310 -0.042572 -0.081662 0.995707 0.043586 84.805946 0.706142 0.026941 0.707557 15.579792 0.000000 0.000000 0.000000 1.000000
0.682093 0.079221 -0.726962 -0.022701 -0.077284 0.996357 0.036064 84.849960 0.727170 0.031583 0.685730 20.779640 0.000000 0.000000 0.000000 1.000000
0.663186 0.071277 -0.745053 0.052138 -0.074232 0.996811 0.029287 84.700378 0.744765 0.035884 0.666362 26.286695 0.000000 0.000000 0.000000 1.000000
0.648600 0.065903 -0.758271 0.323516 -0.073530 0.997010 0.023757 84.276337 0.757569 0.040347 0.651507 32.083260 0.000000 0.000000 0.000000 1.000000
0.640466 0.063843 -0.765329 0.753566 -0.075510 0.996945 0.019973 83.697784 0.764266 0.044998 0.643330 38.229809 0.000000 0.000000 0.000000 1.000000
0.640499 0.063646 -0.765317 1.231066 -0.077349 0.996839 0.018167 82.790886 0.764054 0.047561 0.643397 45.063896 0.000000 0.000000 0.000000 1.000000
0.647054 0.065249 -0.759647 1.720731 -0.079840 0.996652 0.017601 81.706108 0.758252 0.049261 0.650098 51.936321 0.000000 0.000000 0.000000 1.000000
0.659043 0.066982 -0.749116 2.175871 -0.080710 0.996573 0.018102 80.444252 0.747762 0.048531 0.662191 58.298370 0.000000 0.000000 0.000000 1.000000
0.675771 0.067707 -0.733995 2.612789 -0.078634 0.996712 0.019545 79.891983 0.732905 0.044508 0.678873 64.292625 0.000000 0.000000 0.000000 1.000000
0.695863 0.065071 -0.715221 2.998038 -0.070756 0.997253 0.021889 80.568275 0.714680 0.035374 0.698556 69.732811 0.000000 0.000000 0.000000 1.000000
0.718463 0.062202 -0.692778 3.363784 -0.062334 0.997744 0.024938 81.300323 0.692766 0.025267 0.720719 74.653503 0.000000 0.000000 0.000000 1.000000
0.742238 0.061452 -0.667312 3.725960 -0.056950 0.997969 0.028558 82.486900 0.667712 0.016807 0.744230 79.646240 0.000000 0.000000 0.000000 1.000000
0.766031 0.062240 -0.639783 4.035018 -0.053833 0.998017 0.032635 83.457741 0.640546 0.009442 0.767862 84.504814 0.000000 0.000000 0.000000 1.000000
0.788796 0.064659 -0.611245 4.210796 -0.053105 0.997902 0.037029 84.239464 0.612357 0.003252 0.790575 89.239456 0.000000 0.000000 0.000000 1.000000
0.809819 0.067808 -0.582748 4.273003 -0.053614 0.997695 0.041586 84.709656 0.584225 -0.002433 0.811588 94.356049 0.000000 0.000000 0.000000 1.000000
0.828634 0.071401 -0.555219 4.293598 -0.055041 0.997418 0.046122 84.617111 0.557079 -0.007658 0.830424 99.522110 0.000000 0.000000 0.000000 1.000000
0.844806 0.075037 -0.529785 4.228166 -0.056916 0.997103 0.050466 83.823853 0.532037 -0.012481 0.846629 104.817085 0.000000 0.000000 0.000000 1.000000
0.857973 0.079763 -0.507465 4.006358 -0.060469 0.996685 0.054423 82.696701 0.510124 -0.016008 0.859952 110.281776 0.000000 0.000000 0.000000 1.000000
0.867726 0.084045 -0.489887 3.649251 -0.063825 0.996282 0.057869 81.502365 0.492929 -0.018947 0.869863 116.217102 0.000000 0.000000 0.000000 1.000000
0.873637 0.086522 -0.478825 3.190021 -0.065369 0.996013 0.060706 80.543358 0.482168 -0.021735 0.875809 123.250717 0.000000 0.000000 0.000000 1.000000
0.875213 0.086562 -0.475930 2.664443 -0.064336 0.995948 0.062833 79.932198 0.479441 -0.024373 0.877236 130.669647 0.000000 0.000000 0.000000 1.000000
0.871430 0.085604 -0.482992 2.166629 -0.062169 0.995988 0.064359 79.998894 0.486564 -0.026057 0.873256 138.405426 0.000000 0.000000 0.000000 1.000000
0.863518 0.089786 -0.496261 1.716417 -0.066029 0.995682 0.065249 79.406876 0.499977 -0.023576 0.865718 145.642120 0.000000 0.000000 0.000000 1.000000
0.849320 0.096597 -0.518965 1.325059 -0.072893 0.995158 0.065939 79.389282 0.522822 -0.018174 0.852248 152.080826 0.000000 0.000000 0.000000 1.000000
0.830037 0.102152 -0.548273 0.944420 -0.078500 0.994695 0.066486 80.074348 0.552156 -0.012146 0.833652 158.492081 0.000000 0.000000 0.000000 1.000000
0.807894 0.106287 -0.579663 0.545983 -0.082948 0.994318 0.066712 81.084747 0.583460 -0.005814 0.812121 165.758392 0.000000 0.000000 0.000000 1.000000
0.784881 0.110404 -0.609732 0.202511 -0.088189 0.993885 0.066440 82.130699 0.613339 0.001624 0.789818 173.455276 0.000000 0.000000 0.000000 1.000000
0.763634 0.112526 -0.635768 0.060100 -0.091859 0.993614 0.065529 83.089890 0.639081 0.008361 0.769094 181.065002 0.000000 0.000000 0.000000 1.000000</float_array><technique_common><accessor source="#mixamorig_Hips-Matrix-animation-output-transform-array" count="31" stride="16"><param type="float4x4"/></accessor></technique_common></source><source id="mixamorig_Hips-Interpolations"><Name_array id="mixamorig_Hips-Interpolations-array" count="31">
 LINEAR LINEAR LINEAR LINEAR LINEAR LINEAR LINEAR LINEAR LINEAR LINEAR LINEAR
LINEAR LINEAR LINEAR LINEAR LINEAR LINEAR LINEAR LINEAR LINEAR LINEAR LINEAR LINEAR
LINEAR LINEAR LINEAR LINEAR LINEAR LINEAR LINEAR LINEAR</Name_array><technique_common><accessor source="#mixamorig_Hips-Interpolations-array" count="31"><param type="name"/></accessor></technique_common></source><sampler id="mixamorig_Hips-Matrix-animation-transform"><input semantic="INPUT" source="#mixamorig_Hips-Matrix-animation-input"/><input semantic="OUTPUT" source="#mixamorig_Hips-Matrix-animation-output-transform"/><input semantic="INTERPOLATION" source="#mixamorig_Hips-Interpolations"/></sampler><channel source="#mixamorig_Hips-Matrix-animation-transform" target="mixamorig_Hips/matrix"/></animation>
    <animation id="mixamorig_Spine-anim" name="mixamorig_Spine"><source id="mixamorig_Spine-Matrix-animation-input"><float_array id="mixamorig_Spine-Matrix-animation-input-array" count="31">

0.000000 0.033333 0.066667 0.100000 0.133333 0.166667 0.200000 0.233333 0.266667 0.300000 0.333333 0.366667 0.400000 0.433333 0.466667 0.500000
0.533333 0.566667 0.600000 0.633333 0.666667 0.700000 0.733333 0.766667 0.800000 0.833333 0.866667 0.900000 0.933333 0.966667 1.000000</float_array><technique_common><accessor source="#mixamorig_Spine-Matrix-animation-input-array" count="31"><param name="TIME" type="float"/></accessor></technique_common></source><source id="mixamorig_Spine-Matrix-animation-output-transform"><float_array id="mixamorig_Spine-Matrix-animation-output-transform-array" count="496">

0.999734 0.022672 0.004254 0.012400 -0.021367 0.979646 -0.199594 10.445200 -0.008692 0.199450 0.979869 -0.996300 0.000000 0.000000 0.000000 1.000000
0.999398 0.027393 0.021270 0.012400 -0.022988 0.982445 -0.185130 10.445200 -0.025968 0.184529 0.982484 -0.996300 0.000000 0.000000 0.000000 1.000000
0.998691 0.032962 0.039116 0.012400 -0.025884 0.985214 -0.169362 10.445200 -0.044120 0.168128 0.984777 -0.996300 0.000000 0.000000 0.000000 1.000000
0.997541 0.040499 0.057196 0.012400 -0.031229 0.987490 -0.154559 10.445200 -0.062740 0.152393 0.986327 -0.996300 0.000000 0.000000 0.000000 1.000000
0.996112 0.046630 0.074743 0.012400 -0.035616 0.989160 -0.142459 10.445200 -0.080575 0.139243 0.986975 -0.996300 0.000000 0.000000 0.000000 1.000000
0.994614 0.050549 0.090491 0.012400 -0.038248 0.990398 -0.132852 10.445200 -0.096337 0.128675 0.986996 -0.996300 0.000000 0.000000 0.000000 1.000000
0.993503 0.047955 0.103205 0.012400 -0.034535 0.991160 -0.128097 10.445200 -0.108435 0.123701 0.986377 -0.996300 0.000000 0.000000 0.000000 1.000000
0.993046 0.037635 0.111551 0.012400 -0.023238 0.991546 -0.127658 10.445200 -0.115412 0.124178 0.985525 -0.996300 0.000000 0.000000 0.000000 1.000000
0.993192 0.024479 0.113890 0.012400 -0.009391 0.991315 -0.131171 10.445200 -0.116112 0.129208 0.984796 -0.996300 0.000000 0.000000 0.000000 1.000000
0.993665 0.011659 0.111776 0.012400 0.004013 0.990289 -0.138963 10.445200 -0.112310 0.138531 0.983969 -0.996300 0.000000 0.000000 0.000000 1.000000
0.994323 0.000350 0.106404 0.012400 0.015757 0.988484 -0.150503 10.445200 -0.105231 0.151325 0.982867 -0.996300 0.000000 0.000000 0.000000 1.000000
0.995222 -0.007189 0.097376 0.012400 0.023348 0.985876 -0.165843 10.445200 -0.094808 0.167324 0.981333 -0.996300 0.000000 0.000000 0.000000 1.000000
0.996214 -0.006240 0.086705 0.012400 0.022556 0.981813 -0.188504 10.445200 -0.083952 0.189747 0.978237 -0.996300 0.000000 0.000000 0.000000 1.000000
0.997322 -0.004700 0.072991 0.012400 0.020394 0.976224 -0.215802 10.445200 -0.070241 0.216712 0.973705 -0.996300 0.000000 0.000000 0.000000 1.000000
0.998276 -0.008314 0.058103 0.012400 0.022377 0.969062 -0.245801 10.445200 -0.054262 0.246678 0.967577 -0.996300 0.000000 0.000000 0.000000 1.000000
0.998971 -0.016168 0.042372 0.012400 0.027210 0.961129 -0.274757 10.445200 -0.036283 0.275627 0.960580 -0.996300 0.000000 0.000000 0.000000 1.000000
0.999329 -0.024556 0.027191 0.012400 0.031626 0.952848 -0.301795 10.445200 -0.018498 0.302453 0.952985 -0.996300 0.000000 0.000000 0.000000 1.000000
0.999332 -0.034221 0.012862 0.012400 0.036545 0.944648 -0.326043 10.445200 -0.000993 0.326295 0.945268 -0.996300 0.000000 0.000000 0.000000 1.000000
0.998840 -0.048144 -0.000629 0.012400 0.044977 0.937639 -0.344687 10.445200 0.017184 0.344259 0.938717 -0.996300 0.000000 0.000000 0.000000 1.000000
0.997956 -0.062490 -0.013339 0.012400 0.053625 0.932576 -0.356967 10.445200 0.034746 0.355523 0.934022 -0.996300 0.000000 0.000000 0.000000 1.000000
0.997041 -0.072696 -0.025006 0.012400 0.058846 0.931004 -0.360234 10.445200 0.049468 0.357696 0.932527 -0.996300 0.000000 0.000000 0.000000 1.000000
0.996333 -0.077998 -0.035164 0.012400 0.060469 0.932702 -0.355543 10.445200 0.060529 0.352113 0.933998 -0.996300 0.000000 0.000000 0.000000 1.000000
0.996103 -0.077290 -0.042490 0.012400 0.058028 0.937093 -0.344223 10.445200 0.066422 0.340416 0.937926 -0.996300 0.000000 0.000000 0.000000 1.000000
0.996386 -0.071251 -0.046250 0.012400 0.052241 0.943308 -0.327781 10.445200 0.066983 0.324180 0.943621 -0.996300 0.000000 0.000000 0.000000 1.000000
0.997479 -0.054701 -0.045210 0.012400 0.037754 0.948467 -0.314619 10.445200 0.060090 0.312119 0.948141 -0.996300 0.000000 0.000000 0.000000 1.000000
0.998230 -0.040187 -0.043828 0.012400 0.025209 0.953552 -0.300170 10.445200 0.053856 0.298534 0.952878 -0.996300 0.000000 0.000000 0.000000 1.000000
0.998993 -0.025025 -0.037241 0.012400 0.013476 0.959043 -0.282938 10.445200 0.042796 0.282152 0.958415 -0.996300 0.000000 0.000000 0.000000 1.000000
0.999605 -0.007957 -0.026969 0.012400 0.000590 0.964848 -0.262810 10.445200 0.028112 0.262690 0.964471 -0.996300 0.000000 0.000000 0.000000 1.000000
0.999844 0.008599 -0.015452 0.012400 -0.012062 0.970608 -0.240365 10.445200 0.012931 0.240514 0.970559 -0.996300 0.000000 0.000000 0.000000 1.000000
0.999792 0.019927 -0.004423 0.012400 -0.020412 0.975817 -0.217635 10.445200 -0.000021 0.217680 0.976020 -0.996300 0.000000 0.000000 0.000000 1.000000
0.999751 0.021975 0.003943 0.012400 -0.020731 0.979275 -0.201471 10.445200 -0.008289 0.201339 0.979486 -0.996300 0.000000 0.000000 0.000000 1.000000</float_array><technique_common><accessor source="#mixamorig_Spine-Matrix-animation-output-transform-array" count="31" stride="16"><param type="float4x4"/></accessor></technique_common></source><source id="mixamorig_Spine-Interpolations"><Name_array id="mixamorig_Spine-Interpolations-array" count="31">
 LINEAR LINEAR LINEAR LINEAR LINEAR LINEAR LINEAR LINEAR LINEAR LINEAR LINEAR
LINEAR LINEAR LINEAR LINEAR LINEAR LINEAR LINEAR LINEAR LINEAR LINEAR LINEAR LINEAR
LINEAR LINEAR LINEAR LINEAR LINEAR LINEAR LINEAR LINEAR</Name_array><technique_common><accessor source="#mixamorig_Spine-Interpolations-array" count="31"><param type="name"/></accessor></technique_common></source><sampler id="mixamorig_Spine-Matrix-animation-transform"><input semantic="INPUT" source="#mixamorig_Spine-Matrix-animation-input"/><input semantic="OUTPUT" source="#mixamorig_Spine-Matrix-animation-output-transform"/><input semantic="INTERPOLATION" source="#mixamorig_Spine-Interpolations"/></sampler><channel source="#mixamorig_Spine-Matrix-animation-transform" target="mixamorig_Spine/matrix"/></animation>
    <animation id="mixamorig_Spine1-anim" name="mixamorig_Spine1"><source id="mixamorig_Spine1-Matrix-animation-input"><float_array id="mixamorig_Spine1-Matrix-animation-input-array" count="31">

0.000000 0.033333 0.066667 0.100000 0.133333 0.166667 0.200000 0.233333 0.266667 0.300000 0.333333 0.366667 0.400000 0.433333 0.466667 0.500000
0.533333 0.566667 0.600000 0.633333 0.666667 0.700000 0.733333 0.766667 0.800000 0.833333 0.866667 0.900000 0.933333 0.966667 1.000000</float_array><technique_common><accessor source="#mixamorig_Spine1-Matrix-animation-input-array" count="31"><param name="TIME" type="float"/></accessor></technique_common></source><source id="mixamorig_Spine1-Matrix-animation-output-transform"><float_array id="mixamorig_Spine1-Matrix-animation-output-transform-array" count="496">

0.975016 -0.056125 0.214928 0.014600 0.113038 0.958273 -0.262554 12.186100 -0.191223 0.280289 0.940676 -1.162300 0.000000 0.000000 0.000000 1.000000
0.974702 -0.056066 0.216364 0.014600 0.114129 0.957161 -0.266116 12.186100 -0.192175 0.284077 0.939345 -1.162300 0.000000 0.000000 0.000000 1.000000
0.974747 -0.053460 0.216816 0.014600 0.112180 0.956745 -0.268431 12.186100 -0.193088 0.285975 0.938582 -1.162300 0.000000 0.000000 0.000000 1.000000
0.974851 -0.050255 0.217115 0.014600 0.109370 0.956735 -0.269622 12.186100 -0.194172 0.286587 0.938171 -1.162300 0.000000 0.000000 0.000000 1.000000
0.974956 -0.045606 0.217673 0.014600 0.104873 0.957373 -0.269143 12.186100 -0.196120 0.285230 0.938180 -1.162300 0.000000 0.000000 0.000000 1.000000
0.975028 -0.041440 0.218183 0.014600 0.100766 0.958038 -0.268346 12.186100 -0.197907 0.283631 0.938289 -1.162300 0.000000 0.000000 0.000000 1.000000
0.975157 -0.037064 0.218390 0.014600 0.096270 0.958837 -0.267138 12.186100 -0.199499 0.281526 0.938586 -1.162300 0.000000 0.000000 0.000000 1.000000
0.975438 -0.032952 0.217796 0.014600 0.091887 0.959483 -0.266363 12.186100 -0.200195 0.279833 0.938944 -1.162300 0.000000 0.000000 0.000000 1.000000
0.975843 -0.029903 0.216417 0.014600 0.088391 0.959933 -0.265923 12.186100 -0.199794 0.278628 0.939387 -1.162300 0.000000 0.000000 0.000000 1.000000
0.976061 -0.030030 0.215413 0.014600 0.088201 0.959980 -0.265819 12.186100 -0.198810 0.278456 0.939647 -1.162300 0.000000 0.000000 0.000000 1.000000
0.976291 -0.030759 0.214264 0.014600 0.088355 0.960266 -0.264733 12.186100 -0.197607 0.277388 0.940217 -1.162300 0.000000 0.000000 0.000000 1.000000
0.976608 -0.032266 0.212592 0.014600 0.088846 0.960886 -0.262305 12.186100 -0.195813 0.275058 0.941276 -1.162300 0.000000 0.000000 0.000000 1.000000
0.976490 -0.033259 0.212983 0.014600 0.088668 0.962543 -0.256221 12.186100 -0.196484 0.269082 0.942862 -1.162300 0.000000 0.000000 0.000000 1.000000
0.976625 -0.033288 0.212355 0.014600 0.086650 0.965077 -0.247222 12.186100 -0.196710 0.259843 0.945403 -1.162300 0.000000 0.000000 0.000000 1.000000
0.976913 -0.030178 0.211497 0.014600 0.080915 0.968487 -0.235555 12.186100 -0.197723 0.247230 0.948569 -1.162300 0.000000 0.000000 0.000000 1.000000
0.977439 -0.024682 0.209773 0.014600 0.072434 0.972094 -0.223130 12.186100 -0.198411 0.233290 0.951950 -1.162300 0.000000 0.000000 0.000000 1.000000
0.977843 -0.018845 0.208492 0.014600 0.063705 0.975492 -0.210610 12.186100 -0.199413 0.219226 0.955078 -1.162300 0.000000 0.000000 0.000000 1.000000
0.978167 -0.011623 0.207494 0.014600 0.053828 0.978531 -0.198945 12.186100 -0.200727 0.205771 0.957793 -1.162300 0.000000 0.000000 0.000000 1.000000
0.978513 -0.002316 0.206172 0.014600 0.042287 0.980936 -0.189676 12.186100 -0.201803 0.194318 0.959956 -1.162300 0.000000 0.000000 0.000000 1.000000
0.978878 0.006993 0.204327 0.014600 0.031188 0.982611 -0.183040 12.186100 -0.202054 0.185547 0.961637 -1.162300 0.000000 0.000000 0.000000 1.000000
0.979216 0.012451 0.202439 0.014600 0.024849 0.983230 -0.180669 12.186100 -0.201294 0.181944 0.962485 -1.162300 0.000000 0.000000 0.000000 1.000000
0.979587 0.015169 0.200447 0.014600 0.021991 0.983077 -0.181867 12.186100 -0.199814 0.182562 0.962676 -1.162300 0.000000 0.000000 0.000000 1.000000
0.979780 0.014548 0.199549 0.014600 0.023402 0.982174 -0.186509 12.186100 -0.198705 0.187408 0.961974 -1.162300 0.000000 0.000000 0.000000 1.000000
0.979944 0.011907 0.198918 0.014600 0.027413 0.980668 -0.193750 12.186100 -0.197380 0.195317 0.960673 -1.162300 0.000000 0.000000 0.000000 1.000000
0.979579 0.003261 0.201032 0.014600 0.037852 0.978998 -0.200325 12.186100 -0.197463 0.203843 0.958883 -1.162300 0.000000 0.000000 0.000000 1.000000
0.979064 -0.008153 0.203388 0.014600 0.051382 0.976738 -0.208190 12.186100 -0.196960 0.214282 0.956708 -1.162300 0.000000 0.000000 0.000000 1.000000
0.978328 -0.021618 0.205931 0.014600 0.067356 0.973671 -0.217779 12.186100 -0.195801 0.226930 0.954026 -1.162300 0.000000 0.000000 0.000000 1.000000
0.977337 -0.034691 0.208826 0.014600 0.083366 0.969838 -0.229053 12.186100 -0.194581 0.241271 0.950751 -1.162300 0.000000 0.000000 0.000000 1.000000
0.976206 -0.045924 0.211927 0.014600 0.097767 0.965560 -0.241111 12.186100 -0.193556 0.256094 0.947076 -1.162300 0.000000 0.000000 0.000000 1.000000
0.975277 -0.054381 0.214189 0.014600 0.109130 0.961336 -0.252833 12.186100 -0.192158 0.269957 0.943503 -1.162300 0.000000 0.000000 0.000000 1.000000
0.975119 -0.055807 0.214542 0.014600 0.112255 0.958845 -0.260796 12.186100 -0.191158 0.278391 0.941253 -1.162300 0.000000 0.000000 0.000000 1.000000</float_array><technique_common><accessor source="#mixamorig_Spine1-Matrix-animation-output-transform-array" count="31" stride="16"><param type="float4x4"/></accessor></technique_common></source><source id="mixamorig_Spine1-Interpolations"><Name_array id="mixamorig_Spine1-Interpolations-array" count="31">
 LINEAR LINEAR LINEAR LINEAR LINEAR LINEAR LINEAR LINEAR LINEAR LINEAR LINEAR
LINEAR LINEAR LINEAR LINEAR LINEAR LINEAR LINEAR LINEAR LINEAR LINEAR LINEAR LINEAR
LINEAR LINEAR LINEAR LINEAR LINEAR LINEAR LINEAR LINEAR</Name_array><technique_common><accessor source="#mixamorig_Spine1-Interpolations-array" count="31"><param type="name"/></accessor></technique_common></source><sampler id="mixamorig_Spine1-Matrix-animation-transform"><input semantic="INPUT" source="#mixamorig_Spine1-Matrix-animation-input"/><input semantic="OUTPUT" source="#mixamorig_Spine1-Matrix-animation-output-transform"/><input semantic="INTERPOLATION" source="#mixamorig_Spine1-Interpolations"/></sampler><channel source="#mixamorig_Spine1-Matrix-animation-transform" target="mixamorig_Spine1/matrix"/></animation>
    <animation id="mixamorig_Spine2-anim" name="mixamorig_Spine2"><source id="mixamorig_Spine2-Matrix-animation-input"><float_array id="mixamorig_Spine2-Matrix-animation-input-array" count="31">

0.000000 0.033333 0.066667 0.100000 0.133333 0.166667 0.200000 0.233333 0.266667 0.300000 0.333333 0.366667 0.400000 0.433333 0.466667 0.500000
0.533333 0.566667 0.600000 0.633333 0.666667 0.700000 0.733333 0.766667 0.800000 0.833333 0.866667 0.900000 0.933333 0.966667 1.000000</float_array><technique_common><accessor source="#mixamorig_Spine2-Matrix-animation-input-array" count="31"><param name="TIME" type="float"/></accessor></technique_common></source><source id="mixamorig_Spine2-Matrix-animation-output-transform"><float_array id="mixamorig_Spine2-Matrix-animation-output-transform-array" count="496">

0.965197 -0.070475 0.251848 0.016600 0.128835 0.966177 -0.223389 13.927000 -0.227587 0.248062 0.941631 -1.328400 0.000000 0.000000 0.000000 1.000000
0.964695 -0.071239 0.253550 0.016600 0.130814 0.965179 -0.226534 13.927000 -0.228583 0.251705 0.940422 -1.328400 0.000000 0.000000 0.000000 1.000000
0.964781 -0.069320 0.253755 0.016600 0.129595 0.964718 -0.229183 13.927000 -0.228915 0.253997 0.939725 -1.328400 0.000000 0.000000 0.000000 1.000000
0.965030 -0.066511 0.253562 0.016600 0.127181 0.964601 -0.231019 13.927000 -0.229221 0.255188 0.939328 -1.328400 0.000000 0.000000 0.000000 1.000000
0.965374 -0.062062 0.253382 0.016600 0.122798 0.965059 -0.231479 13.927000 -0.230162 0.254579 0.939263 -1.328400 0.000000 0.000000 0.000000 1.000000
0.965663 -0.058024 0.253235 0.016600 0.118732 0.965557 -0.231521 13.927000 -0.231079 0.253639 0.939292 -1.328400 0.000000 0.000000 0.000000 1.000000
0.966056 -0.053684 0.252695 0.016600 0.114188 0.966161 -0.231286 13.927000 -0.231728 0.252290 0.939496 -1.328400 0.000000 0.000000 0.000000 1.000000
0.966603 -0.049685 0.251415 0.016600 0.109894 0.966612 -0.231482 13.927000 -0.231519 0.251380 0.939791 -1.328400 0.000000 0.000000 0.000000 1.000000
0.967256 -0.046717 0.249465 0.016600 0.106508 0.966892 -0.231898 13.927000 -0.230372 0.250875 0.940208 -1.328400 0.000000 0.000000 0.000000 1.000000
0.967539 -0.046776 0.248357 0.016600 0.106294 0.966893 -0.231990 13.927000 -0.229283 0.250858 0.940478 -1.328400 0.000000 0.000000 0.000000 1.000000
0.967811 -0.047252 0.247203 0.016600 0.106214 0.967146 -0.230970 13.927000 -0.228167 0.249792 0.941033 -1.328400 0.000000 0.000000 0.000000 1.000000
0.968204 -0.048147 0.245484 0.016600 0.106094 0.967712 -0.228644 13.927000 -0.226549 0.247418 0.942051 -1.328400 0.000000 0.000000 0.000000 1.000000
0.968191 -0.047732 0.245617 0.016600 0.104300 0.969274 -0.222775 13.927000 -0.227437 0.241307 0.943421 -1.328400 0.000000 0.000000 0.000000 1.000000
0.968601 -0.045773 0.244370 0.016600 0.100029 0.971590 -0.214493 13.927000 -0.227609 0.232202 0.945662 -1.328400 0.000000 0.000000 0.000000 1.000000
0.969385 -0.040238 0.242225 0.016600 0.091530 0.974598 -0.204402 13.927000 -0.227847 0.220316 0.948444 -1.328400 0.000000 0.000000 0.000000 1.000000
0.970537 -0.032223 0.238786 0.016600 0.080239 0.977675 -0.194198 13.927000 -0.227198 0.207636 0.951456 -1.328400 0.000000 0.000000 0.000000 1.000000
0.971498 -0.023864 0.235842 0.016600 0.068729 0.980540 -0.183894 13.927000 -0.226864 0.194862 0.954233 -1.328400 0.000000 0.000000 0.000000 1.000000
0.972359 -0.014248 0.233055 0.016600 0.056269 0.983018 -0.174669 13.927000 -0.226609 0.182954 0.956648 -1.328400 0.000000 0.000000 0.000000 1.000000
0.973251 -0.003203 0.229722 0.016600 0.042909 0.984843 -0.168059 13.927000 -0.225701 0.173421 0.958637 -1.328400 0.000000 0.000000 0.000000 1.000000
0.974111 0.007249 0.225954 0.016600 0.030683 0.985997 -0.163914 13.927000 -0.223979 0.166603 0.960248 -1.328400 0.000000 0.000000 0.000000 1.000000
0.974740 0.012936 0.222967 0.016600 0.024161 0.986355 -0.162849 13.927000 -0.222031 0.164122 0.961128 -1.328400 0.000000 0.000000 0.000000 1.000000
0.975272 0.015124 0.220491 0.016600 0.021900 0.986133 -0.164507 13.927000 -0.219921 0.165268 0.961416 -1.328400 0.000000 0.000000 0.000000 1.000000
0.975440 0.013375 0.219859 0.016600 0.024500 0.985373 -0.168644 13.927000 -0.218898 0.169888 0.960844 -1.328400 0.000000 0.000000 0.000000 1.000000
0.975461 0.009131 0.219982 0.016600 0.030205 0.984142 -0.174790 13.927000 -0.218089 0.177145 0.959717 -1.328400 0.000000 0.000000 0.000000 1.000000
0.974574 -0.000554 0.224067 0.016600 0.041711 0.982967 -0.178989 13.927000 -0.220151 0.183784 0.957996 -1.328400 0.000000 0.000000 0.000000 1.000000
0.973347 -0.013161 0.228960 0.016600 0.056503 0.981339 -0.183795 13.927000 -0.222269 0.191833 0.955927 -1.328400 0.000000 0.000000 0.000000 1.000000
0.971716 -0.028076 0.234479 0.016600 0.074075 0.979033 -0.189753 13.927000 -0.224235 0.201755 0.953422 -1.328400 0.000000 0.000000 0.000000 1.000000
0.969731 -0.042941 0.240369 0.016600 0.092121 0.976008 -0.197287 13.927000 -0.226130 0.213458 0.950421 -1.328400 0.000000 0.000000 0.000000 1.000000
0.967593 -0.056141 0.246193 0.016600 0.108812 0.972507 -0.205891 13.927000 -0.227866 0.226007 0.947100 -1.328400 0.000000 0.000000 0.000000 1.000000
0.965775 -0.066605 0.250682 0.016600 0.122579 0.968934 -0.214806 13.927000 -0.228587 0.238183 0.943937 -1.328400 0.000000 0.000000 0.000000 1.000000
0.965263 -0.069645 0.251829 0.016600 0.127625 0.966695 -0.221840 13.927000 -0.227991 0.246274 0.942003 -1.328400 0.000000 0.000000 0.000000 1.000000</float_array><technique_common><accessor source="#mixamorig_Spine2-Matrix-animation-output-transform-array" count="31" stride="16"><param type="float4x4"/></accessor></technique_common></source><source id="mixamorig_Spine2-Interpolations"><Name_array id="mixamorig_Spine2-Interpolations-array" count="31">
 LINEAR LINEAR LINEAR LINEAR LINEAR LINEAR LINEAR LINEAR LINEAR LINEAR LINEAR
LINEAR LINEAR LINEAR LINEAR LINEAR LINEAR LINEAR LINEAR LINEAR LINEAR LINEAR LINEAR
LINEAR LINEAR LINEAR LINEAR LINEAR LINEAR LINEAR LINEAR</Name_array><technique_common><accessor source="#mixamorig_Spine2-Interpolations-array" count="31"><param type="name"/></accessor></technique_common></source><sampler id="mixamorig_Spine2-Matrix-animation-transform"><input semantic="INPUT" source="#mixamorig_Spine2-Matrix-animation-input"/><input semantic="OUTPUT" source="#mixamorig_Spine2-Matrix-animation-output-transform"/><input semantic="INTERPOLATION" source="#mixamorig_Spine2-Interpolations"/></sampler><channel source="#mixamorig_Spine2-Matrix-animation-transform" target="mixamorig_Spine2/matrix"/></animation>
    <animation id="mixamorig_Neck-anim" name="mixamorig_Neck"><source id="mixamorig_Neck-Matrix-animation-input"><float_array id="mixamorig_Neck-Matrix-animation-input-array" count="31">

0.000000 0.033333 0.066667 0.100000 0.133333 0.166667 0.200000 0.233333 0.266667 0.300000 0.333333 0.366667 0.400000 0.433333 0.466667 0.500000
0.533333 0.566667 0.600000 0.633333 0.666667 0.700000 0.733333 0.766667 0.800000 0.833333 0.866667 0.900000 0.933333 0.966667 1.000000</float_array><technique_common><accessor source="#mixamorig_Neck-Matrix-animation-input-array" count="31"><param name="TIME" type="float"/></accessor></technique_common></source><source id="mixamorig_Neck-Matrix-animation-output-transform"><float_array id="mixamorig_Neck-Matrix-animation-output-transform-array" count="496">

0.992825 -0.089446 -0.079364 0.018700 0.097932 0.989050 0.110408 15.667800 0.068620 -0.117388 0.990713 -1.494400 0.000000 0.000000 0.000000 1.000000
0.993113 -0.089702 -0.075365 0.018700 0.097553 0.989362 0.107917 15.667800 0.064883 -0.114526 0.991299 -1.494400 0.000000 0.000000 0.000000 1.000000
0.993373 -0.089978 -0.071515 0.018700 0.097227 0.989671 0.105349 15.667800 0.061297 -0.111604 0.991860 -1.494400 0.000000 0.000000 0.000000 1.000000
0.993604 -0.090257 -0.067865 0.018700 0.096949 0.989963 0.102829 15.667800 0.057903 -0.108751 0.992381 -1.494400 0.000000 0.000000 0.000000 1.000000
0.993804 -0.090536 -0.064478 0.018700 0.096723 0.990238 0.100368 15.667800 0.054762 -0.105982 0.992859 -1.494400 0.000000 0.000000 0.000000 1.000000
0.993971 -0.090803 -0.061445 0.018700 0.096541 0.990498 0.097950 15.667800 0.051967 -0.103291 0.993293 -1.494400 0.000000 0.000000 0.000000 1.000000
0.994103 -0.091066 -0.058875 0.018700 0.096404 0.990771 0.095285 15.667800 0.049654 -0.100398 0.993708 -1.494400 0.000000 0.000000 0.000000 1.000000
0.994177 -0.091313 -0.057212 0.018700 0.096363 0.991010 0.092804 15.667800 0.048224 -0.097777 0.994039 -1.494400 0.000000 0.000000 0.000000 1.000000
0.994097 -0.091250 -0.058686 0.018700 0.096353 0.991181 0.090970 15.667800 0.049867 -0.096087 0.994123 -1.494400 0.000000 0.000000 0.000000 1.000000
0.993952 -0.091023 -0.061430 0.018700 0.096373 0.991211 0.090629 15.667800 0.052641 -0.096001 0.993988 -1.494400 0.000000 0.000000 0.000000 1.000000
0.993773 -0.090697 -0.064730 0.018700 0.096447 0.991071 0.092071 15.667800 0.055801 -0.097741 0.993646 -1.494400 0.000000 0.000000 0.000000 1.000000
0.993548 -0.090365 -0.068525 0.018700 0.096663 0.990775 0.094980 15.667800 0.059310 -0.100991 0.993118 -1.494400 0.000000 0.000000 0.000000 1.000000
0.993283 -0.089971 -0.072760 0.018700 0.096986 0.990306 0.099441 15.667800 0.063108 -0.105830 0.992380 -1.494400 0.000000 0.000000 0.000000 1.000000
0.992968 -0.089609 -0.077359 0.018700 0.097450 0.989752 0.104377 15.667800 0.067213 -0.111182 0.991525 -1.494400 0.000000 0.000000 0.000000 1.000000
0.992605 -0.089289 -0.082241 0.018700 0.097987 0.989241 0.108632 15.667800 0.071656 -0.115887 0.990674 -1.494400 0.000000 0.000000 0.000000 1.000000
0.992197 -0.088993 -0.087323 0.018700 0.098473 0.988925 0.111043 15.667800 0.076474 -0.118776 0.989972 -1.494400 0.000000 0.000000 0.000000 1.000000
0.991771 -0.088718 -0.092297 0.018700 0.098802 0.988882 0.111134 15.667800 0.081411 -0.119338 0.989510 -1.494400 0.000000 0.000000 0.000000 1.000000
0.991341 -0.088452 -0.097048 0.018700 0.099008 0.988992 0.109966 15.667800 0.086253 -0.118623 0.989186 -1.494400 0.000000 0.000000 0.000000 1.000000
0.990916 -0.088147 -0.101567 0.018700 0.099048 0.989225 0.107812 15.667800 0.090969 -0.116892 0.988970 -1.494400 0.000000 0.000000 0.000000 1.000000
0.990509 -0.087889 -0.105672 0.018700 0.098995 0.989543 0.104906 15.667800 0.095347 -0.114371 0.988852 -1.494400 0.000000 0.000000 0.000000 1.000000
0.990154 -0.087603 -0.109183 0.018700 0.098773 0.989922 0.101485 15.667800 0.099192 -0.111270 0.988828 -1.494400 0.000000 0.000000 0.000000 1.000000
0.989863 -0.087344 -0.111993 0.018700 0.098447 0.990328 0.097772 15.667800 0.102370 -0.107806 0.988887 -1.494400 0.000000 0.000000 0.000000 1.000000
0.989655 -0.087110 -0.113993 0.018700 0.098030 0.990736 0.093976 15.667800 0.104751 -0.104178 0.989027 -1.494400 0.000000 0.000000 0.000000 1.000000
0.989563 -0.086960 -0.114906 0.018700 0.097586 0.991119 0.090332 15.667800 0.106031 -0.100603 0.989261 -1.494400 0.000000 0.000000 0.000000 1.000000
0.989900 -0.087107 -0.111851 0.018700 0.097109 0.991436 0.087323 15.667800 0.103286 -0.097303 0.989881 -1.494400 0.000000 0.000000 0.000000 1.000000
0.990368 -0.087426 -0.107371 0.018700 0.096809 0.991621 0.085529 15.667800 0.098994 -0.095099 0.990533 -1.494400 0.000000 0.000000 0.000000 1.000000
0.990895 -0.087851 -0.102025 0.018700 0.096813 0.991538 0.086487 15.667800 0.093564 -0.095576 0.991015 -1.494400 0.000000 0.000000 0.000000 1.000000
0.991434 -0.088334 -0.096203 0.018700 0.097103 0.991139 0.090636 15.667800 0.087344 -0.099201 0.991227 -1.494400 0.000000 0.000000 0.000000 1.000000
0.991954 -0.088800 -0.090237 0.018700 0.097479 0.990516 0.096826 15.667800 0.080783 -0.104843 0.991202 -1.494400 0.000000 0.000000 0.000000 1.000000
0.992427 -0.089161 -0.084487 0.018700 0.097762 0.989778 0.103833 15.667800 0.074366 -0.111307 0.991000 -1.494400 0.000000 0.000000 0.000000 1.000000
0.992829 -0.089400 -0.079358 0.018700 0.097886 0.989053 0.110420 15.667800 0.068618 -0.117396 0.990712 -1.494400 0.000000 0.000000 0.000000 1.000000</float_array><technique_common><accessor source="#mixamorig_Neck-Matrix-animation-output-transform-array" count="31" stride="16"><param type="float4x4"/></accessor></technique_common></source><source id="mixamorig_Neck-Interpolations"><Name_array id="mixamorig_Neck-Interpolations-array" count="31">
 LINEAR LINEAR LINEAR LINEAR LINEAR LINEAR LINEAR LINEAR LINEAR LINEAR LINEAR
LINEAR LINEAR LINEAR LINEAR LINEAR LINEAR LINEAR LINEAR LINEAR LINEAR LINEAR LINEAR
LINEAR LINEAR LINEAR LINEAR LINEAR LINEAR LINEAR LINEAR</Name_array><technique_common><accessor source="#mixamorig_Neck-Interpolations-array" count="31"><param type="name"/></accessor></technique_common></source><sampler id="mixamorig_Neck-Matrix-animation-transform"><input semantic="INPUT" source="#mixamorig_Neck-Matrix-animation-input"/><input semantic="OUTPUT" source="#mixamorig_Neck-Matrix-animation-output-transform"/><input semantic="INTERPOLATION" source="#mixamorig_Neck-Interpolations"/></sampler><channel source="#mixamorig_Neck-Matrix-animation-transform" target="mixamorig_Neck/matrix"/></animation>
    <animation id="mixamorig_Head-anim" name="mixamorig_Head"><source id="mixamorig_Head-Matrix-animation-input"><float_array id="mixamorig_Head-Matrix-animation-input-array" count="31">

0.000000 0.033333 0.066667 0.100000 0.133333 0.166667 0.200000 0.233333 0.266667 0.300000 0.333333 0.366667 0.400000 0.433333 0.466667 0.500000
0.533333 0.566667 0.600000 0.633333 0.666667 0.700000 0.733333 0.766667 0.800000 0.833333 0.866667 0.900000 0.933333 0.966667 1.000000</float_array><technique_common><accessor source="#mixamorig_Head-Matrix-animation-input-array" count="31"><param name="TIME" type="float"/></accessor></technique_common></source><source id="mixamorig_Head-Matrix-animation-output-transform"><float_array id="mixamorig_Head-Matrix-animation-output-transform-array" count="496">

0.977754 0.085053 0.191737 0.000000 -0.114197 0.982602 0.146468 7.087800 -0.175943 -0.165105 0.970456 0.888700 0.000000 0.000000 0.000000 1.000000
0.976166 0.087033 0.198808 0.000000 -0.115368 0.984011 0.135691 7.087800 -0.183819 -0.155393 0.970599 0.888700 0.000000 0.000000 0.000000 1.000000
0.975650 0.085384 0.202033 0.000000 -0.113324 0.984880 0.131028 7.087800 -0.187791 -0.150732 0.970574 0.888700 0.000000 0.000000 0.000000 1.000000
0.975770 0.081153 0.203192 0.000000 -0.109191 0.985376 0.130809 7.087800 -0.189605 -0.149827 0.970362 0.888700 0.000000 0.000000 0.000000 1.000000
0.976016 0.075853 0.204055 0.000000 -0.104429 0.985582 0.133126 7.087800 -0.191015 -0.151243 0.969865 0.888700 0.000000 0.000000 0.000000 1.000000
0.976220 0.071319 0.204712 0.000000 -0.100660 0.985486 0.136691 7.087800 -0.191993 -0.154047 0.969231 0.888700 0.000000 0.000000 0.000000 1.000000
0.976413 0.069817 0.204311 0.000000 -0.099712 0.985134 0.139890 7.087800 -0.191507 -0.156963 0.968859 0.888700 0.000000 0.000000 0.000000 1.000000
0.976514 0.073187 0.202640 0.000000 -0.103378 0.984360 0.142651 7.087800 -0.189031 -0.160250 0.968807 0.888700 0.000000 0.000000 0.000000 1.000000
0.976539 0.080375 0.199779 0.000000 -0.110594 0.983228 0.145026 7.087800 -0.184772 -0.163718 0.969049 0.888700 0.000000 0.000000 0.000000 1.000000
0.976366 0.089538 0.196702 0.000000 -0.120087 0.981470 0.149315 7.087800 -0.179688 -0.169407 0.969027 0.888700 0.000000 0.000000 0.000000 1.000000
0.976144 0.098651 0.193417 0.000000 -0.129794 0.979258 0.155586 7.087800 -0.174056 -0.176978 0.968702 0.888700 0.000000 0.000000 0.000000 1.000000
0.976200 0.105680 0.189382 0.000000 -0.137154 0.977272 0.161641 7.087800 -0.167996 -0.183768 0.968507 0.888700 0.000000 0.000000 0.000000 1.000000
0.976991 0.108167 0.183817 0.000000 -0.139556 0.975955 0.167441 7.087800 -0.161286 -0.189241 0.968594 0.888700 0.000000 0.000000 0.000000 1.000000
0.978825 0.106118 0.175047 0.000000 -0.136713 0.975355 0.173183 7.087800 -0.152355 -0.193447 0.969209 0.888700 0.000000 0.000000 0.000000 1.000000
0.981327 0.100265 0.164149 -0.000000 -0.129453 0.975465 0.178075 7.087800 -0.142267 -0.195999 0.970229 0.888700 0.000000 0.000000 0.000000 1.000000
0.984243 0.090829 0.151707 0.000000 -0.118050 0.976307 0.181355 7.087800 -0.131641 -0.196407 0.971646 0.888700 0.000000 0.000000 0.000000 1.000000
0.987202 0.078920 0.138577 -0.000000 -0.104055 0.977267 0.184719 7.087800 -0.120849 -0.196775 0.972972 0.888700 0.000000 0.000000 0.000000 1.000000
0.989894 0.065994 0.125514 0.000000 -0.088886 0.978411 0.186579 7.087800 -0.110492 -0.195850 0.974389 0.888700 0.000000 0.000000 0.000000 1.000000
0.992169 0.053796 0.112723 0.000000 -0.074323 0.979607 0.186671 7.087800 -0.100382 -0.193587 0.975934 0.888700 0.000000 0.000000 0.000000 1.000000
0.993915 0.043331 0.101274 -0.000000 -0.061609 0.980806 0.184997 7.087800 -0.091314 -0.190111 0.977507 0.888700 0.000000 0.000000 0.000000 1.000000
0.995122 0.035621 0.091991 0.000000 -0.051933 0.982013 0.181530 7.087800 -0.083871 -0.185422 0.979073 0.888700 0.000000 0.000000 0.000000 1.000000
0.995840 0.031729 0.085417 0.000000 -0.046494 0.983137 0.176860 7.087800 -0.078365 -0.180096 0.980523 0.888700 0.000000 0.000000 0.000000 1.000000
0.996176 0.032510 0.081093 0.000000 -0.046132 0.983978 0.172217 7.087800 -0.074195 -0.175300 0.981715 0.888700 0.000000 0.000000 0.000000 1.000000
0.996146 0.037403 0.079333 -0.000000 -0.050329 0.984538 0.167784 7.087800 -0.071831 -0.171130 0.982627 0.888700 0.000000 0.000000 0.000000 1.000000
0.995386 0.044048 0.085248 -0.000000 -0.058037 0.983853 0.169305 7.087800 -0.076414 -0.173471 0.981870 0.888700 0.000000 0.000000 0.000000 1.000000
0.994026 0.052487 0.095699 -0.000000 -0.068462 0.982689 0.172149 7.087800 -0.085007 -0.177672 0.980411 0.888700 0.000000 0.000000 0.000000 1.000000
0.991842 0.061547 0.111629 0.000000 -0.080377 0.981650 0.172926 7.087800 -0.098938 -0.180488 0.978589 0.888700 0.000000 0.000000 0.000000 1.000000
0.988838 0.070224 0.131407 0.000000 -0.092296 0.981070 0.170244 7.087800 -0.116964 -0.180472 0.976601 0.888700 0.000000 0.000000 0.000000 1.000000
0.984955 0.077231 0.154596 0.000000 -0.102184 0.981716 0.160597 7.087800 -0.139367 -0.173978 0.974838 0.888700 0.000000 0.000000 0.000000 1.000000
0.980831 0.082401 0.176582 0.000000 -0.109532 0.982621 0.149863 7.087800 -0.161164 -0.166331 0.972810 0.888700 0.000000 0.000000 0.000000 1.000000
0.977753 0.085086 0.191729 0.000000 -0.114231 0.982596 0.146480 7.087800 -0.175929 -0.165123 0.970455 0.888700 0.000000 0.000000 0.000000 1.000000</float_array><technique_common><accessor source="#mixamorig_Head-Matrix-animation-output-transform-array" count="31" stride="16"><param type="float4x4"/></accessor></technique_common></source><source id="mixamorig_Head-Interpolations"><Name_array id="mixamorig_Head-Interpolations-array" count="31">
 LINEAR LINEAR LINEAR LINEAR LINEAR LINEAR LINEAR LINEAR LINEAR LINEAR LINEAR
LINEAR LINEAR LINEAR LINEAR LINEAR LINEAR LINEAR LINEAR LINEAR LINEAR LINEAR LINEAR
LINEAR LINEAR LINEAR LINEAR LINEAR LINEAR LINEAR LINEAR</Name_array><technique_common><accessor source="#mixamorig_Head-Interpolations-array" count="31"><param type="name"/></accessor></technique_common></source><sampler id="mixamorig_Head-Matrix-animation-transform"><input semantic="INPUT" source="#mixamorig_Head-Matrix-animation-input"/><input semantic="OUTPUT" source="#mixamorig_Head-Matrix-animation-output-transform"/><input semantic="INTERPOLATION" source="#mixamorig_Head-Interpolations"/></sampler><channel source="#mixamorig_Head-Matrix-animation-transform" target="mixamorig_Head/matrix"/></animation>
    <animation id="mixamorig_LeftShoulder-anim" name="mixamorig_LeftShoulder"><source id="mixamorig_LeftShoulder-Matrix-animation-input"><float_array id="mixamorig_LeftShoulder-Matrix-animation-input-array" count="31">

0.000000 0.033333 0.066667 0.100000 0.133333 0.166667 0.200000 0.233333 0.266667 0.300000 0.333333 0.366667 0.400000 0.433333 0.466667 0.500000
