<?xml version="1.0" encoding="utf-8"?>
<COLLADA xmlns="http://www.collada.org/2005/11/COLLADASchema" version="1.4.1">
  <asset><contributor><author>Mixamo</author><authoring_tool>COLLADA Mixamo exporter</authoring_tool><comments></comments></contributor><created>2018-04-27T01:43:26Z</created><modified>2018-04-27T01:43:26Z</modified><revision></revision><title></title><unit meter="0.010000"/><up_axis>Y_UP</up_axis></asset>
  <library_animations>
    <animation id="mixamorig_Hips-anim" name="mixamorig_Hips"><source id="mixamorig_Hips-Matrix-animation-input"><float_array id="mixamorig_Hips-Matrix-animation-input-array" count="43">

0.000000 0.033333 0.066667 0.100000 0.133333 0.166667 0.200000 0.233333 0.266667 0.300000 0.333333 0.366667 0.400000 0.433333 0.466667 0.500000
0.533333 0.566667 0.600000 0.633333 0.666667 0.700000 0.733333 0.766667 0.800000 0.833333 0.866667 0.900000 0.933333 0.966667 1.000000 1.033333
1.066667 1.100000 1.133333 1.166667 1.200000 1.233333 1.266667 1.300000 1.333333 1.366667 1.400000</float_array><technique_common><accessor source="#mixamorig_Hips-Matrix-animation-input-array" count="43"><param name="TIME" type="float"/></accessor></technique_common></source><source id="mixamorig_Hips-Matrix-animation-output-transform"><float_array id="mixamorig_Hips-Matrix-animation-output-transform-array" count="688">

0.877689 0.034747 -0.477970 -0.100049 0.068522 0.978021 0.196924 93.267654 0.474307 -0.205589 0.856018 -0.208978 0.000000 0.000000 0.000000 1.000000
0.882087 0.032839 -0.469941 0.116019 0.064570 0.979724 0.189661 92.366455 0.466641 -0.197641 0.862081 -3.296040 0.000000 0.000000 0.000000 1.000000
0.886842 0.031372 -0.461007 0.392596 0.060022 0.981418 0.182251 91.304451 0.458159 -0.189298 0.868480 -6.442829 0.000000 0.000000 0.000000 1.000000
0.891850 0.031683 -0.451221 0.709512 0.053925 0.982983 0.175606 90.064415 0.449106 -0.180946 0.874964 -9.673779 0.000000 0.000000 0.000000 1.000000
0.897639 0.032421 -0.439537 1.028463 0.047250 0.984464 0.169112 88.785614 0.438191 -0.172570 0.882161 -12.955734 0.000000 0.000000 0.000000 1.000000
0.905303 0.030283 -0.423685 1.300799 0.042935 0.985823 0.162202 87.729729 0.422591 -0.165033 0.891168 -16.248272 0.000000 0.000000 0.000000 1.000000
0.915137 0.023590 -0.402451 1.472223 0.043423 0.986711 0.156576 87.050667 0.400797 -0.160764 0.901952 -19.587851 0.000000 0.000000 0.000000 1.000000
0.925229 0.014512 -0.379132 1.519627 0.048156 0.986695 0.155289 86.664383 0.376341 -0.161935 0.912220 -23.125792 0.000000 0.000000 0.000000 1.000000
0.932821 0.004003 -0.360318 1.521494 0.057634 0.985408 0.160155 86.320877 0.355701 -0.170163 0.918978 -26.993416 0.000000 0.000000 0.000000 1.000000
0.936802 -0.009194 -0.349740 1.638181 0.073580 0.982475 0.171259 85.874863 0.342036 -0.186170 0.921060 -31.129925 0.000000 0.000000 0.000000 1.000000
0.938054 -0.022723 -0.345743 1.963791 0.092979 0.977757 0.188008 85.350433 0.333781 -0.208508 0.919301 -35.273155 0.000000 0.000000 0.000000 1.000000
0.937973 -0.029937 -0.345414 2.424117 0.107903 0.971994 0.208768 84.944435 0.329491 -0.233090 0.914934 -39.178871 0.000000 0.000000 0.000000 1.000000
0.937001 -0.028839 -0.348134 2.861203 0.115412 0.966181 0.230594 84.952866 0.329710 -0.256246 0.908641 -42.819534 0.000000 0.000000 0.000000 1.000000
0.934730 -0.024189 -0.354534 3.193458 0.119792 0.960733 0.250283 85.514397 0.334558 -0.276418 0.900924 -46.309296 0.000000 0.000000 0.000000 1.000000
0.930810 -0.020124 -0.364948 3.460405 0.124483 0.956243 0.264769 86.495781 0.343651 -0.291880 0.892586 -49.659863 0.000000 0.000000 0.000000 1.000000
0.924895 -0.017512 -0.379820 3.716902 0.129709 0.953547 0.271888 87.651062 0.357415 -0.300734 0.884202 -52.800648 0.000000 0.000000 0.000000 1.000000
0.917025 -0.015488 -0.398529 3.956901 0.134329 0.952857 0.272064 88.802521 0.375528 -0.303024 0.875874 -55.743832 0.000000 0.000000 0.000000 1.000000
0.907687 -0.012571 -0.419460 4.135120 0.136918 0.953724 0.267701 89.838783 0.396684 -0.300421 0.867404 -58.592327 0.000000 0.000000 0.000000 1.000000
0.896834 -0.008839 -0.442278 4.227458 0.138159 0.955385 0.261059 90.664886 0.420239 -0.295231 0.858043 -61.420464 0.000000 0.000000 0.000000 1.000000
0.883874 -0.003850 -0.467709 4.256676 0.138608 0.957205 0.254060 91.192375 0.446715 -0.289385 0.846583 -64.272369 0.000000 0.000000 0.000000 1.000000
0.868816 0.004684 -0.495112 4.264090 0.136587 0.958888 0.248753 91.391556 0.475923 -0.283747 0.832457 -67.178337 0.000000 0.000000 0.000000 1.000000
0.853170 0.019004 -0.521286 4.262333 0.129279 0.960456 0.246600 91.278725 0.505359 -0.277783 0.816976 -70.132599 0.000000 0.000000 0.000000 1.000000
0.838867 0.038468 -0.542975 4.228490 0.116227 0.961838 0.247707 90.908722 0.531783 -0.270902 0.802383 -73.087532 0.000000 0.000000 0.000000 1.000000
0.826539 0.060011 -0.559671 4.133936 0.100079 0.962790 0.251036 90.373260 0.553911 -0.263503 0.789778 -76.005150 0.000000 0.000000 0.000000 1.000000
0.815454 0.081635 -0.573037 3.958915 0.082985 0.963289 0.255321 89.734657 0.572843 -0.255755 0.778743 -78.902115 0.000000 0.000000 0.000000 1.000000
0.804384 0.103020 -0.585110 3.690756 0.065188 0.963600 0.259278 88.967285 0.590523 -0.246701 0.768389 -81.847328 0.000000 0.000000 0.000000 1.000000
0.792539 0.121679 -0.597558 3.332964 0.048530 0.964199 0.260702 88.052361 0.607887 -0.235616 0.758260 -84.965332 0.000000 0.000000 0.000000 1.000000
0.780554 0.133594 -0.610646 2.905524 0.035695 0.965775 0.256914 86.970055 0.624069 -0.222332 0.749070 -88.430832 0.000000 0.000000 0.000000 1.000000
0.770691 0.136667 -0.622380 2.421803 0.028248 0.968441 0.247637 85.820595 0.636583 -0.208433 0.742508 -92.412231 0.000000 0.000000 0.000000 1.000000
0.765317 0.135242 -0.629285 1.886366 0.022992 0.971308 0.236710 84.893501 0.643243 -0.195627 0.740249 -96.918442 0.000000 0.000000 0.000000 1.000000
0.764567 0.137554 -0.629695 1.336836 0.013954 0.973200 0.229534 84.509117 0.644393 -0.184281 0.742158 -101.820152 0.000000 0.000000 0.000000 1.000000
0.766742 0.147078 -0.624880 0.842619 -0.001047 0.973686 0.227892 84.746773 0.641954 -0.174080 0.746720 -106.947540 0.000000 0.000000 0.000000 1.000000
0.771632 0.156236 -0.616583 0.420445 -0.015240 0.973627 0.227635 85.378227 0.635887 -0.166254 0.753663 -112.015327 0.000000 0.000000 0.000000 1.000000
0.781309 0.153338 -0.605016 0.030837 -0.018264 0.974554 0.223410 86.128563 0.623877 -0.163502 0.764228 -116.659180 0.000000 0.000000 0.000000 1.000000
0.796764 0.135817 -0.588831 -0.320818 -0.006346 0.976242 0.216589 87.011177 0.604258 -0.168833 0.778696 -120.815979 0.000000 0.000000 0.000000 1.000000
0.814757 0.115933 -0.568094 -0.562840 0.010471 0.976704 0.214337 88.054344 0.579708 -0.180581 0.794562 -124.566139 0.000000 0.000000 0.000000 1.000000
0.830258 0.105032 -0.547394 -0.647274 0.020720 0.975590 0.218620 89.149078 0.556994 -0.192853 0.807815 -127.916367 0.000000 0.000000 0.000000 1.000000
0.840319 0.101246 -0.532554 -0.600292 0.024269 0.974392 0.223541 90.162422 0.541549 -0.200771 0.816343 -130.896225 0.000000 0.000000 0.000000 1.000000
0.846357 0.096146 -0.523867 -0.497641 0.028171 0.974114 0.224293 91.036522 0.531871 -0.204590 0.821740 -133.636185 0.000000 0.000000 0.000000 1.000000
0.852154 0.085609 -0.516241 -0.403147 0.035989 0.974604 0.221026 91.769989 0.522052 -0.206927 0.827432 -136.280243 0.000000 0.000000 0.000000 1.000000
0.859980 0.070017 -0.505502 -0.323404 0.047079 0.975435 0.215200 92.358360 0.508151 -0.208866 0.835558 -138.910751 0.000000 0.000000 0.000000 1.000000
0.869187 0.052228 -0.491717 -0.230837 0.058572 0.976531 0.207258 92.849396 0.491002 -0.208947 0.845729 -141.527664 0.000000 0.000000 0.000000 1.000000
0.877689 0.034747 -0.477970 -0.100052 0.068521 0.978021 0.196924 93.267647 0.474307 -0.205589 0.856018 -144.113480 0.000000 0.000000 0.000000 1.000000</float_array><technique_common><accessor source="#mixamorig_Hips-Matrix-animation-output-transform-array" count="43" stride="16"><param type="float4x4"/></accessor></technique_common></source><source id="mixamorig_Hips-Interpolations"><Name_array id="mixamorig_Hips-Interpolations-array" count="43">
 LINEAR LINEAR LINEAR LINEAR LINEAR LINEAR LINEAR LINEAR LINEAR LINEAR LINEAR
LINEAR LINEAR LINEAR LINEAR LINEAR LINEAR LINEAR LINEAR LINEAR LINEAR LINEAR LINEAR
LINEAR LINEAR LINEAR LINEAR LINEAR LINEAR LINEAR LINEAR LINEAR LINEAR LINEAR LINEAR
LINEAR LINEAR LINEAR LINEAR LINEAR LINEAR LINEAR LINEAR</Name_array><technique_common><accessor source="#mixamorig_Hips-Interpolations-array" count="43"><param type="name"/></accessor></technique_common></source><sampler id="mixamorig_Hips-Matrix-animation-transform"><input semantic="INPUT" source="#mixamorig_Hips-Matrix-animation-input"/><input semantic="OUTPUT" source="#mixamorig_Hips-Matrix-animation-output-transform"/><input semantic="INTERPOLATION" source="#mixamorig_Hips-Interpolations"/></sampler><channel source="#mixamorig_Hips-Matrix-animation-transform" target="mixamorig_Hips/matrix"/></animation>
    <animation id="mixamorig_Spine-anim" name="mixamorig_Spine"><source id="mixamorig_Spine-Matrix-animation-input"><float_array id="mixamorig_Spine-Matrix-animation-input-array" count="43">

0.000000 0.033333 0.066667 0.100000 0.133333 0.166667 0.200000 0.233333 0.266667 0.300000 0.333333 0.366667 0.400000 0.433333 0.466667 0.500000
0.533333 0.566667 0.600000 0.633333 0.666667 0.700000 0.733333 0.766667 0.800000 0.833333 0.866667 0.900000 0.933333 0.966667 1.000000 1.033333
1.066667 1.100000 1.133333 1.166667 1.200000 1.233333 1.266667 1.300000 1.333333 1.366667 1.400000</float_array><technique_common><accessor source="#mixamorig_Spine-Matrix-animation-input-array" count="43"><param name="TIME" type="float"/></accessor></technique_common></source><source id="mixamorig_Spine-Matrix-animation-output-transform"><float_array id="mixamorig_Spine-Matrix-animation-output-transform-array" count="688">

0.995575 0.020081 -0.091799 0.012400 -0.029626 0.994154 -0.103832 10.445200 0.089177 0.106092 0.990349 -0.996300 0.000000 0.000000 0.000000 1.000000
0.994399 0.016179 -0.104448 0.012400 -0.025592 0.995665 -0.089419 10.445200 0.102549 0.091591 0.990502 -0.996300 0.000000 0.000000 0.000000 1.000000
0.992715 0.013474 -0.119731 0.012400 -0.022453 0.997008 -0.073962 10.445200 0.118376 0.076112 0.990048 -0.996300 0.000000 0.000000 0.000000 1.000000
0.990649 0.011320 -0.135961 0.012400 -0.019502 0.998068 -0.058998 10.445200 0.135030 0.061098 0.988956 -0.996300 0.000000 0.000000 0.000000 1.000000
0.988138 0.009610 -0.153269 0.012400 -0.016567 0.998886 -0.044176 10.445200 0.152674 0.046191 0.987197 -0.996300 0.000000 0.000000 0.000000 1.000000
0.984970 0.010323 -0.172417 0.012400 -0.015490 0.999469 -0.028652 10.445200 0.172030 0.030892 0.984607 -0.996300 0.000000 0.000000 0.000000 1.000000
0.981272 0.017328 -0.191847 0.012400 -0.020268 0.999705 -0.013372 10.445200 0.191558 0.017010 0.981334 -0.996300 0.000000 0.000000 0.000000 1.000000
0.977712 0.032132 -0.207478 0.012400 -0.033285 0.999444 -0.002069 10.445200 0.207297 0.008928 0.978237 -0.996300 0.000000 0.000000 0.000000 1.000000
0.974725 0.053899 -0.216810 0.012400 -0.055064 0.998483 0.000668 10.445200 0.216517 0.011287 0.976214 -0.996300 0.000000 0.000000 0.000000 1.000000
0.972145 0.079685 -0.220419 0.012400 -0.083321 0.996496 -0.007235 10.445200 0.219071 0.025399 0.975378 -0.996300 0.000000 0.000000 0.000000 1.000000
0.970135 0.102358 -0.219911 0.012400 -0.110572 0.993545 -0.025338 10.445200 0.215898 0.048897 0.975191 -0.996300 0.000000 0.000000 0.000000 1.000000
0.969562 0.113906 -0.216736 0.012400 -0.127844 0.990463 -0.051364 10.445200 0.208819 0.077509 0.974878 -0.996300 0.000000 0.000000 0.000000 1.000000
0.970320 0.115221 -0.212608 0.012400 -0.135012 0.987528 -0.081000 10.445200 0.200624 0.107301 0.973774 -0.996300 0.000000 0.000000 0.000000 1.000000
0.971357 0.113932 -0.208531 0.012400 -0.139012 0.984183 -0.109816 10.445200 0.192721 0.135658 0.971831 -0.996300 0.000000 0.000000 0.000000 1.000000
0.972640 0.112756 -0.203120 0.012400 -0.141745 0.980749 -0.134311 10.445200 0.184065 0.159427 0.969898 -0.996300 0.000000 0.000000 0.000000 1.000000
0.974883 0.109452 -0.193969 0.012400 -0.140017 0.978476 -0.151594 10.445200 0.173201 0.174946 0.969224 -0.996300 0.000000 0.000000 0.000000 1.000000
0.978046 0.102986 -0.181165 0.012400 -0.132743 0.978045 -0.160649 10.445200 0.160643 0.181171 0.970243 -0.996300 0.000000 0.000000 0.000000 1.000000
0.981546 0.094583 -0.166196 0.012400 -0.121909 0.979103 -0.162776 10.445200 0.147328 0.180033 0.972565 -0.996300 0.000000 0.000000 0.000000 1.000000
0.984955 0.087340 -0.149114 0.012400 -0.111207 0.980821 -0.160075 10.445200 0.132273 0.174249 0.975777 -0.996300 0.000000 0.000000 0.000000 1.000000
0.988174 0.082622 -0.129172 0.012400 -0.102513 0.982450 -0.155830 10.445200 0.114030 0.167229 0.979302 -0.996300 0.000000 0.000000 0.000000 1.000000
0.991218 0.078005 -0.106785 0.012400 -0.093987 0.983604 -0.153911 10.445200 0.093028 0.162596 0.982297 -0.996300 0.000000 0.000000 0.000000 1.000000
0.994060 0.069281 -0.083936 0.012400 -0.081749 0.984431 -0.155604 10.445200 0.071849 0.161541 0.984247 -0.996300 0.000000 0.000000 0.000000 1.000000
0.996499 0.055761 -0.062293 0.012400 -0.065068 0.985122 -0.159064 10.445200 0.052497 0.162561 0.985301 -0.996300 0.000000 0.000000 0.000000 1.000000
0.998274 0.040986 -0.042067 0.012400 -0.047300 0.985632 -0.162148 10.445200 0.034817 0.163858 0.985869 -0.996300 0.000000 0.000000 0.000000 1.000000
0.999357 0.027342 -0.023176 0.012400 -0.030780 0.985979 -0.164004 10.445200 0.018367 0.164612 0.986187 -0.996300 0.000000 0.000000 0.000000 1.000000
0.999879 0.014507 -0.005651 0.012400 -0.015238 0.986294 -0.164294 10.445200 0.003190 0.164361 0.986395 -0.996300 0.000000 0.000000 0.000000 1.000000
0.999941 0.003880 0.010195 0.012400 -0.002182 0.986849 -0.161633 10.445200 -0.010688 0.161601 0.986798 -0.996300 0.000000 0.000000 0.000000 1.000000
0.999728 -0.001453 0.023277 0.012400 0.005028 0.988021 -0.154240 10.445200 -0.022774 0.154315 0.987759 -0.996300 0.000000 0.000000 0.000000 1.000000
0.999479 0.001135 0.032241 0.012400 0.003494 0.989695 -0.143149 10.445200 -0.032071 0.143187 0.989176 -0.996300 0.000000 0.000000 0.000000 1.000000
0.999265 0.008391 0.037408 0.012400 -0.003321 0.991031 -0.133592 10.445200 -0.038193 0.133370 0.990330 -0.996300 0.000000 0.000000 0.000000 1.000000
0.999043 0.011778 0.042122 0.012400 -0.006121 0.991234 -0.131976 10.445200 -0.043307 0.131592 0.990358 -0.996300 0.000000 0.000000 0.000000 1.000000
0.998786 0.005255 0.048985 0.012400 0.001626 0.990237 -0.139383 10.445200 -0.049240 0.139294 0.989026 -0.996300 0.000000 0.000000 0.000000 1.000000
0.998502 -0.006066 0.054376 0.012400 0.014060 0.988910 -0.147848 10.445200 -0.052876 0.148391 0.987514 -0.996300 0.000000 0.000000 0.000000 1.000000
0.998680 -0.008759 0.050612 0.012400 0.016224 0.988701 -0.149019 10.445200 -0.048735 0.149643 0.987538 -0.996300 0.000000 0.000000 0.000000 1.000000
0.999381 0.005806 0.034687 0.012400 -0.000677 0.989273 -0.146076 10.445200 -0.035163 0.145962 0.988665 -0.996300 0.000000 0.000000 0.000000 1.000000
0.999527 0.027702 0.013378 0.012400 -0.025406 0.988542 -0.148791 10.445200 -0.017346 0.148381 0.988778 -0.996300 0.000000 0.000000 0.000000 1.000000
0.999185 0.040138 -0.004216 0.012400 -0.040298 0.986521 -0.158594 10.445200 -0.002206 0.158635 0.987335 -0.996300 0.000000 0.000000 0.000000 1.000000
0.999137 0.038270 -0.016148 0.012400 -0.040424 0.985281 -0.166094 10.445200 0.009554 0.166603 0.985978 -0.996300 0.000000 0.000000 0.000000 1.000000
0.999175 0.030137 -0.027228 0.012400 -0.034203 0.985880 -0.163921 10.445200 0.021903 0.164717 0.986098 -0.996300 0.000000 0.000000 0.000000 1.000000
0.998861 0.024024 -0.041217 0.012400 -0.030083 0.987714 -0.153347 10.445200 0.037026 0.154412 0.987312 -0.996300 0.000000 0.000000 0.000000 1.000000
0.998078 0.022276 -0.057829 0.012400 -0.030118 0.989905 -0.138494 10.445200 0.054160 0.139970 0.988673 -0.996300 0.000000 0.000000 0.000000 1.000000
0.996915 0.021922 -0.075371 0.012400 -0.031016 0.992083 -0.121695 10.445200 0.072107 0.123658 0.989702 -0.996300 0.000000 0.000000 0.000000 1.000000
0.995575 0.020081 -0.091799 0.012400 -0.029626 0.994154 -0.103832 10.445200 0.089178 0.106092 0.990349 -0.996300 0.000000 0.000000 0.000000 1.000000</float_array><technique_common><accessor source="#mixamorig_Spine-Matrix-animation-output-transform-array" count="43" stride="16"><param type="float4x4"/></accessor></technique_common></source><source id="mixamorig_Spine-Interpolations"><Name_array id="mixamorig_Spine-Interpolations-array" count="43">
 LINEAR LINEAR LINEAR LINEAR LINEAR LINEAR LINEAR LINEAR LINEAR LINEAR LINEAR
LINEAR LINEAR LINEAR LINEAR LINEAR LINEAR LINEAR LINEAR LINEAR LINEAR LINEAR LINEAR
LINEAR LINEAR LINEAR LINEAR LINEAR LINEAR LINEAR LINEAR LINEAR LINEAR LINEAR LINEAR
LINEAR LINEAR LINEAR LINEAR LINEAR LINEAR LINEAR LINEAR</Name_array><technique_common><accessor source="#mixamorig_Spine-Interpolations-array" count="43"><param type="name"/></accessor></technique_common></source><sampler id="mixamorig_Spine-Matrix-animation-transform"><input semantic="INPUT" source="#mixamorig_Spine-Matrix-animation-input"/><input semantic="OUTPUT" source="#mixamorig_Spine-Matrix-animation-output-transform"/><input semantic="INTERPOLATION" source="#mixamorig_Spine-Interpolations"/></sampler><channel source="#mixamorig_Spine-Matrix-animation-transform" target="mixamorig_Spine/matrix"/></animation>
    <animation id="mixamorig_Spine1-anim" name="mixamorig_Spine1"><source id="mixamorig_Spine1-Matrix-animation-input"><float_array id="mixamorig_Spine1-Matrix-animation-input-array" count="43">

0.000000 0.033333 0.066667 0.100000 0.133333 0.166667 0.200000 0.233333 0.266667 0.300000 0.333333 0.366667 0.400000 0.433333 0.466667 0.500000
0.533333 0.566667 0.600000 0.633333 0.666667 0.700000 0.733333 0.766667 0.800000 0.833333 0.866667 0.900000 0.933333 0.966667 1.000000 1.033333
1.066667 1.100000 1.133333 1.166667 1.200000 1.233333 1.266667 1.300000 1.333333 1.366667 1.400000</float_array><technique_common><accessor source="#mixamorig_Spine1-Matrix-animation-input-array" count="43"><param name="TIME" type="float"/></accessor></technique_common></source><source id="mixamorig_Spine1-Matrix-animation-output-transform"><float_array id="mixamorig_Spine1-Matrix-animation-output-transform-array" count="688">

0.999898 0.005457 -0.013172 0.014600 -0.008992 0.958327 -0.285532 12.186100 0.011065 0.285622 0.958279 -1.162300 0.000000 0.000000 0.000000 1.000000
0.999887 0.003581 -0.014566 0.014600 -0.007592 0.958321 -0.285593 12.186100 0.012936 0.285671 0.958240 -1.162300 0.000000 0.000000 0.000000 1.000000
0.999865 0.001684 -0.016354 0.014600 -0.006288 0.958282 -0.285755 12.186100 0.015190 0.285820 0.958163 -1.162300 0.000000 0.000000 0.000000 1.000000
0.999829 0.000620 -0.018470 0.014600 -0.005882 0.958146 -0.286221 12.186100 0.017520 0.286281 0.957986 -1.162300 0.000000 0.000000 0.000000 1.000000
0.999779 0.000245 -0.021008 0.014600 -0.006264 0.957927 -0.286944 12.186100 0.020054 0.287012 0.957717 -1.162300 0.000000 0.000000 0.000000 1.000000
0.999713 -0.000597 -0.023964 0.014600 -0.006323 0.957714 -0.287651 12.186100 0.023122 0.287720 0.957435 -1.162300 0.000000 0.000000 0.000000 1.000000
0.999635 -0.002809 -0.026864 0.014600 -0.005054 0.957565 -0.288173 12.186100 0.026533 0.288203 0.957202 -1.162300 0.000000 0.000000 0.000000 1.000000
0.999563 -0.006002 -0.028961 0.014600 -0.002611 0.957460 -0.288554 12.186100 0.029461 0.288503 0.957026 -1.162300 0.000000 0.000000 0.000000 1.000000
0.999509 -0.008958 -0.030027 0.014600 -0.000098 0.957367 -0.288875 12.186100 0.031335 0.288736 0.956896 -1.162300 0.000000 0.000000 0.000000 1.000000
0.999481 -0.010329 -0.030521 0.014600 0.001074 0.957384 -0.288816 12.186100 0.032203 0.288634 0.956898 -1.162300 0.000000 0.000000 0.000000 1.000000
0.999477 -0.009515 -0.030919 0.014600 0.000211 0.957660 -0.287900 12.186100 0.032350 0.287743 0.957161 -1.162300 0.000000 0.000000 0.000000 1.000000
0.999486 -0.007293 -0.031213 0.014600 -0.001951 0.958125 -0.286344 12.186100 0.031994 0.286258 0.957618 -1.162300 0.000000 0.000000 0.000000 1.000000
0.999501 -0.005290 -0.031156 0.014600 -0.003810 0.958526 -0.284980 12.186100 0.031371 0.284957 0.958027 -1.162300 0.000000 0.000000 0.000000 1.000000
0.999519 -0.004351 -0.030708 0.014600 -0.004561 0.958721 -0.284311 12.186100 0.030677 0.284314 0.958240 -1.162300 0.000000 0.000000 0.000000 1.000000
0.999546 -0.003666 -0.029909 0.014600 -0.004989 0.958735 -0.284256 12.186100 0.029717 0.284276 0.958282 -1.162300 0.000000 0.000000 0.000000 1.000000
0.999586 -0.002200 -0.028691 0.014600 -0.006058 0.958635 -0.284574 12.186100 0.028130 0.284630 0.958225 -1.162300 0.000000 0.000000 0.000000 1.000000
0.999635 -0.000220 -0.027029 0.014600 -0.007496 0.958489 -0.285033 12.186100 0.025970 0.285131 0.958137 -1.162300 0.000000 0.000000 0.000000 1.000000
0.999687 0.001466 -0.024955 0.014600 -0.008532 0.958344 -0.285490 12.186100 0.023497 0.285614 0.958057 -1.162300 0.000000 0.000000 0.000000 1.000000
0.999746 0.002685 -0.022395 0.014600 -0.008978 0.958214 -0.285910 12.186100 0.020691 0.286038 0.957995 -1.162300 0.000000 0.000000 0.000000 1.000000
0.999808 0.003665 -0.019272 0.014600 -0.009027 0.958162 -0.286083 12.186100 0.017417 0.286202 0.958011 -1.162300 0.000000 0.000000 0.000000 1.000000
0.999865 0.004567 -0.015777 0.014600 -0.008885 0.958286 -0.285674 12.186100 0.013815 0.285775 0.958197 -1.162300 0.000000 0.000000 0.000000 1.000000
0.999908 0.005531 -0.012361 0.014600 -0.008823 0.958536 -0.284835 12.186100 0.010273 0.284918 0.958497 -1.162300 0.000000 0.000000 0.000000 1.000000
0.999932 0.006962 -0.009328 0.014600 -0.009327 0.958701 -0.284264 12.186100 0.006963 0.284332 0.958701 -1.162300 0.000000 0.000000 0.000000 1.000000
0.999936 0.009214 -0.006634 0.014600 -0.010720 0.958667 -0.284330 12.186100 0.003740 0.284382 0.958704 -1.162300 0.000000 0.000000 0.000000 1.000000
0.999919 0.012039 -0.004152 0.014600 -0.012722 0.958546 -0.284653 12.186100 0.000553 0.284682 0.958622 -1.162300 0.000000 0.000000 0.000000 1.000000
0.999887 0.014948 -0.001800 0.014600 -0.014842 0.958475 -0.284791 12.186100 -0.002531 0.284785 0.958588 -1.162300 0.000000 0.000000 0.000000 1.000000
0.999848 0.017433 0.000469 0.014600 -0.016578 0.958474 -0.284698 12.186100 -0.005413 0.284647 0.958617 -1.162300 0.000000 0.000000 0.000000 1.000000
0.999820 0.018820 0.002572 0.014600 -0.017312 0.958568 -0.284338 12.186100 -0.007817 0.284242 0.958721 -1.162300 0.000000 0.000000 0.000000 1.000000
0.999815 0.018740 0.004233 0.014600 -0.016770 0.958784 -0.283641 12.186100 -0.009374 0.283517 0.958921 -1.162300 0.000000 0.000000 0.000000 1.000000
0.999824 0.018010 0.005222 0.014600 -0.015797 0.959006 -0.282946 12.186100 -0.010104 0.282814 0.959122 -1.162300 0.000000 0.000000 0.000000 1.000000
0.999816 0.018309 0.005759 0.014600 -0.015935 0.959079 -0.282688 12.186100 -0.010699 0.282545 0.959195 -1.162300 0.000000 0.000000 0.000000 1.000000
0.999775 0.020254 0.006296 0.014600 -0.017647 0.959001 -0.282851 12.186100 -0.011767 0.282677 0.959143 -1.162300 0.000000 0.000000 0.000000 1.000000
0.999727 0.022411 0.006669 0.014600 -0.019603 0.958794 -0.283424 12.186100 -0.012746 0.283216 0.958972 -1.162300 0.000000 0.000000 0.000000 1.000000
0.999727 0.022607 0.005975 0.014600 -0.019976 0.958513 -0.284348 12.186100 -0.012155 0.284151 0.958703 -1.162300 0.000000 0.000000 0.000000 1.000000
0.999789 0.020200 0.003747 0.014600 -0.018295 0.958365 -0.284958 12.186100 -0.009347 0.284829 0.958533 -1.162300 0.000000 0.000000 0.000000 1.000000
0.999858 0.016809 0.000729 0.014600 -0.015906 0.958466 -0.284763 12.186100 -0.005485 0.284711 0.958598 -1.162300 0.000000 0.000000 0.000000 1.000000
0.999895 0.014360 -0.001871 0.014600 -0.014300 0.958663 -0.284185 12.186100 -0.002287 0.284182 0.958767 -1.162300 0.000000 0.000000 0.000000 1.000000
0.999908 0.013097 -0.003644 0.014600 -0.013593 0.958759 -0.283895 12.186100 -0.000224 0.283918 0.958849 -1.162300 0.000000 0.000000 0.000000 1.000000
0.999914 0.012079 -0.005117 0.014600 -0.013035 0.958721 -0.284049 12.186100 0.001474 0.284092 0.958796 -1.162300 0.000000 0.000000 0.000000 1.000000
0.999919 0.010749 -0.006829 0.014600 -0.012248 0.958607 -0.284471 12.186100 0.003489 0.284531 0.958660 -1.162300 0.000000 0.000000 0.000000 1.000000
0.999919 0.009128 -0.008892 0.014600 -0.011284 0.958468 -0.284978 12.186100 0.005921 0.285055 0.958493 -1.162300 0.000000 0.000000 0.000000 1.000000
0.999911 0.007328 -0.011121 0.014600 -0.010198 0.958353 -0.285405 12.186100 0.008567 0.285493 0.958343 -1.162300 0.000000 0.000000 0.000000 1.000000
0.999898 0.005458 -0.013172 0.014600 -0.008992 0.958327 -0.285532 12.186100 0.011064 0.285622 0.958279 -1.162300 0.000000 0.000000 0.000000 1.000000</float_array><technique_common><accessor source="#mixamorig_Spine1-Matrix-animation-output-transform-array" count="43" stride="16"><param type="float4x4"/></accessor></technique_common></source><source id="mixamorig_Spine1-Interpolations"><Name_array id="mixamorig_Spine1-Interpolations-array" count="43">
 LINEAR LINEAR LINEAR LINEAR LINEAR LINEAR LINEAR LINEAR LINEAR LINEAR LINEAR
LINEAR LINEAR LINEAR LINEAR LINEAR LINEAR LINEAR LINEAR LINEAR LINEAR LINEAR LINEAR
LINEAR LINEAR LINEAR LINEAR LINEAR LINEAR LINEAR LINEAR LINEAR LINEAR LINEAR LINEAR
LINEAR LINEAR LINEAR LINEAR LINEAR LINEAR LINEAR LINEAR</Name_array><technique_common><accessor source="#mixamorig_Spine1-Interpolations-array" count="43"><param type="name"/></accessor></technique_common></source><sampler id="mixamorig_Spine1-Matrix-animation-transform"><input semantic="INPUT" source="#mixamorig_Spine1-Matrix-animation-input"/><input semantic="OUTPUT" source="#mixamorig_Spine1-Matrix-animation-output-transform"/><input semantic="INTERPOLATION" source="#mixamorig_Spine1-Interpolations"/></sampler><channel source="#mixamorig_Spine1-Matrix-animation-transform" target="mixamorig_Spine1/matrix"/></animation>
    <animation id="mixamorig_Spine2-anim" name="mixamorig_Spine2"><source id="mixamorig_Spine2-Matrix-animation-input"><float_array id="mixamorig_Spine2-Matrix-animation-input-array" count="43">

0.000000 0.033333 0.066667 0.100000 0.133333 0.166667 0.200000 0.233333 0.266667 0.300000 0.333333 0.366667 0.400000 0.433333 0.466667 0.500000
0.533333 0.566667 0.600000 0.633333 0.666667 0.700000 0.733333 0.766667 0.800000 0.833333 0.866667 0.900000 0.933333 0.966667 1.000000 1.033333
1.066667 1.100000 1.133333 1.166667 1.200000 1.233333 1.266667 1.300000 1.333333 1.366667 1.400000</float_array><technique_common><accessor source="#mixamorig_Spine2-Matrix-animation-input-array" count="43"><param name="TIME" type="float"/></accessor></technique_common></source><source id="mixamorig_Spine2-Matrix-animation-output-transform"><float_array id="mixamorig_Spine2-Matrix-animation-output-transform-array" count="688">

0.999881 0.005631 -0.014380 0.016600 -0.009501 0.958362 -0.285398 13.927000 0.012175 0.285500 0.958301 -1.328400 0.000000 0.000000 0.000000 1.000000
0.999867 0.003840 -0.015859 0.016600 -0.008209 0.958351 -0.285476 13.927000 0.014102 0.285568 0.958255 -1.328400 0.000000 0.000000 0.000000 1.000000
0.999840 0.002053 -0.017748 0.016600 -0.007039 0.958305 -0.285660 13.927000 0.016422 0.285739 0.958167 -1.328400 0.000000 0.000000 0.000000 1.000000
0.999800 0.001117 -0.019966 0.016600 -0.006784 0.958166 -0.286134 13.927000 0.018811 0.286212 0.957982 -1.328400 0.000000 0.000000 0.000000 1.000000
0.999744 0.000890 -0.022605 0.016600 -0.007338 0.957947 -0.286850 13.927000 0.021399 0.286943 0.957709 -1.328400 0.000000 0.000000 0.000000 1.000000
0.999671 0.000218 -0.025664 0.016600 -0.007591 0.957733 -0.287558 13.927000 0.024516 0.287658 0.957419 -1.328400 0.000000 0.000000 0.000000 1.000000
0.999588 -0.001813 -0.028657 0.016600 -0.006524 0.957573 -0.288116 13.927000 0.027964 0.288185 0.957166 -1.328400 0.000000 0.000000 0.000000 1.000000
0.999514 -0.004849 -0.030804 0.016600 -0.004249 0.957444 -0.288589 13.927000 0.030892 0.288580 0.956957 -1.328400 0.000000 0.000000 0.000000 1.000000
0.999463 -0.007705 -0.031838 0.016600 -0.001827 0.957314 -0.289044 13.927000 0.032707 0.288947 0.956786 -1.328400 0.000000 0.000000 0.000000 1.000000
0.999441 -0.009051 -0.032193 0.016600 -0.000644 0.957293 -0.289120 13.927000 0.033435 0.288979 0.956751 -1.328400 0.000000 0.000000 0.000000 1.000000
0.999442 -0.008291 -0.032363 0.016600 -0.001391 0.957544 -0.288285 13.927000 0.033379 0.288169 0.956998 -1.328400 0.000000 0.000000 0.000000 1.000000
0.999455 -0.006192 -0.032420 0.016600 -0.003366 0.958004 -0.286736 13.927000 0.032834 0.286689 0.957461 -1.328400 0.000000 0.000000 0.000000 1.000000
0.999472 -0.004335 -0.032197 0.016600 -0.005035 0.958413 -0.285341 13.927000 0.032095 0.285353 0.957885 -1.328400 0.000000 0.000000 0.000000 1.000000
0.999493 -0.003519 -0.031658 0.016600 -0.005641 0.958615 -0.284650 13.927000 0.031350 0.284684 0.958109 -1.328400 0.000000 0.000000 0.000000 1.000000
0.999521 -0.002927 -0.030810 0.016600 -0.005965 0.958636 -0.284573 13.927000 0.030369 0.284620 0.958159 -1.328400 0.000000 0.000000 0.000000 1.000000
0.999562 -0.001536 -0.029564 0.016600 -0.006951 0.958551 -0.284836 13.927000 0.028777 0.284916 0.958120 -1.328400 0.000000 0.000000 0.000000 1.000000
0.999611 0.000376 -0.027901 0.016600 -0.008321 0.958429 -0.285211 13.927000 0.026634 0.285332 0.958059 -1.328400 0.000000 0.000000 0.000000 1.000000
0.999664 0.001999 -0.025855 0.016600 -0.009303 0.958308 -0.285586 13.927000 0.024206 0.285730 0.958004 -1.328400 0.000000 0.000000 0.000000 1.000000
0.999723 0.003153 -0.023332 0.016600 -0.009696 0.958199 -0.285940 13.927000 0.021455 0.286087 0.957963 -1.328400 0.000000 0.000000 0.000000 1.000000
0.999787 0.004054 -0.020240 0.016600 -0.009676 0.958163 -0.286061 13.927000 0.018234 0.286196 0.957998 -1.328400 0.000000 0.000000 0.000000 1.000000
0.999848 0.004855 -0.016767 0.016600 -0.009442 0.958301 -0.285606 13.927000 0.014681 0.285721 0.958200 -1.328400 0.000000 0.000000 0.000000 1.000000
0.999894 0.005703 -0.013375 0.016600 -0.009275 0.958565 -0.284724 13.927000 0.011197 0.284818 0.958516 -1.328400 0.000000 0.000000 0.000000 1.000000
0.999922 0.007020 -0.010375 0.016600 -0.009679 0.958741 -0.284115 13.927000 0.007953 0.284193 0.958734 -1.328400 0.000000 0.000000 0.000000 1.000000
0.999928 0.009172 -0.007710 0.016600 -0.010985 0.958715 -0.284156 13.927000 0.004785 0.284220 0.958747 -1.328400 0.000000 0.000000 0.000000 1.000000
0.999915 0.011908 -0.005244 0.016600 -0.012908 0.958597 -0.284473 13.927000 0.001640 0.284517 0.958670 -1.328400 0.000000 0.000000 0.000000 1.000000
0.999887 0.014736 -0.002904 0.016600 -0.014953 0.958523 -0.284624 13.927000 -0.001410 0.284636 0.958635 -1.328400 0.000000 0.000000 0.000000 1.000000
0.999853 0.017144 -0.000645 0.016600 -0.016619 0.958516 -0.284556 13.927000 -0.004260 0.284524 0.958659 -1.328400 0.000000 0.000000 0.000000 1.000000
0.999828 0.018468 0.001449 0.016600 -0.017294 0.958605 -0.284214 13.927000 -0.006638 0.284141 0.958760 -1.328400 0.000000 0.000000 0.000000 1.000000
0.999827 0.018343 0.003107 0.016600 -0.016710 0.958822 -0.283517 13.927000 -0.008180 0.283416 0.958962 -1.328400 0.000000 0.000000 0.000000 1.000000
0.999837 0.017587 0.004101 0.016600 -0.015710 0.959047 -0.282811 13.927000 -0.008907 0.282700 0.959167 -1.328400 0.000000 0.000000 0.000000 1.000000
0.999830 0.017867 0.004639 0.016600 -0.015828 0.959120 -0.282558 13.927000 -0.009498 0.282436 0.959239 -1.328400 0.000000 0.000000 0.000000 1.000000
0.999791 0.019787 0.005157 0.016600 -0.017522 0.959031 -0.282760 13.927000 -0.010541 0.282610 0.959177 -1.328400 0.000000 0.000000 0.000000 1.000000
0.999745 0.021920 0.005488 0.016600 -0.019467 0.958810 -0.283380 13.927000 -0.011474 0.283201 0.958992 -1.328400 0.000000 0.000000 0.000000 1.000000
0.999744 0.022118 0.004770 0.016600 -0.019850 0.958527 -0.284311 13.927000 -0.010861 0.284144 0.958720 -1.328400 0.000000 0.000000 0.000000 1.000000
0.999801 0.019769 0.002575 0.016600 -0.018217 0.958392 -0.284874 13.927000 -0.008100 0.284770 0.958562 -1.328400 0.000000 0.000000 0.000000 1.000000
0.999864 0.016482 -0.000374 0.016600 -0.015907 0.958508 -0.284621 13.927000 -0.004333 0.284588 0.958640 -1.328400 0.000000 0.000000 0.000000 1.000000
0.999896 0.014134 -0.002918 0.016600 -0.014380 0.958712 -0.284015 13.927000 -0.001217 0.284028 0.958815 -1.328400 0.000000 0.000000 0.000000 1.000000
0.999905 0.012938 -0.004680 0.016600 -0.013735 0.958807 -0.283728 13.927000 0.000817 0.283765 0.958893 -1.328400 0.000000 0.000000 0.000000 1.000000
0.999909 0.011970 -0.006175 0.016600 -0.013231 0.958765 -0.283893 13.927000 0.002522 0.283949 0.958836 -1.328400 0.000000 0.000000 0.000000 1.000000
0.999911 0.010696 -0.007918 0.016600 -0.012506 0.958648 -0.284320 13.927000 0.004550 0.284394 0.958697 -1.328400 0.000000 0.000000 0.000000 1.000000
0.999908 0.009145 -0.010010 0.016600 -0.011618 0.958507 -0.284832 13.927000 0.006990 0.284922 0.958525 -1.328400 0.000000 0.000000 0.000000 1.000000
0.999897 0.007423 -0.012275 0.016600 -0.010617 0.958390 -0.285264 13.927000 0.009647 0.285365 0.958370 -1.328400 0.000000 0.000000 0.000000 1.000000
0.999881 0.005631 -0.014380 0.016600 -0.009501 0.958362 -0.285398 13.927000 0.012174 0.285500 0.958301 -1.328400 0.000000 0.000000 0.000000 1.000000</float_array><technique_common><accessor source="#mixamorig_Spine2-Matrix-animation-output-transform-array" count="43" stride="16"><param type="float4x4"/></accessor></technique_common></source><source id="mixamorig_Spine2-Interpolations"><Name_array id="mixamorig_Spine2-Interpolations-array" count="43">
 LINEAR LINEAR LINEAR LINEAR LINEAR LINEAR LINEAR LINEAR LINEAR LINEAR LINEAR
LINEAR LINEAR LINEAR LINEAR LINEAR LINEAR LINEAR LINEAR LINEAR LINEAR LINEAR LINEAR
LINEAR LINEAR LINEAR LINEAR LINEAR LINEAR LINEAR LINEAR LINEAR LINEAR LINEAR LINEAR
LINEAR LINEAR LINEAR LINEAR LINEAR LINEAR LINEAR LINEAR</Name_array><technique_common><accessor source="#mixamorig_Spine2-Interpolations-array" count="43"><param type="name"/></accessor></technique_common></source><sampler id="mixamorig_Spine2-Matrix-animation-transform"><input semantic="INPUT" source="#mixamorig_Spine2-Matrix-animation-input"/><input semantic="OUTPUT" source="#mixamorig_Spine2-Matrix-animation-output-transform"/><input semantic="INTERPOLATION" source="#mixamorig_Spine2-Interpolations"/></sampler><channel source="#mixamorig_Spine2-Matrix-animation-transform" target="mixamorig_Spine2/matrix"/></animation>
    <animation id="mixamorig_Neck-anim" name="mixamorig_Neck"><source id="mixamorig_Neck-Matrix-animation-input"><float_array id="mixamorig_Neck-Matrix-animation-input-array" count="43">

0.000000 0.033333 0.066667 0.100000 0.133333 0.166667 0.200000 0.233333 0.266667 0.300000 0.333333 0.366667 0.400000 0.433333 0.466667 0.500000
0.533333 0.566667 0.600000 0.633333 0.666667 0.700000 0.733333 0.766667 0.800000 0.833333 0.866667 0.900000 0.933333 0.966667 1.000000 1.033333
1.066667 1.100000 1.133333 1.166667 1.200000 1.233333 1.266667 1.300000 1.333333 1.366667 1.400000</float_array><technique_common><accessor source="#mixamorig_Neck-Matrix-animation-input-array" count="43"><param name="TIME" type="float"/></accessor></technique_common></source><source id="mixamorig_Neck-Matrix-animation-output-transform"><float_array id="mixamorig_Neck-Matrix-animation-output-transform-array" count="688">

0.992060 -0.021710 0.123877 0.018700 0.025255 0.999313 -0.027119 15.667800 -0.123203 0.030032 0.991927 -1.494400 0.000000 0.000000 0.000000 1.000000
0.992075 -0.022772 0.123566 0.018700 0.026409 0.999263 -0.027870 15.667800 -0.122840 0.030913 0.991945 -1.494400 0.000000 0.000000 0.000000 1.000000
0.992092 -0.024278 0.123143 0.018700 0.027931 0.999217 -0.028030 15.667800 -0.122366 0.031247 0.991993 -1.494400 0.000000 0.000000 0.000000 1.000000
0.992161 -0.026718 0.122080 0.018700 0.030256 0.999171 -0.027221 15.667800 -0.121252 0.030701 0.992147 -1.494400 0.000000 0.000000 0.000000 1.000000
0.992252 -0.029536 0.120683 0.018700 0.032837 0.999137 -0.025450 15.667800 -0.119828 0.029216 0.992365 -1.494400 0.000000 0.000000 0.000000 1.000000
0.992301 -0.031968 0.119655 0.018700 0.035007 0.999114 -0.023377 15.667800 -0.118802 0.027386 0.992540 -1.494400 0.000000 0.000000 0.000000 1.000000
0.992300 -0.034280 0.119023 0.018700 0.037212 0.999054 -0.022495 15.667800 -0.118139 0.026751 0.992637 -1.494400 0.000000 0.000000 0.000000 1.000000
0.992278 -0.036688 0.118479 0.018700 0.039771 0.998926 -0.023756 15.667800 -0.117481 0.028284 0.992672 -1.494400 0.000000 0.000000 0.000000 1.000000
0.992240 -0.037794 0.118455 0.018700 0.041112 0.998824 -0.025700 15.667800 -0.117345 0.030371 0.992627 -1.494400 0.000000 0.000000 0.000000 1.000000
0.992193 -0.036591 0.119223 0.018700 0.040004 0.998852 -0.026359 15.667800 -0.118122 0.030922 0.992518 -1.494400 0.000000 0.000000 0.000000 1.000000
0.992181 -0.033851 0.120129 0.018700 0.037192 0.998978 -0.025683 15.667800 -0.119137 0.029950 0.992426 -1.494400 0.000000 0.000000 0.000000 1.000000
0.992231 -0.031200 0.120437 0.018700 0.034407 0.999104 -0.024641 15.667800 -0.119561 0.028593 0.992415 -1.494400 0.000000 0.000000 0.000000 1.000000
0.992289 -0.030245 0.120196 0.018700 0.033312 0.999167 -0.023591 15.667800 -0.119382 0.027413 0.992470 -1.494400 0.000000 0.000000 0.000000 1.000000
0.992278 -0.031673 0.119920 0.018700 0.034609 0.999148 -0.022481 15.667800 -0.119106 0.026458 0.992529 -1.494400 0.000000 0.000000 0.000000 1.000000
0.992208 -0.034561 0.119700 0.018700 0.037402 0.999067 -0.021569 15.667800 -0.118843 0.025878 0.992576 -1.494400 0.000000 0.000000 0.000000 1.000000
0.992169 -0.036980 0.119304 0.018700 0.039788 0.998982 -0.021240 15.667800 -0.118397 0.025821 0.992631 -1.494400 0.000000 0.000000 0.000000 1.000000
0.992191 -0.037619 0.118922 0.018700 0.040450 0.998951 -0.021482 15.667800 -0.117989 0.026125 0.992671 -1.494400 0.000000 0.000000 0.000000 1.000000
0.992219 -0.037040 0.118866 0.018700 0.039894 0.998968 -0.021721 15.667800 -0.117939 0.026294 0.992673 -1.494400 0.000000 0.000000 0.000000 1.000000
0.992211 -0.036608 0.119072 0.018700 0.039418 0.998995 -0.021333 15.667800 -0.118171 0.025861 0.992656 -1.494400 0.000000 0.000000 0.000000 1.000000
0.992164 -0.036219 0.119579 0.018700 0.038934 0.999033 -0.020447 15.667800 -0.118723 0.024943 0.992614 -1.494400 0.000000 0.000000 0.000000 1.000000
0.992080 -0.034025 0.120911 0.018700 0.036709 0.999125 -0.020045 15.667800 -0.120123 0.024325 0.992461 -1.494400 0.000000 0.000000 0.000000 1.000000
0.991948 -0.028696 0.123350 0.018700 0.031516 0.999283 -0.020972 15.667800 -0.122660 0.024691 0.992142 -1.494400 0.000000 0.000000 0.000000 1.000000
0.991790 -0.022051 0.125965 0.018700 0.025104 0.999427 -0.022700 15.667800 -0.125393 0.025676 0.991775 -1.494400 0.000000 0.000000 0.000000 1.000000
0.991696 -0.017333 0.127427 0.018700 0.020541 0.999503 -0.023904 15.667800 -0.126949 0.026323 0.991560 -1.494400 0.000000 0.000000 0.000000 1.000000
0.991701 -0.015147 0.127673 0.018700 0.018375 0.999540 -0.024147 15.667800 -0.127249 0.026293 0.991522 -1.494400 0.000000 0.000000 0.000000 1.000000
0.991737 -0.014118 0.127509 0.018700 0.017271 0.999571 -0.023654 15.667800 -0.127120 0.025661 0.991555 -1.494400 0.000000 0.000000 0.000000 1.000000
0.991738 -0.013295 0.127592 0.018700 0.016298 0.999613 -0.022522 15.667800 -0.127243 0.024415 0.991571 -1.494400 0.000000 0.000000 0.000000 1.000000
0.991658 -0.012486 0.128293 0.018700 0.015330 0.999658 -0.021207 15.667800 -0.127984 0.022997 0.991510 -1.494400 0.000000 0.000000 0.000000 1.000000
0.991477 -0.011711 0.129758 0.018700 0.014534 0.999677 -0.020826 15.667800 -0.129472 0.022534 0.991327 -1.494400 0.000000 0.000000 0.000000 1.000000
0.991242 -0.011000 0.131602 0.018700 0.014041 0.999655 -0.022197 15.667800 -0.131313 0.023850 0.991054 -1.494400 0.000000 0.000000 0.000000 1.000000
0.991095 -0.010239 0.132765 0.018700 0.013703 0.999589 -0.025198 15.667800 -0.132452 0.026793 0.990827 -1.494400 0.000000 0.000000 0.000000 1.000000
