<?xml version="1.0" encoding="utf-8"?>
<COLLADA xmlns="http://www.collada.org/2005/11/COLLADASchema" version="1.4.1">
  <asset><contributor><author>Mixamo</author><authoring_tool>COLLADA Mixamo exporter</authoring_tool><comments></comments></contributor><created>2018-04-11T19:05:49Z</created><modified>2018-04-11T19:05:49Z</modified><revision></revision><title></title><unit meter="0.010000"/><up_axis>Y_UP</up_axis></asset>
  <library_animations>
    <animation id="arissa_Hips-anim" name="arissa_Hips"><source id="arissa_Hips-Matrix-animation-input"><float_array id="arissa_Hips-Matrix-animation-input-array" count="24">

0.000000 0.033333 0.066667 0.100000 0.133333 0.166667 0.200000 0.233333 0.266667 0.300000 0.333333 0.366667 0.400000 0.433333 0.466667 0.500000
0.533333 0.566667 0.600000 0.633333 0.666667 0.700000 0.733333 0.766667</float_array><technique_common><accessor source="#arissa_Hips-Matrix-animation-input-array" count="24"><param name="TIME" type="float"/></accessor></technique_common></source><source id="arissa_Hips-Matrix-animation-output-transform"><float_array id="arissa_Hips-Matrix-animation-output-transform-array" count="384">

0.969692 0.003591 -0.244305 0.031235 -0.044197 0.985975 -0.160936 82.960571 0.240300 0.166856 0.956250 -0.039415 0.000000 0.000000 0.000000 1.000000
0.963510 -0.004862 -0.267626 -0.012143 -0.037590 0.987469 -0.153272 83.413734 0.265018 0.157739 0.951254 8.561327 0.000000 0.000000 0.000000 1.000000
0.955044 -0.018236 -0.295903 -0.068035 -0.027279 0.988467 -0.148962 84.212677 0.295206 0.150337 0.943532 17.130022 0.000000 0.000000 0.000000 1.000000
0.944397 -0.035156 -0.326924 -0.130440 -0.014917 0.988663 -0.149408 85.209114 0.328470 0.145977 0.933166 25.693027 0.000000 0.000000 0.000000 1.000000
0.933027 -0.051905 -0.356044 -0.175489 -0.003694 0.988106 -0.153730 86.200935 0.359788 0.144750 0.921737 34.273293 0.000000 0.000000 0.000000 1.000000
0.923546 -0.064876 -0.377961 -0.162020 0.004437 0.987328 -0.158629 87.054070 0.383463 0.144824 0.912130 42.883820 0.000000 0.000000 0.000000 1.000000
0.918134 -0.073566 -0.389382 -0.035786 0.010730 0.986871 -0.161151 87.655472 0.396125 0.143780 0.906870 51.483704 0.000000 0.000000 0.000000 1.000000
0.917340 -0.077122 -0.390564 0.237408 0.014530 0.986889 -0.160748 87.907661 0.397840 0.141785 0.906433 60.080654 0.000000 0.000000 0.000000 1.000000
0.919867 -0.077948 -0.384406 0.577251 0.017456 0.987219 -0.158413 87.441864 0.391841 0.139009 0.909471 68.520813 0.000000 0.000000 0.000000 1.000000
0.924778 -0.072805 -0.373476 0.855433 0.015298 0.987845 -0.154688 86.350693 0.380198 0.137339 0.914651 77.008842 0.000000 0.000000 0.000000 1.000000
0.931187 -0.062727 -0.359104 1.018042 0.008923 0.988712 -0.149565 84.734634 0.364432 0.136069 0.921235 85.552803 0.000000 0.000000 0.000000 1.000000
0.938557 -0.050201 -0.341452 1.122502 0.000441 0.989538 -0.144273 83.233665 0.345123 0.135258 0.928760 94.130852 0.000000 0.000000 0.000000 1.000000
0.946163 -0.036872 -0.321583 1.232224 -0.009726 0.989804 -0.142105 82.635429 0.323544 0.137582 0.936157 102.747391 0.000000 0.000000 0.000000 1.000000
0.953091 -0.024000 -0.301731 1.366411 -0.021503 0.988964 -0.146588 83.263359 0.301919 0.146200 0.942057 111.421005 0.000000 0.000000 0.000000 1.000000
0.958819 -0.013464 -0.283699 1.508706 -0.033102 0.986771 -0.158706 84.726845 0.282083 0.161561 0.945689 120.137825 0.000000 0.000000 0.000000 1.000000
0.963389 -0.006013 -0.268040 1.620594 -0.042801 0.983477 -0.175900 86.267342 0.264669 0.180932 0.947214 128.862732 0.000000 0.000000 0.000000 1.000000
0.966977 0.000085 -0.254865 1.659628 -0.051104 0.979755 -0.193566 87.359329 0.249689 0.200198 0.947405 137.572556 0.000000 0.000000 0.000000 1.000000
0.969620 0.005851 -0.244545 1.593056 -0.058182 0.976540 -0.207329 87.902374 0.237594 0.215259 0.947213 146.285309 0.000000 0.000000 0.000000 1.000000
0.971218 0.012405 -0.237871 1.416285 -0.064941 0.974602 -0.214322 87.679115 0.229171 0.223601 0.947356 154.860489 0.000000 0.000000 0.000000 1.000000
0.971902 0.016410 -0.234812 1.163126 -0.068031 0.974577 -0.213476 86.654648 0.225339 0.223453 0.948310 163.335434 0.000000 0.000000 0.000000 1.000000
0.971912 0.015519 -0.234830 0.885758 -0.065232 0.976492 -0.205446 85.144241 0.226122 0.214994 0.950077 171.856949 0.000000 0.000000 0.000000 1.000000
0.971512 0.012654 -0.236652 0.603311 -0.059605 0.979521 -0.192318 83.663246 0.229372 0.200944 0.952371 180.435684 0.000000 0.000000 0.000000 1.000000
0.970809 0.008949 -0.239686 0.317486 -0.052692 0.982849 -0.176724 82.837868 0.233994 0.184195 0.954630 189.041779 0.000000 0.000000 0.000000 1.000000
0.969692 0.003591 -0.244305 0.031235 -0.044197 0.985975 -0.160936 82.960571 0.240300 0.166856 0.956250 197.621689 0.000000 0.000000 0.000000 1.000000</float_array><technique_common><accessor source="#arissa_Hips-Matrix-animation-output-transform-array" count="24" stride="16"><param type="float4x4"/></accessor></technique_common></source><source id="arissa_Hips-Interpolations"><Name_array id="arissa_Hips-Interpolations-array" count="24">
 LINEAR LINEAR LINEAR LINEAR LINEAR LINEAR LINEAR LINEAR LINEAR LINEAR LINEAR
LINEAR LINEAR LINEAR LINEAR LINEAR LINEAR LINEAR LINEAR LINEAR LINEAR LINEAR LINEAR
LINEAR</Name_array><technique_common><accessor source="#arissa_Hips-Interpolations-array" count="24"><param type="name"/></accessor></technique_common></source><sampler id="arissa_Hips-Matrix-animation-transform"><input semantic="INPUT" source="#arissa_Hips-Matrix-animation-input"/><input semantic="OUTPUT" source="#arissa_Hips-Matrix-animation-output-transform"/><input semantic="INTERPOLATION" source="#arissa_Hips-Interpolations"/></sampler><channel source="#arissa_Hips-Matrix-animation-transform" target="arissa_Hips/matrix"/></animation>
    <animation id="arissa_Spine-anim" name="arissa_Spine"><source id="arissa_Spine-Matrix-animation-input"><float_array id="arissa_Spine-Matrix-animation-input-array" count="24">

0.000000 0.033333 0.066667 0.100000 0.133333 0.166667 0.200000 0.233333 0.266667 0.300000 0.333333 0.366667 0.400000 0.433333 0.466667 0.500000
0.533333 0.566667 0.600000 0.633333 0.666667 0.700000 0.733333 0.766667</float_array><technique_common><accessor source="#arissa_Spine-Matrix-animation-input-array" count="24"><param name="TIME" type="float"/></accessor></technique_common></source><source id="arissa_Spine-Matrix-animation-output-transform"><float_array id="arissa_Spine-Matrix-animation-output-transform-array" count="384">

0.983403 -0.121419 0.134815 -0.000000 0.175759 0.821909 -0.541826 9.226300 -0.045018 0.556528 0.829608 1.577100 0.000000 0.000000 0.000000 1.000000
0.984154 -0.117619 0.132691 -0.000000 0.171120 0.826105 -0.536907 9.226300 -0.046466 0.551105 0.833141 1.577100 0.000000 0.000000 0.000000 1.000000
0.985873 -0.105421 0.130156 0.000000 0.159066 0.832674 -0.530427 9.226300 -0.052460 0.543637 0.837680 1.577100 0.000000 0.000000 0.000000 1.000000
0.987779 -0.089230 0.127794 0.000000 0.143524 0.840451 -0.522535 9.226300 -0.060779 0.534491 0.842986 1.577100 0.000000 0.000000 0.000000 1.000000
0.989217 -0.074075 0.126344 -0.000000 0.129168 0.847871 -0.514227 9.226300 -0.069033 0.525002 0.848297 1.577100 0.000000 0.000000 0.000000 1.000000
0.989991 -0.063914 0.125826 -0.000000 0.119615 0.853155 -0.507758 9.226300 -0.074896 0.517727 0.852261 1.577100 0.000000 0.000000 0.000000 1.000000
0.990370 -0.059323 0.125093 0.000000 0.115077 0.855075 -0.505572 9.226300 -0.076972 0.515099 0.853668 1.577100 0.000000 0.000000 0.000000 1.000000
0.990620 -0.057179 0.124107 0.000000 0.112903 0.854117 -0.507678 9.226300 -0.076974 0.516928 0.852561 1.577100 0.000000 0.000000 0.000000 1.000000
0.991072 -0.054150 0.121837 0.000000 0.109579 0.851389 -0.512962 9.226300 -0.075954 0.521733 0.849721 1.577100 0.000000 0.000000 0.000000 1.000000
0.991246 -0.054414 0.120293 -0.000000 0.109644 0.846835 -0.520431 9.226300 -0.073549 0.529064 0.845388 1.577100 0.000000 0.000000 0.000000 1.000000
0.991009 -0.059118 0.120028 0.000000 0.114136 0.841656 -0.527815 9.226300 -0.069819 0.536768 0.840836 1.577100 0.000000 0.000000 0.000000 1.000000
0.990379 -0.067927 0.120563 0.000000 0.122237 0.837823 -0.532082 9.226300 -0.064868 0.541700 0.838065 1.577100 0.000000 0.000000 0.000000 1.000000
0.989342 -0.080038 0.121644 -0.000000 0.132935 0.837389 -0.530196 9.226300 -0.059427 0.540716 0.839103 1.577100 0.000000 0.000000 0.000000 1.000000
0.987859 -0.094618 0.123219 0.000000 0.145426 0.842200 -0.519182 9.226300 -0.054651 0.530797 0.845735 1.577100 0.000000 0.000000 0.000000 1.000000
0.986273 -0.108673 0.124320 0.000000 0.157539 0.844835 -0.511307 9.226300 -0.049465 0.523874 0.850358 1.577100 0.000000 0.000000 0.000000 1.000000
0.984975 -0.119561 0.124618 0.000000 0.166621 0.847647 -0.503717 9.226300 -0.045407 0.516913 0.854833 1.577100 0.000000 0.000000 0.000000 1.000000
0.984123 -0.126367 0.124630 0.000000 0.172088 0.851222 -0.495789 9.226300 -0.043437 0.509365 0.859454 1.577100 0.000000 0.000000 0.000000 1.000000
0.983651 -0.129341 0.125304 -0.000000 0.174674 0.854534 -0.489143 9.226300 -0.043810 0.503033 0.863156 1.577100 0.000000 0.000000 0.000000 1.000000
0.982933 -0.131656 0.128489 -0.000000 0.178048 0.856516 -0.484436 9.226300 -0.046274 0.499045 0.865339 1.577100 0.000000 0.000000 0.000000 1.000000
0.982154 -0.133349 0.132635 0.000000 0.181419 0.857695 -0.481089 9.226300 -0.049607 0.496566 0.866580 1.577100 0.000000 0.000000 0.000000 1.000000
0.981792 -0.133244 0.135388 0.000000 0.182685 0.857629 -0.480727 9.226300 -0.052058 0.496708 0.866355 1.577100 0.000000 0.000000 0.000000 1.000000
0.981911 -0.131310 0.136410 -0.000000 0.182007 0.853155 -0.488877 9.226300 -0.052184 0.504862 0.861622 1.577100 0.000000 0.000000 0.000000 1.000000
0.982481 -0.127417 0.135999 0.000000 0.179614 0.842005 -0.508690 9.226300 -0.049696 0.524206 0.850140 1.577100 0.000000 0.000000 0.000000 1.000000
0.983439 -0.121519 0.134467 0.000000 0.175316 0.825977 -0.535748 9.226300 -0.045963 0.550450 0.833602 1.577100 0.000000 0.000000 0.000000 1.000000</float_array><technique_common><accessor source="#arissa_Spine-Matrix-animation-output-transform-array" count="24" stride="16"><param type="float4x4"/></accessor></technique_common></source><source id="arissa_Spine-Interpolations"><Name_array id="arissa_Spine-Interpolations-array" count="24">
 LINEAR LINEAR LINEAR LINEAR LINEAR LINEAR LINEAR LINEAR LINEAR LINEAR LINEAR
LINEAR LINEAR LINEAR LINEAR LINEAR LINEAR LINEAR LINEAR LINEAR LINEAR LINEAR LINEAR
LINEAR</Name_array><technique_common><accessor source="#arissa_Spine-Interpolations-array" count="24"><param type="name"/></accessor></technique_common></source><sampler id="arissa_Spine-Matrix-animation-transform"><input semantic="INPUT" source="#arissa_Spine-Matrix-animation-input"/><input semantic="OUTPUT" source="#arissa_Spine-Matrix-animation-output-transform"/><input semantic="INTERPOLATION" source="#arissa_Spine-Interpolations"/></sampler><channel source="#arissa_Spine-Matrix-animation-transform" target="arissa_Spine/matrix"/></animation>
    <animation id="arissa_Spine1-anim" name="arissa_Spine1"><source id="arissa_Spine1-Matrix-animation-input"><float_array id="arissa_Spine1-Matrix-animation-input-array" count="24">

0.000000 0.033333 0.066667 0.100000 0.133333 0.166667 0.200000 0.233333 0.266667 0.300000 0.333333 0.366667 0.400000 0.433333 0.466667 0.500000
0.533333 0.566667 0.600000 0.633333 0.666667 0.700000 0.733333 0.766667</float_array><technique_common><accessor source="#arissa_Spine1-Matrix-animation-input-array" count="24"><param name="TIME" type="float"/></accessor></technique_common></source><source id="arissa_Spine1-Matrix-animation-output-transform"><float_array id="arissa_Spine1-Matrix-animation-output-transform-array" count="384">

0.996804 0.078824 0.012997 0.000000 -0.075037 0.979634 -0.186244 16.254000 -0.027413 0.184674 0.982417 -0.165600 0.000000 0.000000 0.000000 1.000000
0.995623 0.091895 0.017034 0.000000 -0.087329 0.979648 -0.180729 16.254000 -0.033295 0.178450 0.983385 -0.165600 0.000000 0.000000 0.000000 1.000000
0.993849 0.108720 0.021087 0.000000 -0.103417 0.979216 -0.174472 16.254000 -0.039617 0.171218 0.984436 -0.165600 0.000000 0.000000 0.000000 1.000000
0.991573 0.127013 0.025508 0.000000 -0.121040 0.978491 -0.167048 16.254000 -0.046177 0.162553 0.985619 -0.165600 0.000000 0.000000 0.000000 1.000000
0.989116 0.144041 0.030026 0.000000 -0.137533 0.977617 -0.159213 16.254000 -0.052287 0.153351 0.986787 -0.165600 0.000000 0.000000 0.000000 1.000000
0.986962 0.157351 0.033866 0.000000 -0.150468 0.976709 -0.152964 16.254000 -0.057146 0.145874 0.987651 -0.165600 0.000000 0.000000 0.000000 1.000000
0.985550 0.165431 0.036388 0.000000 -0.158267 0.975906 -0.150200 16.254000 -0.060359 0.142271 0.987986 -0.165600 0.000000 0.000000 0.000000 1.000000
0.984924 0.168946 0.037176 0.000000 -0.161546 0.975147 -0.151625 16.254000 -0.061868 0.143334 0.987739 -0.165600 0.000000 0.000000 0.000000 1.000000
0.985091 0.168071 0.036710 0.000000 -0.160458 0.974599 -0.156238 16.254000 -0.062037 0.148018 0.987037 -0.165600 0.000000 0.000000 0.000000 1.000000
0.985972 0.163149 0.035226 0.000000 -0.155358 0.974213 -0.163624 16.254000 -0.061013 0.155857 0.985894 -0.165600 0.000000 0.000000 0.000000 1.000000
0.987368 0.155057 0.032590 0.000000 -0.147278 0.974006 -0.172110 16.254000 -0.058430 0.165137 0.984538 -0.165600 0.000000 0.000000 0.000000 1.000000
0.989077 0.144580 0.028692 0.000000 -0.137222 0.974246 -0.178927 16.254000 -0.053823 0.173035 0.983444 -0.165600 0.000000 0.000000 0.000000 1.000000
0.990925 0.132262 0.023963 0.000000 -0.125823 0.975438 -0.180802 16.254000 -0.047288 0.176146 0.983228 -0.165600 0.000000 0.000000 0.000000 1.000000
0.992767 0.118491 0.019348 -0.000000 -0.113342 0.978115 -0.174482 16.254000 -0.039600 0.171027 0.984470 -0.165600 0.000000 0.000000 0.000000 1.000000
0.994568 0.102980 0.015152 0.000000 -0.098999 0.980822 -0.167891 16.254000 -0.032151 0.165479 0.985689 -0.165600 0.000000 0.000000 0.000000 1.000000
0.996119 0.087160 0.012270 -0.000000 -0.084107 0.983643 -0.159285 16.254000 -0.025953 0.157635 0.987156 -0.165600 0.000000 0.000000 0.000000 1.000000
0.997309 0.072571 0.010392 0.000000 -0.070210 0.986271 -0.149469 16.254000 -0.021096 0.148337 0.988712 -0.165600 0.000000 0.000000 0.000000 1.000000
0.998106 0.060929 0.008523 0.000000 -0.059121 0.988232 -0.141077 16.254000 -0.017019 0.140306 0.989962 -0.165600 0.000000 0.000000 0.000000 1.000000
0.998513 0.054148 0.006345 -0.000000 -0.052787 0.989324 -0.135837 16.254000 -0.013632 0.135300 0.990711 -0.165600 0.000000 0.000000 0.000000 1.000000
0.998574 0.053148 0.005019 0.000000 -0.052003 0.989670 -0.133599 16.254000 -0.012067 0.133147 0.991023 -0.165600 0.000000 0.000000 0.000000 1.000000
0.998394 0.056396 0.005329 0.000000 -0.055163 0.989315 -0.134956 16.254000 -0.012883 0.134446 0.990837 -0.165600 0.000000 0.000000 0.000000 1.000000
0.998039 0.062175 0.007228 0.000000 -0.060503 0.987845 -0.143187 16.254000 -0.016042 0.142469 0.989669 -0.165600 0.000000 0.000000 0.000000 1.000000
0.997522 0.069629 0.010055 0.000000 -0.067132 0.984841 -0.159941 16.254000 -0.021039 0.158870 0.987075 -0.165600 0.000000 0.000000 0.000000 1.000000
0.996754 0.079420 0.013224 0.000000 -0.075704 0.980402 -0.181880 16.254000 -0.027409 0.180288 0.983232 -0.165600 0.000000 0.000000 0.000000 1.000000</float_array><technique_common><accessor source="#arissa_Spine1-Matrix-animation-output-transform-array" count="24" stride="16"><param type="float4x4"/></accessor></technique_common></source><source id="arissa_Spine1-Interpolations"><Name_array id="arissa_Spine1-Interpolations-array" count="24">
 LINEAR LINEAR LINEAR LINEAR LINEAR LINEAR LINEAR LINEAR LINEAR LINEAR LINEAR
LINEAR LINEAR LINEAR LINEAR LINEAR LINEAR LINEAR LINEAR LINEAR LINEAR LINEAR LINEAR
LINEAR</Name_array><technique_common><accessor source="#arissa_Spine1-Interpolations-array" count="24"><param type="name"/></accessor></technique_common></source><sampler id="arissa_Spine1-Matrix-animation-transform"><input semantic="INPUT" source="#arissa_Spine1-Matrix-animation-input"/><input semantic="OUTPUT" source="#arissa_Spine1-Matrix-animation-output-transform"/><input semantic="INTERPOLATION" source="#arissa_Spine1-Interpolations"/></sampler><channel source="#arissa_Spine1-Matrix-animation-transform" target="arissa_Spine1/matrix"/></animation>
    <animation id="arissa_Spine2-anim" name="arissa_Spine2"><source id="arissa_Spine2-Matrix-animation-input"><float_array id="arissa_Spine2-Matrix-animation-input-array" count="24">

0.000000 0.033333 0.066667 0.100000 0.133333 0.166667 0.200000 0.233333 0.266667 0.300000 0.333333 0.366667 0.400000 0.433333 0.466667 0.500000
0.533333 0.566667 0.600000 0.633333 0.666667 0.700000 0.733333 0.766667</float_array><technique_common><accessor source="#arissa_Spine2-Matrix-animation-input-array" count="24"><param name="TIME" type="float"/></accessor></technique_common></source><source id="arissa_Spine2-Matrix-animation-output-transform"><float_array id="arissa_Spine2-Matrix-animation-output-transform-array" count="384">

0.996830 0.079548 -0.001486 0.000000 -0.076304 0.950554 -0.301039 13.639600 -0.022534 0.300198 0.953611 -1.292300 0.000000 0.000000 0.000000 1.000000
0.995666 0.093006 0.000041 -0.000000 -0.088838 0.951179 -0.295577 13.639600 -0.027529 0.294292 0.955319 -1.292300 0.000000 0.000000 0.000000 1.000000
0.993925 0.110058 0.000750 0.000000 -0.105130 0.951394 -0.289479 13.639600 -0.032573 0.287641 0.957184 -1.292300 0.000000 0.000000 0.000000 1.000000
0.991699 0.128575 0.001545 -0.000000 -0.122916 0.951441 -0.282228 13.639600 -0.037757 0.279695 0.959346 -1.292300 0.000000 0.000000 0.000000 1.000000
0.989299 0.145880 0.002732 0.000000 -0.139534 0.951407 -0.274508 13.639600 -0.042644 0.271189 0.961581 -1.292300 0.000000 0.000000 0.000000 1.000000
0.987194 0.159474 0.004074 -0.000000 -0.152551 0.951187 -0.268275 13.639600 -0.046659 0.264218 0.963334 -1.292300 0.000000 0.000000 0.000000 1.000000
0.985810 0.167780 0.005276 0.000000 -0.160383 0.950694 -0.265438 13.639600 -0.049551 0.260826 0.964113 -1.292300 0.000000 0.000000 0.000000 1.000000
0.985199 0.171319 0.005754 0.000000 -0.163600 0.949769 -0.266785 13.639600 -0.051170 0.261895 0.963739 -1.292300 0.000000 0.000000 0.000000 1.000000
0.985370 0.170333 0.005778 0.000000 -0.162400 0.948682 -0.271346 13.639600 -0.051701 0.266437 0.962465 -1.292300 0.000000 0.000000 0.000000 1.000000
0.986240 0.165229 0.005518 -0.000000 -0.157169 0.947434 -0.278689 13.639600 -0.051275 0.273987 0.960366 -1.292300 0.000000 0.000000 0.000000 1.000000
0.987603 0.156906 0.004500 -0.000000 -0.149023 0.946224 -0.287146 13.639600 -0.049313 0.282916 0.957876 -1.292300 0.000000 0.000000 0.000000 1.000000
0.989260 0.146149 0.002224 0.000000 -0.139044 0.945639 -0.293995 13.639600 -0.045070 0.290528 0.955804 -1.292300 0.000000 0.000000 0.000000 1.000000
0.991046 0.133515 -0.001124 0.000000 -0.127860 0.946580 -0.296038 13.639600 -0.038461 0.293531 0.955175 -1.292300 0.000000 0.000000 0.000000 1.000000
0.992834 0.119409 -0.004678 -0.000000 -0.115623 0.949993 -0.290077 13.639600 -0.030194 0.288539 0.956992 -1.292300 0.000000 0.000000 0.000000 1.000000
0.994596 0.103612 -0.006534 0.000000 -0.101200 0.953549 -0.283731 13.639600 -0.023167 0.282859 0.958882 -1.292300 0.000000 0.000000 0.000000 1.000000
0.996120 0.087766 -0.006425 0.000000 -0.086138 0.957501 -0.275269 13.639600 -0.018007 0.274754 0.961346 -1.292300 0.000000 0.000000 0.000000 1.000000
0.997294 0.073320 -0.005445 0.000000 -0.072130 0.961385 -0.265588 13.639600 -0.014238 0.265262 0.964071 -1.292300 0.000000 0.000000 0.000000 1.000000
0.998086 0.061609 -0.005365 0.000000 -0.060912 0.964387 -0.257385 13.639600 -0.010683 0.257220 0.966294 -1.292300 0.000000 0.000000 0.000000 1.000000
0.998493 0.054445 -0.006901 0.000000 -0.054423 0.966111 -0.252326 13.639600 -0.007071 0.252322 0.967618 -1.292300 0.000000 0.000000 0.000000 1.000000
0.998552 0.053109 -0.008527 0.000000 -0.053552 0.966726 -0.250145 13.639600 -0.005042 0.250240 0.968171 -1.292300 0.000000 0.000000 0.000000 1.000000
0.998377 0.056249 -0.008952 0.000000 -0.056691 0.966218 -0.251414 13.639600 -0.005493 0.251514 0.967838 -1.292300 0.000000 0.000000 0.000000 1.000000
0.998034 0.062191 -0.007725 0.000000 -0.062065 0.963784 -0.259360 13.639600 -0.008684 0.259330 0.965750 -1.292300 0.000000 0.000000 0.000000 1.000000
0.997535 0.069984 -0.005127 0.000000 -0.068685 0.958820 -0.275586 13.639600 -0.014371 0.275258 0.961263 -1.292300 0.000000 0.000000 0.000000 1.000000
0.996782 0.080135 -0.001803 -0.000000 -0.077057 0.951826 -0.296797 13.639600 -0.022068 0.295981 0.954939 -1.292300 0.000000 0.000000 0.000000 1.000000</float_array><technique_common><accessor source="#arissa_Spine2-Matrix-animation-output-transform-array" count="24" stride="16"><param type="float4x4"/></accessor></technique_common></source><source id="arissa_Spine2-Interpolations"><Name_array id="arissa_Spine2-Interpolations-array" count="24">
 LINEAR LINEAR LINEAR LINEAR LINEAR LINEAR LINEAR LINEAR LINEAR LINEAR LINEAR
LINEAR LINEAR LINEAR LINEAR LINEAR LINEAR LINEAR LINEAR LINEAR LINEAR LINEAR LINEAR
LINEAR</Name_array><technique_common><accessor source="#arissa_Spine2-Interpolations-array" count="24"><param type="name"/></accessor></technique_common></source><sampler id="arissa_Spine2-Matrix-animation-transform"><input semantic="INPUT" source="#arissa_Spine2-Matrix-animation-input"/><input semantic="OUTPUT" source="#arissa_Spine2-Matrix-animation-output-transform"/><input semantic="INTERPOLATION" source="#arissa_Spine2-Interpolations"/></sampler><channel source="#arissa_Spine2-Matrix-animation-transform" target="arissa_Spine2/matrix"/></animation>
    <animation id="arissa_Neck-anim" name="arissa_Neck"><source id="arissa_Neck-Matrix-animation-input"><float_array id="arissa_Neck-Matrix-animation-input-array" count="24">

0.000000 0.033333 0.066667 0.100000 0.133333 0.166667 0.200000 0.233333 0.266667 0.300000 0.333333 0.366667 0.400000 0.433333 0.466667 0.500000
0.533333 0.566667 0.600000 0.633333 0.666667 0.700000 0.733333 0.766667</float_array><technique_common><accessor source="#arissa_Neck-Matrix-animation-input-array" count="24"><param name="TIME" type="float"/></accessor></technique_common></source><source id="arissa_Neck-Matrix-animation-output-transform"><float_array id="arissa_Neck-Matrix-animation-output-transform-array" count="384">

0.999184 -0.014394 -0.037739 -0.000000 0.016530 0.998242 0.056927 13.877400 0.036853 -0.057504 0.997665 -4.354200 0.000000 0.000000 0.000000 1.000000
0.999204 -0.012863 -0.037764 0.000000 0.015000 0.998269 0.056865 13.877400 0.036967 -0.057386 0.997667 -4.354200 0.000000 0.000000 0.000000 1.000000
0.999225 -0.011018 -0.037797 0.000000 0.013155 0.998302 0.056748 13.877400 0.037108 -0.057201 0.997673 -4.354200 0.000000 0.000000 0.000000 1.000000
0.999243 -0.009002 -0.037835 0.000000 0.011134 0.998340 0.056518 13.877400 0.037263 -0.056896 0.997684 -4.354200 0.000000 0.000000 0.000000 1.000000
0.999257 -0.007143 -0.037864 -0.000000 0.009264 0.998380 0.056132 13.877400 0.037402 -0.056441 0.997705 -4.354200 0.000000 0.000000 0.000000 1.000000
0.999266 -0.005840 -0.037865 0.000000 0.007942 0.998422 0.055599 13.877400 0.037481 -0.055858 0.997735 -4.354200 0.000000 0.000000 0.000000 1.000000
0.999270 -0.005353 -0.037830 0.000000 0.007431 0.998458 0.055007 13.877400 0.037477 -0.055248 0.997769 -4.354200 0.000000 0.000000 0.000000 1.000000
0.999270 -0.005720 -0.037771 0.000000 0.007775 0.998483 0.054505 13.877400 0.037402 -0.054759 0.997799 -4.354200 0.000000 0.000000 0.000000 1.000000
0.999265 -0.006838 -0.037713 0.000000 0.008880 0.998488 0.054256 13.877400 0.037285 -0.054551 0.997815 -4.354200 0.000000 0.000000 0.000000 1.000000
0.999254 -0.008578 -0.037667 0.000000 0.010621 0.998464 0.054385 13.877400 0.037143 -0.054745 0.997809 -4.354200 0.000000 0.000000 0.000000 1.000000
0.999233 -0.010825 -0.037620 0.000000 0.012884 0.998407 0.054932 13.877400 0.036965 -0.055374 0.997781 -4.354200 0.000000 0.000000 0.000000 1.000000
0.999205 -0.013435 -0.037546 0.000000 0.015522 0.998319 0.055849 13.877400 0.036733 -0.056387 0.997733 -4.354200 0.000000 0.000000 0.000000 1.000000
0.999168 -0.016173 -0.037430 -0.000000 0.018293 0.998206 0.057006 13.877400 0.036441 -0.057644 0.997672 -4.354200 0.000000 0.000000 0.000000 1.000000
0.999129 -0.018727 -0.037281 0.000000 0.020880 0.998085 0.058219 13.877400 0.036119 -0.058947 0.997607 -4.354200 0.000000 0.000000 0.000000 1.000000
0.999094 -0.020803 -0.037124 0.000000 0.022982 0.997977 0.059276 13.877400 0.035815 -0.060075 0.997551 -4.354200 0.000000 0.000000 0.000000 1.000000
0.999068 -0.022229 -0.036992 0.000000 0.024425 0.997900 0.059991 13.877400 0.035581 -0.060838 0.997513 -4.354200 0.000000 0.000000 0.000000 1.000000
0.999054 -0.022972 -0.036914 0.000000 0.025171 0.997865 0.060258 13.877400 0.035451 -0.061131 0.997500 -4.354200 0.000000 0.000000 0.000000 1.000000
0.999053 -0.023029 -0.036908 -0.000000 0.025222 0.997875 0.060083 13.877400 0.035446 -0.060957 0.997511 -4.354200 0.000000 0.000000 0.000000 1.000000
0.999065 -0.022382 -0.036982 0.000000 0.024562 0.997921 0.059579 13.877400 0.035571 -0.060432 0.997538 -4.354200 0.000000 0.000000 0.000000 1.000000
0.999088 -0.021080 -0.037123 -0.000000 0.023246 0.997992 0.058920 13.877400 0.035807 -0.059729 0.997572 -4.354200 0.000000 0.000000 0.000000 1.000000
0.999117 -0.019346 -0.037303 0.000000 0.021501 0.998069 0.058269 13.877400 0.036103 -0.059020 0.997604 -4.354200 0.000000 0.000000 0.000000 1.000000
0.999144 -0.017513 -0.037479 -0.000000 0.019660 0.998139 0.057722 13.877400 0.036399 -0.058410 0.997629 -4.354200 0.000000 0.000000 0.000000 1.000000
0.999166 -0.015833 -0.037627 -0.000000 0.017975 0.998196 0.057287 13.877400 0.036653 -0.057916 0.997648 -4.354200 0.000000 0.000000 0.000000 1.000000
0.999184 -0.014394 -0.037739 0.000000 0.016530 0.998242 0.056927 13.877400 0.036853 -0.057504 0.997665 -4.354200 0.000000 0.000000 0.000000 1.000000</float_array><technique_common><accessor source="#arissa_Neck-Matrix-animation-output-transform-array" count="24" stride="16"><param type="float4x4"/></accessor></technique_common></source><source id="arissa_Neck-Interpolations"><Name_array id="arissa_Neck-Interpolations-array" count="24">
 LINEAR LINEAR LINEAR LINEAR LINEAR LINEAR LINEAR LINEAR LINEAR LINEAR LINEAR
LINEAR LINEAR LINEAR LINEAR LINEAR LINEAR LINEAR LINEAR LINEAR LINEAR LINEAR LINEAR
LINEAR</Name_array><technique_common><accessor source="#arissa_Neck-Interpolations-array" count="24"><param type="name"/></accessor></technique_common></source><sampler id="arissa_Neck-Matrix-animation-transform"><input semantic="INPUT" source="#arissa_Neck-Matrix-animation-input"/><input semantic="OUTPUT" source="#arissa_Neck-Matrix-animation-output-transform"/><input semantic="INTERPOLATION" source="#arissa_Neck-Interpolations"/></sampler><channel source="#arissa_Neck-Matrix-animation-transform" target="arissa_Neck/matrix"/></animation>
    <animation id="arissa_Neck1-anim" name="arissa_Neck1"><source id="arissa_Neck1-Matrix-animation-input"><float_array id="arissa_Neck1-Matrix-animation-input-array" count="24">

0.000000 0.033333 0.066667 0.100000 0.133333 0.166667 0.200000 0.233333 0.266667 0.300000 0.333333 0.366667 0.400000 0.433333 0.466667 0.500000
0.533333 0.566667 0.600000 0.633333 0.666667 0.700000 0.733333 0.766667</float_array><technique_common><accessor source="#arissa_Neck1-Matrix-animation-input-array" count="24"><param name="TIME" type="float"/></accessor></technique_common></source><source id="arissa_Neck1-Matrix-animation-output-transform"><float_array id="arissa_Neck1-Matrix-animation-output-transform-array" count="384">

0.999184 -0.014393 -0.037738 -0.000000 0.016530 0.998242 0.056925 4.340000 0.036853 -0.057502 0.997665 0.926900 0.000000 0.000000 0.000000 1.000000
0.999204 -0.012863 -0.037764 0.000000 0.015000 0.998269 0.056865 4.340000 0.036967 -0.057386 0.997667 0.926900 0.000000 0.000000 0.000000 1.000000
0.999225 -0.011018 -0.037797 0.000000 0.013155 0.998302 0.056747 4.340000 0.037108 -0.057201 0.997673 0.926900 0.000000 0.000000 0.000000 1.000000
0.999243 -0.009002 -0.037835 0.000000 0.011134 0.998340 0.056514 4.340000 0.037263 -0.056892 0.997685 0.926900 0.000000 0.000000 0.000000 1.000000
0.999257 -0.007143 -0.037864 -0.000000 0.009264 0.998380 0.056132 4.340000 0.037402 -0.056441 0.997705 0.926900 0.000000 0.000000 0.000000 1.000000
0.999266 -0.005841 -0.037865 0.000000 0.007942 0.998422 0.055598 4.340000 0.037481 -0.055858 0.997735 0.926900 0.000000 0.000000 0.000000 1.000000
0.999270 -0.005353 -0.037830 0.000000 0.007431 0.998458 0.055007 4.340000 0.037478 -0.055248 0.997769 0.926900 0.000000 0.000000 0.000000 1.000000
0.999270 -0.005720 -0.037771 0.000000 0.007775 0.998483 0.054505 4.340000 0.037402 -0.054759 0.997799 0.926900 0.000000 0.000000 0.000000 1.000000
0.999265 -0.006838 -0.037713 0.000000 0.008880 0.998488 0.054257 4.340000 0.037285 -0.054552 0.997815 0.926900 0.000000 0.000000 0.000000 1.000000
0.999254 -0.008578 -0.037667 0.000000 0.010621 0.998463 0.054386 4.340000 0.037143 -0.054745 0.997809 0.926900 0.000000 0.000000 0.000000 1.000000
0.999233 -0.010825 -0.037620 0.000000 0.012884 0.998407 0.054932 4.340000 0.036965 -0.055374 0.997781 0.926900 0.000000 0.000000 0.000000 1.000000
0.999205 -0.013435 -0.037546 -0.000000 0.015522 0.998319 0.055847 4.340000 0.036733 -0.056386 0.997733 0.926900 0.000000 0.000000 0.000000 1.000000
0.999168 -0.016173 -0.037430 -0.000000 0.018293 0.998206 0.057007 4.340000 0.036441 -0.057644 0.997672 0.926900 0.000000 0.000000 0.000000 1.000000
0.999129 -0.018727 -0.037281 -0.000000 0.020880 0.998085 0.058219 4.340000 0.036119 -0.058947 0.997607 0.926900 0.000000 0.000000 0.000000 1.000000
0.999094 -0.020803 -0.037124 -0.000000 0.022982 0.997977 0.059276 4.340000 0.035815 -0.060075 0.997551 0.926900 0.000000 0.000000 0.000000 1.000000
0.999068 -0.022229 -0.036992 0.000000 0.024424 0.997900 0.059991 4.340000 0.035581 -0.060839 0.997513 0.926900 0.000000 0.000000 0.000000 1.000000
0.999054 -0.022972 -0.036914 0.000000 0.025172 0.997865 0.060259 4.340000 0.035451 -0.061132 0.997500 0.926900 0.000000 0.000000 0.000000 1.000000
0.999053 -0.023029 -0.036908 0.000000 0.025221 0.997875 0.060083 4.340000 0.035446 -0.060957 0.997511 0.926900 0.000000 0.000000 0.000000 1.000000
0.999065 -0.022382 -0.036982 0.000000 0.024562 0.997921 0.059579 4.340000 0.035571 -0.060432 0.997538 0.926900 0.000000 0.000000 0.000000 1.000000
0.999088 -0.021079 -0.037123 0.000000 0.023246 0.997992 0.058920 4.340000 0.035807 -0.059729 0.997572 0.926900 0.000000 0.000000 0.000000 1.000000
0.999117 -0.019346 -0.037303 -0.000000 0.021501 0.998069 0.058269 4.340000 0.036103 -0.059020 0.997604 0.926900 0.000000 0.000000 0.000000 1.000000
0.999144 -0.017513 -0.037479 0.000000 0.019660 0.998139 0.057722 4.340000 0.036399 -0.058410 0.997629 0.926900 0.000000 0.000000 0.000000 1.000000
0.999166 -0.015833 -0.037627 0.000000 0.017975 0.998196 0.057287 4.340000 0.036653 -0.057916 0.997648 0.926900 0.000000 0.000000 0.000000 1.000000
0.999184 -0.014394 -0.037739 0.000000 0.016530 0.998242 0.056926 4.340000 0.036853 -0.057504 0.997665 0.926900 0.000000 0.000000 0.000000 1.000000</float_array><technique_common><accessor source="#arissa_Neck1-Matrix-animation-output-transform-array" count="24" stride="16"><param type="float4x4"/></accessor></technique_common></source><source id="arissa_Neck1-Interpolations"><Name_array id="arissa_Neck1-Interpolations-array" count="24">
 LINEAR LINEAR LINEAR LINEAR LINEAR LINEAR LINEAR LINEAR LINEAR LINEAR LINEAR
LINEAR LINEAR LINEAR LINEAR LINEAR LINEAR LINEAR LINEAR LINEAR LINEAR LINEAR LINEAR
LINEAR</Name_array><technique_common><accessor source="#arissa_Neck1-Interpolations-array" count="24"><param type="name"/></accessor></technique_common></source><sampler id="arissa_Neck1-Matrix-animation-transform"><input semantic="INPUT" source="#arissa_Neck1-Matrix-animation-input"/><input semantic="OUTPUT" source="#arissa_Neck1-Matrix-animation-output-transform"/><input semantic="INTERPOLATION" source="#arissa_Neck1-Interpolations"/></sampler><channel source="#arissa_Neck1-Matrix-animation-transform" target="arissa_Neck1/matrix"/></animation>
    <animation id="arissa_Head-anim" name="arissa_Head"><source id="arissa_Head-Matrix-animation-input"><float_array id="arissa_Head-Matrix-animation-input-array" count="24">

0.000000 0.033333 0.066667 0.100000 0.133333 0.166667 0.200000 0.233333 0.266667 0.300000 0.333333 0.366667 0.400000 0.433333 0.466667 0.500000
0.533333 0.566667 0.600000 0.633333 0.666667 0.700000 0.733333 0.766667</float_array><technique_common><accessor source="#arissa_Head-Matrix-animation-input-array" count="24"><param name="TIME" type="float"/></accessor></technique_common></source><source id="arissa_Head-Matrix-animation-output-transform"><float_array id="arissa_Head-Matrix-animation-output-transform-array" count="384">

0.999184 -0.014395 -0.037739 -0.000000 0.016531 0.998241 0.056928 4.026600 0.036853 -0.057506 0.997665 0.858500 0.000000 0.000000 0.000000 1.000000
0.999204 -0.012863 -0.037764 0.000000 0.015000 0.998269 0.056865 4.026600 0.036967 -0.057386 0.997667 0.858500 0.000000 0.000000 0.000000 1.000000
0.999225 -0.011018 -0.037797 -0.000000 0.013154 0.998302 0.056747 4.026600 0.037108 -0.057200 0.997673 0.858500 0.000000 0.000000 0.000000 1.000000
0.999243 -0.009002 -0.037835 0.000000 0.011134 0.998339 0.056521 4.026600 0.037263 -0.056899 0.997684 0.858500 0.000000 0.000000 0.000000 1.000000
0.999257 -0.007143 -0.037864 0.000000 0.009264 0.998380 0.056131 4.026600 0.037402 -0.056440 0.997705 0.858500 0.000000 0.000000 0.000000 1.000000
0.999266 -0.005840 -0.037865 0.000000 0.007942 0.998422 0.055599 4.026600 0.037481 -0.055859 0.997735 0.858500 0.000000 0.000000 0.000000 1.000000
0.999270 -0.005353 -0.037830 0.000000 0.007431 0.998458 0.055007 4.026600 0.037478 -0.055247 0.997769 0.858500 0.000000 0.000000 0.000000 1.000000
0.999270 -0.005720 -0.037771 -0.000000 0.007775 0.998483 0.054505 4.026600 0.037402 -0.054759 0.997799 0.858500 0.000000 0.000000 0.000000 1.000000
0.999265 -0.006838 -0.037713 0.000000 0.008880 0.998488 0.054256 4.026600 0.037285 -0.054552 0.997815 0.858500 0.000000 0.000000 0.000000 1.000000
0.999254 -0.008578 -0.037667 0.000000 0.010621 0.998464 0.054385 4.026600 0.037143 -0.054745 0.997809 0.858500 0.000000 0.000000 0.000000 1.000000
0.999233 -0.010825 -0.037620 -0.000000 0.012884 0.998407 0.054931 4.026600 0.036965 -0.055374 0.997781 0.858500 0.000000 0.000000 0.000000 1.000000
0.999205 -0.013435 -0.037546 0.000000 0.015522 0.998319 0.055850 4.026600 0.036733 -0.056388 0.997733 0.858500 0.000000 0.000000 0.000000 1.000000
0.999168 -0.016173 -0.037430 -0.000000 0.018293 0.998206 0.057006 4.026600 0.036441 -0.057644 0.997672 0.858500 0.000000 0.000000 0.000000 1.000000
0.999129 -0.018727 -0.037281 0.000000 0.020880 0.998085 0.058219 4.026600 0.036119 -0.058947 0.997607 0.858500 0.000000 0.000000 0.000000 1.000000
0.999094 -0.020803 -0.037124 -0.000000 0.022982 0.997977 0.059275 4.026600 0.035815 -0.060075 0.997551 0.858500 0.000000 0.000000 0.000000 1.000000
0.999068 -0.022229 -0.036992 0.000000 0.024425 0.997900 0.059990 4.026600 0.035581 -0.060838 0.997513 0.858500 0.000000 0.000000 0.000000 1.000000
0.999054 -0.022971 -0.036914 0.000000 0.025170 0.997866 0.060257 4.026600 0.035451 -0.061129 0.997500 0.858500 0.000000 0.000000 0.000000 1.000000
0.999053 -0.023029 -0.036908 0.000000 0.025222 0.997875 0.060083 4.026600 0.035446 -0.060957 0.997511 0.858500 0.000000 0.000000 0.000000 1.000000
0.999065 -0.022382 -0.036982 0.000000 0.024562 0.997921 0.059579 4.026600 0.035571 -0.060432 0.997538 0.858500 0.000000 0.000000 0.000000 1.000000
0.999088 -0.021080 -0.037123 0.000000 0.023246 0.997992 0.058920 4.026600 0.035807 -0.059730 0.997572 0.858500 0.000000 0.000000 0.000000 1.000000
0.999117 -0.019346 -0.037303 0.000000 0.021501 0.998069 0.058270 4.026600 0.036103 -0.059020 0.997604 0.858500 0.000000 0.000000 0.000000 1.000000
0.999144 -0.017513 -0.037479 -0.000000 0.019661 0.998139 0.057722 4.026600 0.036399 -0.058410 0.997629 0.858500 0.000000 0.000000 0.000000 1.000000
0.999166 -0.015833 -0.037627 0.000000 0.017975 0.998196 0.057288 4.026600 0.036653 -0.057916 0.997648 0.858500 0.000000 0.000000 0.000000 1.000000
0.999184 -0.014394 -0.037739 0.000000 0.016530 0.998241 0.056927 4.026600 0.036853 -0.057504 0.997665 0.858500 0.000000 0.000000 0.000000 1.000000</float_array><technique_common><accessor source="#arissa_Head-Matrix-animation-output-transform-array" count="24" stride="16"><param type="float4x4"/></accessor></technique_common></source><source id="arissa_Head-Interpolations"><Name_array id="arissa_Head-Interpolations-array" count="24">
 LINEAR LINEAR LINEAR LINEAR LINEAR LINEAR LINEAR LINEAR LINEAR LINEAR LINEAR
LINEAR LINEAR LINEAR LINEAR LINEAR LINEAR LINEAR LINEAR LINEAR LINEAR LINEAR LINEAR
LINEAR</Name_array><technique_common><accessor source="#arissa_Head-Interpolations-array" count="24"><param type="name"/></accessor></technique_common></source><sampler id="arissa_Head-Matrix-animation-transform"><input semantic="INPUT" source="#arissa_Head-Matrix-animation-input"/><input semantic="OUTPUT" source="#arissa_Head-Matrix-animation-output-transform"/><input semantic="INTERPOLATION" source="#arissa_Head-Interpolations"/></sampler><channel source="#arissa_Head-Matrix-animation-transform" target="arissa_Head/matrix"/></animation>
    <animation id="arissa_LeftShoulder-anim" name="arissa_LeftShoulder"><source id="arissa_LeftShoulder-Matrix-animation-input"><float_array id="arissa_LeftShoulder-Matrix-animation-input-array" count="24">

0.000000 0.033333 0.066667 0.100000 0.133333 0.166667 0.200000 0.233333 0.266667 0.300000 0.333333 0.366667 0.400000 0.433333 0.466667 0.500000
0.533333 0.566667 0.600000 0.633333 0.666667 0.700000 0.733333 0.766667</float_array><technique_common><accessor source="#arissa_LeftShoulder-Matrix-animation-input-array" count="24"><param name="TIME" type="float"/></accessor></technique_common></source><source id="arissa_LeftShoulder-Matrix-animation-output-transform"><float_array id="arissa_LeftShoulder-Matrix-animation-output-transform-array" count="384">

0.682414 0.223526 -0.695950 6.144200 0.597089 0.378758 0.707126 10.187000 0.421658 -0.898097 0.125004 -3.793200 0.000000 0.000000 0.000000 1.000000
0.692935 0.210213 -0.689675 6.144200 0.594570 0.374469 0.711519 10.187000 0.407833 -0.903096 0.134496 -3.793200 0.000000 0.000000 0.000000 1.000000
0.705539 0.193679 -0.681691 6.144200 0.591339 0.369230 0.716929 10.187000 0.390555 -0.908932 0.145977 -3.793200 0.000000 0.000000 0.000000 1.000000
0.719511 0.174562 -0.672184 6.144200 0.587399 0.363389 0.723126 10.187000 0.370495 -0.915137 0.158925 -3.793200 0.000000 0.000000 0.000000 1.000000
0.733070 0.155037 -0.662247 6.144200 0.583217 0.357688 0.729326 10.187000 0.349951 -0.920882 0.171790 -3.793200 0.000000 0.000000 0.000000 1.000000
0.743938 0.138207 -0.653800 6.144200 0.579756 0.353067 0.734321 10.187000 0.332324 -0.925334 0.182533 -3.793200 0.000000 0.000000 0.000000 1.000000
0.750380 0.126600 -0.648770 6.144200 0.578101 0.350222 0.736983 10.187000 0.320515 -0.928072 0.189612 -3.793200 0.000000 0.000000 0.000000 1.000000
0.751551 0.121482 -0.648393 6.144200 0.579044 0.349400 0.736632 10.187000 0.316037 -0.929065 0.192249 -3.793200 0.000000 0.000000 0.000000 1.000000
0.747381 0.122902 -0.652929 6.144200 0.582825 0.350515 0.733113 10.187000 0.318962 -0.928458 0.190338 -3.793200 0.000000 0.000000 0.000000 1.000000
0.738411 0.129978 -0.661706 6.144200 0.589066 0.353317 0.726752 10.187000 0.328253 -0.926430 0.184328 -3.793200 0.000000 0.000000 0.000000 1.000000
0.725719 0.141251 -0.673335 6.144200 0.596880 0.357457 0.718302 10.187000 0.342150 -0.923186 0.175104 -3.793200 0.000000 0.000000 0.000000 1.000000
