<?xml version="1.0" encoding="utf-8"?>
<COLLADA xmlns="http://www.collada.org/2005/11/COLLADASchema" version="1.4.1">
  <asset><contributor><author>Mixamo</author><authoring_tool>COLLADA Mixamo exporter</authoring_tool><comments></comments></contributor><created>2018-04-11T19:04:48Z</created><modified>2018-04-11T19:04:48Z</modified><revision></revision><title></title><unit meter="0.010000"/><up_axis>Y_UP</up_axis></asset>
  <library_animations>
    <animation id="arissa_Hips-anim" name="arissa_Hips"><source id="arissa_Hips-Matrix-animation-input"><float_array id="arissa_Hips-Matrix-animation-input-array" count="17">

0.000000 0.033333 0.066667 0.100000 0.133333 0.166667 0.200000 0.233333 0.266667 0.300000 0.333333 0.366667 0.400000 0.433333 0.466667 0.500000
0.533333</float_array><technique_common><accessor source="#arissa_Hips-Matrix-animation-input-array" count="17"><param name="TIME" type="float"/></accessor></technique_common></source><source id="arissa_Hips-Matrix-animation-output-transform"><float_array id="arissa_Hips-Matrix-animation-output-transform-array" count="272">

0.971756 -0.026200 -0.234529 0.071352 -0.050011 0.948382 -0.313163 88.499527 0.230628 0.316047 0.920285 -0.168535 0.000000 0.000000 0.000000 1.000000
0.973396 -0.126989 -0.190719 0.555528 0.060349 0.945068 -0.321254 87.672333 0.221038 0.301198 0.927589 16.684200 0.000000 0.000000 0.000000 1.000000
0.965708 -0.249413 -0.072122 0.288840 0.214049 0.922044 -0.322519 86.535347 0.146940 0.296021 0.943811 33.032726 0.000000 0.000000 0.000000 1.000000
0.976630 -0.214733 0.009092 -0.511612 0.205257 0.919314 -0.335754 87.730568 0.063739 0.329774 0.941906 50.583214 0.000000 0.000000 0.000000 1.000000
0.994013 -0.099280 0.045617 -1.324157 0.108648 0.942265 -0.316752 89.714417 -0.011536 0.319812 0.947411 69.841309 0.000000 0.000000 0.000000 1.000000
0.996274 -0.051116 0.069461 -1.471616 0.069074 0.955197 -0.287799 90.185898 -0.051638 0.291524 0.955169 88.075287 0.000000 0.000000 0.000000 1.000000
0.994037 -0.059417 0.091438 -1.113264 0.083708 0.953168 -0.290626 89.627991 -0.069887 0.296547 0.952458 105.347572 0.000000 0.000000 0.000000 1.000000
0.987065 -0.052638 0.151433 -0.957725 0.097379 0.947205 -0.305483 88.797081 -0.127358 0.316278 0.940079 121.519081 0.000000 0.000000 0.000000 1.000000
0.986672 0.018415 0.161679 -0.916296 0.030392 0.955237 -0.294275 88.845566 -0.159861 0.295267 0.941946 138.392288 0.000000 0.000000 0.000000 1.000000
0.985567 0.157029 0.063239 -0.751610 -0.133452 0.950540 -0.280473 89.044418 -0.104154 0.267985 0.957777 156.552536 0.000000 0.000000 0.000000 1.000000
0.965734 0.257065 -0.035714 -0.473831 -0.255681 0.918722 -0.300961 88.438393 -0.044555 0.299779 0.952968 174.054352 0.000000 0.000000 0.000000 1.000000
0.980817 0.178779 -0.077695 0.305090 -0.194482 0.924535 -0.327736 90.102051 0.013239 0.336559 0.941569 193.302307 0.000000 0.000000 0.000000 1.000000
0.993506 0.078687 -0.082185 1.300052 -0.100311 0.946642 -0.306279 90.457451 0.053699 0.312534 0.948388 212.852570 0.000000 0.000000 0.000000 1.000000
0.995114 0.023012 -0.096016 1.687234 -0.048804 0.959995 -0.275732 90.455856 0.085830 0.279071 0.956427 232.410995 0.000000 0.000000 0.000000 1.000000
0.992387 0.028081 -0.119914 1.112948 -0.061238 0.957274 -0.282623 89.231346 0.106854 0.287815 0.951706 251.004852 0.000000 0.000000 0.000000 1.000000
0.980002 0.033399 -0.196165 0.331483 -0.093559 0.947390 -0.306101 88.233162 0.175622 0.318333 0.931569 268.938110 0.000000 0.000000 0.000000 1.000000
0.971756 -0.026200 -0.234529 0.071348 -0.050011 0.948382 -0.313163 88.499542 0.230628 0.316047 0.920285 287.172455 0.000000 0.000000 0.000000 1.000000</float_array><technique_common><accessor source="#arissa_Hips-Matrix-animation-output-transform-array" count="17" stride="16"><param type="float4x4"/></accessor></technique_common></source><source id="arissa_Hips-Interpolations"><Name_array id="arissa_Hips-Interpolations-array" count="17">
 LINEAR LINEAR LINEAR LINEAR LINEAR LINEAR LINEAR LINEAR LINEAR LINEAR LINEAR
LINEAR LINEAR LINEAR LINEAR LINEAR LINEAR</Name_array><technique_common><accessor source="#arissa_Hips-Interpolations-array" count="17"><param type="name"/></accessor></technique_common></source><sampler id="arissa_Hips-Matrix-animation-transform"><input semantic="INPUT" source="#arissa_Hips-Matrix-animation-input"/><input semantic="OUTPUT" source="#arissa_Hips-Matrix-animation-output-transform"/><input semantic="INTERPOLATION" source="#arissa_Hips-Interpolations"/></sampler><channel source="#arissa_Hips-Matrix-animation-transform" target="arissa_Hips/matrix"/></animation>
    <animation id="arissa_Spine-anim" name="arissa_Spine"><source id="arissa_Spine-Matrix-animation-input"><float_array id="arissa_Spine-Matrix-animation-input-array" count="17">

0.000000 0.033333 0.066667 0.100000 0.133333 0.166667 0.200000 0.233333 0.266667 0.300000 0.333333 0.366667 0.400000 0.433333 0.466667 0.500000
0.533333</float_array><technique_common><accessor source="#arissa_Spine-Matrix-animation-input-array" count="17"><param name="TIME" type="float"/></accessor></technique_common></source><source id="arissa_Spine-Matrix-animation-output-transform"><float_array id="arissa_Spine-Matrix-animation-output-transform-array" count="272">

0.993559 0.008788 0.112975 0.000000 0.003357 0.994268 -0.106864 9.226300 -0.113267 0.106555 0.987834 1.577100 0.000000 0.000000 0.000000 1.000000
0.979817 0.105236 0.169953 0.000000 -0.088621 0.990770 -0.102574 9.226300 -0.179179 0.085443 0.980099 1.577100 0.000000 0.000000 0.000000 1.000000
0.949557 0.242137 0.199276 0.000000 -0.217769 0.966397 -0.136577 9.226300 -0.225651 0.086292 0.970379 1.577100 0.000000 0.000000 0.000000 1.000000
0.950536 0.235179 0.202909 0.000000 -0.212433 0.968793 -0.127717 9.226300 -0.226613 0.078295 0.970833 1.577100 0.000000 0.000000 0.000000 1.000000
0.976922 0.148738 0.153301 0.000000 -0.131562 0.984412 -0.116721 9.226300 -0.168272 0.093859 0.981262 1.577100 0.000000 0.000000 0.000000 1.000000
0.991252 0.113023 0.068163 0.000000 -0.103834 0.986594 -0.125902 9.226300 -0.081479 0.117723 0.989698 1.577100 0.000000 0.000000 0.000000 1.000000
0.992915 0.118194 -0.012225 -0.000000 -0.118825 0.987503 -0.103528 9.226300 -0.000164 0.104247 0.994551 1.577100 0.000000 0.000000 0.000000 1.000000
0.991628 0.097404 -0.084772 0.000000 -0.104625 0.990840 -0.085375 9.226300 0.075680 0.093530 0.992736 1.577100 0.000000 0.000000 0.000000 1.000000
0.991223 0.013798 -0.131479 0.000000 -0.029138 0.992883 -0.115476 9.226300 0.128950 0.118294 0.984570 1.577100 0.000000 0.000000 0.000000 1.000000
0.979739 -0.128356 -0.153738 0.000000 0.104603 0.982561 -0.153728 9.226300 0.170789 0.134532 0.976080 1.577100 0.000000 0.000000 0.000000 1.000000
0.952764 -0.249165 -0.173659 0.000000 0.220485 0.960687 -0.168719 9.226300 0.208871 0.122460 0.970246 1.577100 0.000000 0.000000 0.000000 1.000000
0.964953 -0.201404 -0.168234 -0.000000 0.178170 0.973484 -0.143475 9.226300 0.192670 0.108472 0.975250 1.577100 0.000000 0.000000 0.000000 1.000000
0.983400 -0.121781 -0.134516 0.000000 0.100539 0.982821 -0.154771 9.226300 0.151053 0.138678 0.978750 1.577100 0.000000 0.000000 0.000000 1.000000
0.992796 -0.077643 -0.091255 0.000000 0.061603 0.984024 -0.167038 9.226300 0.102767 0.160213 0.981718 1.577100 0.000000 0.000000 0.000000 1.000000
0.996057 -0.078720 -0.040908 0.000000 0.072334 0.987613 -0.139242 9.226300 0.051362 0.135734 0.989413 1.577100 0.000000 0.000000 0.000000 1.000000
0.997186 -0.063395 0.040018 -0.000000 0.067270 0.992262 -0.104359 9.226300 -0.033093 0.106757 0.993734 1.577100 0.000000 0.000000 0.000000 1.000000
0.993559 0.008788 0.112975 0.000000 0.003357 0.994268 -0.106864 9.226300 -0.113267 0.106555 0.987834 1.577100 0.000000 0.000000 0.000000 1.000000</float_array><technique_common><accessor source="#arissa_Spine-Matrix-animation-output-transform-array" count="17" stride="16"><param type="float4x4"/></accessor></technique_common></source><source id="arissa_Spine-Interpolations"><Name_array id="arissa_Spine-Interpolations-array" count="17">
 LINEAR LINEAR LINEAR LINEAR LINEAR LINEAR LINEAR LINEAR LINEAR LINEAR LINEAR
LINEAR LINEAR LINEAR LINEAR LINEAR LINEAR</Name_array><technique_common><accessor source="#arissa_Spine-Interpolations-array" count="17"><param type="name"/></accessor></technique_common></source><sampler id="arissa_Spine-Matrix-animation-transform"><input semantic="INPUT" source="#arissa_Spine-Matrix-animation-input"/><input semantic="OUTPUT" source="#arissa_Spine-Matrix-animation-output-transform"/><input semantic="INTERPOLATION" source="#arissa_Spine-Interpolations"/></sampler><channel source="#arissa_Spine-Matrix-animation-transform" target="arissa_Spine/matrix"/></animation>
    <animation id="arissa_Spine1-anim" name="arissa_Spine1"><source id="arissa_Spine1-Matrix-animation-input"><float_array id="arissa_Spine1-Matrix-animation-input-array" count="17">

0.000000 0.033333 0.066667 0.100000 0.133333 0.166667 0.200000 0.233333 0.266667 0.300000 0.333333 0.366667 0.400000 0.433333 0.466667 0.500000
0.533333</float_array><technique_common><accessor source="#arissa_Spine1-Matrix-animation-input-array" count="17"><param name="TIME" type="float"/></accessor></technique_common></source><source id="arissa_Spine1-Matrix-animation-output-transform"><float_array id="arissa_Spine1-Matrix-animation-output-transform-array" count="272">

0.998937 0.001287 0.046075 -0.000000 0.001948 0.997539 -0.070085 16.254000 -0.046052 0.070100 0.996476 -0.165600 0.000000 0.000000 0.000000 1.000000
0.997554 0.022379 0.066219 -0.000000 -0.017883 0.997543 -0.067734 16.254000 -0.067572 0.066384 0.995503 -0.165600 0.000000 0.000000 0.000000 1.000000
0.996406 0.039458 0.074951 -0.000000 -0.033510 0.996309 -0.079026 16.254000 -0.077793 0.076231 0.994051 -0.165600 0.000000 0.000000 0.000000 1.000000
0.996513 0.040915 0.072716 0.000000 -0.035669 0.996765 -0.072021 16.254000 -0.075427 0.069177 0.994749 -0.165600 0.000000 0.000000 0.000000 1.000000
0.998008 0.034884 0.052567 0.000000 -0.031582 0.997553 -0.062377 16.254000 -0.054614 0.060593 0.996667 -0.165600 0.000000 0.000000 0.000000 1.000000
0.999056 0.032329 0.029019 0.000000 -0.030367 0.997378 -0.065687 16.254000 -0.031067 0.064744 0.997418 -0.165600 0.000000 0.000000 0.000000 1.000000
0.999381 0.035185 -0.000193 -0.000000 -0.035126 0.997367 -0.063451 16.254000 -0.002040 0.063418 0.997985 -0.165600 0.000000 0.000000 0.000000 1.000000
0.998930 0.028857 -0.036130 0.000000 -0.031165 0.997397 -0.065029 16.254000 0.034159 0.066085 0.997229 -0.165600 0.000000 0.000000 0.000000 1.000000
0.997967 0.006167 -0.063428 0.000000 -0.011329 0.996621 -0.081350 16.254000 0.062712 0.081903 0.994665 -0.165600 0.000000 0.000000 0.000000 1.000000
0.997180 -0.021611 -0.071865 0.000000 0.014872 0.995554 -0.093011 16.254000 0.073556 0.091680 0.993068 -0.165600 0.000000 0.000000 0.000000 1.000000
0.996156 -0.039557 -0.078162 0.000000 0.032107 0.995020 -0.094368 16.254000 0.081506 0.091496 0.992464 -0.165600 0.000000 0.000000 0.000000 1.000000
0.997064 -0.037101 -0.066988 0.000000 0.031626 0.996210 -0.081022 16.254000 0.069740 0.078666 0.994459 -0.165600 0.000000 0.000000 0.000000 1.000000
0.998739 -0.028253 -0.041509 0.000000 0.024827 0.996416 -0.080861 16.254000 0.043645 0.079729 0.995861 -0.165600 0.000000 0.000000 0.000000 1.000000
0.998960 -0.026117 -0.037366 -0.000000 0.022865 0.996122 -0.084965 16.254000 0.039440 0.084022 0.995683 -0.165600 0.000000 0.000000 0.000000 1.000000
0.999178 -0.025459 -0.031543 0.000000 0.022961 0.996754 -0.077157 16.254000 0.033405 0.076370 0.996520 -0.165600 0.000000 0.000000 0.000000 1.000000
0.999762 -0.018149 0.012109 0.000000 0.018903 0.997678 -0.065430 16.254000 -0.010894 0.065644 0.997784 -0.165600 0.000000 0.000000 0.000000 1.000000
0.998937 0.001287 0.046075 0.000000 0.001948 0.997539 -0.070085 16.254000 -0.046052 0.070100 0.996476 -0.165600 0.000000 0.000000 0.000000 1.000000</float_array><technique_common><accessor source="#arissa_Spine1-Matrix-animation-output-transform-array" count="17" stride="16"><param type="float4x4"/></accessor></technique_common></source><source id="arissa_Spine1-Interpolations"><Name_array id="arissa_Spine1-Interpolations-array" count="17">
 LINEAR LINEAR LINEAR LINEAR LINEAR LINEAR LINEAR LINEAR LINEAR LINEAR LINEAR
LINEAR LINEAR LINEAR LINEAR LINEAR LINEAR</Name_array><technique_common><accessor source="#arissa_Spine1-Interpolations-array" count="17"><param type="name"/></accessor></technique_common></source><sampler id="arissa_Spine1-Matrix-animation-transform"><input semantic="INPUT" source="#arissa_Spine1-Matrix-animation-input"/><input semantic="OUTPUT" source="#arissa_Spine1-Matrix-animation-output-transform"/><input semantic="INTERPOLATION" source="#arissa_Spine1-Interpolations"/></sampler><channel source="#arissa_Spine1-Matrix-animation-transform" target="arissa_Spine1/matrix"/></animation>
    <animation id="arissa_Spine2-anim" name="arissa_Spine2"><source id="arissa_Spine2-Matrix-animation-input"><float_array id="arissa_Spine2-Matrix-animation-input-array" count="17">

0.000000 0.033333 0.066667 0.100000 0.133333 0.166667 0.200000 0.233333 0.266667 0.300000 0.333333 0.366667 0.400000 0.433333 0.466667 0.500000
0.533333</float_array><technique_common><accessor source="#arissa_Spine2-Matrix-animation-input-array" count="17"><param name="TIME" type="float"/></accessor></technique_common></source><source id="arissa_Spine2-Matrix-animation-output-transform"><float_array id="arissa_Spine2-Matrix-animation-output-transform-array" count="272">

0.998942 -0.000945 0.045969 0.000000 0.004169 0.997532 -0.070086 13.639600 -0.045790 0.070204 0.996481 -1.292300 0.000000 0.000000 0.000000 1.000000
0.997634 0.018048 0.066339 0.000000 -0.013505 0.997573 -0.068301 13.639600 -0.067411 0.067244 0.995457 -1.292300 0.000000 0.000000 0.000000 1.000000
0.996523 0.033325 0.076358 -0.000000 -0.027203 0.996435 -0.079854 13.639600 -0.078747 0.077500 0.993878 -1.292300 0.000000 0.000000 0.000000 1.000000
0.996537 0.036486 0.074716 0.000000 -0.031099 0.996917 -0.072042 13.639600 -0.077114 0.069468 0.994599 -1.292300 0.000000 0.000000 0.000000 1.000000
0.998008 0.032959 0.053802 0.000000 -0.029590 0.997621 -0.062264 13.639600 -0.055727 0.060548 0.996608 -1.292300 0.000000 0.000000 0.000000 1.000000
0.999053 0.031361 0.030153 -0.000000 -0.029327 0.997409 -0.065691 13.639600 -0.032135 0.064744 0.997384 -1.292300 0.000000 0.000000 0.000000 1.000000
0.999388 0.034942 0.001402 0.000000 -0.034782 0.997361 -0.063726 13.639600 -0.003625 0.063638 0.997966 -1.292300 0.000000 0.000000 0.000000 1.000000
0.998969 0.029936 -0.034120 0.000000 -0.032133 0.997317 -0.065772 13.639600 0.032059 0.066800 0.997251 -1.292300 0.000000 0.000000 0.000000 1.000000
0.998035 0.008698 -0.062044 -0.000000 -0.013800 0.996513 -0.082289 13.639600 0.061112 0.082983 0.994675 -1.292300 0.000000 0.000000 0.000000 1.000000
0.997223 -0.016605 -0.072593 0.000000 0.009752 0.995548 -0.093750 13.639600 0.073827 0.092781 0.992946 -1.292300 0.000000 0.000000 0.000000 1.000000
0.996134 -0.032721 -0.081524 0.000000 0.024957 0.995212 -0.094498 13.639600 0.084225 0.092098 0.992181 -1.292300 0.000000 0.000000 0.000000 1.000000
0.997042 -0.032001 -0.069883 -0.000000 0.026294 0.996358 -0.081118 13.639600 0.072225 0.079041 0.994252 -1.292300 0.000000 0.000000 0.000000 1.000000
0.998781 -0.025196 -0.042436 0.000000 0.021667 0.996425 -0.081657 13.639600 0.044342 0.080638 0.995757 -1.292300 0.000000 0.000000 0.000000 1.000000
0.999002 -0.024634 -0.037253 0.000000 0.021372 0.996104 -0.085560 13.639600 0.039216 0.084679 0.995636 -1.292300 0.000000 0.000000 0.000000 1.000000
0.999186 -0.025362 -0.031368 0.000000 0.022875 0.996749 -0.077260 13.639600 0.033225 0.076479 0.996517 -1.292300 0.000000 0.000000 0.000000 1.000000
0.999754 -0.018596 0.012062 -0.000000 0.019346 0.997676 -0.065334 13.639600 -0.010819 0.065551 0.997791 -1.292300 0.000000 0.000000 0.000000 1.000000
0.998942 -0.000945 0.045969 -0.000000 0.004169 0.997532 -0.070086 13.639600 -0.045790 0.070204 0.996481 -1.292300 0.000000 0.000000 0.000000 1.000000</float_array><technique_common><accessor source="#arissa_Spine2-Matrix-animation-output-transform-array" count="17" stride="16"><param type="float4x4"/></accessor></technique_common></source><source id="arissa_Spine2-Interpolations"><Name_array id="arissa_Spine2-Interpolations-array" count="17">
 LINEAR LINEAR LINEAR LINEAR LINEAR LINEAR LINEAR LINEAR LINEAR LINEAR LINEAR
LINEAR LINEAR LINEAR LINEAR LINEAR LINEAR</Name_array><technique_common><accessor source="#arissa_Spine2-Interpolations-array" count="17"><param type="name"/></accessor></technique_common></source><sampler id="arissa_Spine2-Matrix-animation-transform"><input semantic="INPUT" source="#arissa_Spine2-Matrix-animation-input"/><input semantic="OUTPUT" source="#arissa_Spine2-Matrix-animation-output-transform"/><input semantic="INTERPOLATION" source="#arissa_Spine2-Interpolations"/></sampler><channel source="#arissa_Spine2-Matrix-animation-transform" target="arissa_Spine2/matrix"/></animation>
    <animation id="arissa_Neck-anim" name="arissa_Neck"><source id="arissa_Neck-Matrix-animation-input"><float_array id="arissa_Neck-Matrix-animation-input-array" count="17">

0.000000 0.033333 0.066667 0.100000 0.133333 0.166667 0.200000 0.233333 0.266667 0.300000 0.333333 0.366667 0.400000 0.433333 0.466667 0.500000
0.533333</float_array><technique_common><accessor source="#arissa_Neck-Matrix-animation-input-array" count="17"><param name="TIME" type="float"/></accessor></technique_common></source><source id="arissa_Neck-Matrix-animation-output-transform"><float_array id="arissa_Neck-Matrix-animation-output-transform-array" count="272">

0.999992 -0.002911 0.002684 -0.000000 0.002760 0.998511 0.054476 13.877400 -0.002839 -0.054468 0.998511 -4.354200 0.000000 0.000000 0.000000 1.000000
0.999859 0.014572 -0.008328 -0.000000 -0.014278 0.999310 0.034288 13.877400 0.008822 -0.034165 0.999377 -4.354200 0.000000 0.000000 0.000000 1.000000
0.999543 0.020556 -0.022169 0.000000 -0.020378 0.999759 0.008195 13.877400 0.022332 -0.007739 0.999721 -4.354200 0.000000 0.000000 0.000000 1.000000
0.999530 0.010147 -0.028924 0.000000 -0.010532 0.999858 -0.013191 13.877400 0.028787 0.013489 0.999495 -4.354200 0.000000 0.000000 0.000000 1.000000
0.999709 0.000521 -0.024109 0.000000 -0.000766 0.999948 -0.010161 13.877400 0.024103 0.010177 0.999658 -4.354200 0.000000 0.000000 0.000000 1.000000
0.999840 -0.003865 -0.017477 0.000000 0.004009 0.999958 0.008204 13.877400 0.017444 -0.008273 0.999814 -4.354200 0.000000 0.000000 0.000000 1.000000
0.999896 -0.007699 -0.012183 0.000000 0.007909 0.999819 0.017282 13.877400 0.012048 -0.017377 0.999776 -4.354200 0.000000 0.000000 0.000000 1.000000
0.999934 -0.009288 -0.006790 -0.000000 0.009460 0.999623 0.025771 13.877400 0.006548 -0.025833 0.999645 -4.354200 0.000000 0.000000 0.000000 1.000000
0.999949 -0.009585 0.003203 0.000000 0.009462 0.999299 0.036217 13.877400 -0.003548 -0.036185 0.999339 -4.354200 0.000000 0.000000 0.000000 1.000000
0.999786 -0.011156 0.017398 0.000000 0.010595 0.999432 0.031993 13.877400 -0.017745 -0.031802 0.999337 -4.354200 0.000000 0.000000 0.000000 1.000000
0.999505 -0.005155 0.031031 0.000000 0.004683 0.999872 0.015287 13.877400 -0.031106 -0.015134 0.999402 -4.354200 0.000000 0.000000 0.000000 1.000000
0.999493 -0.007255 0.030996 0.000000 0.006929 0.999920 0.010596 13.877400 -0.031071 -0.010376 0.999463 -4.354200 0.000000 0.000000 0.000000 1.000000
0.999521 -0.022875 0.020823 0.000000 0.022244 0.999301 0.030035 13.877400 -0.021495 -0.029558 0.999332 -4.354200 0.000000 0.000000 0.000000 1.000000
0.999513 -0.026388 0.016648 0.000000 0.025624 0.998680 0.044522 13.877400 -0.017801 -0.044074 0.998870 -4.354200 0.000000 0.000000 0.000000 1.000000
0.999640 -0.021496 0.016057 0.000000 0.020736 0.998721 0.046121 13.877400 -0.017028 -0.045772 0.998807 -4.354200 0.000000 0.000000 0.000000 1.000000
0.999831 -0.015172 0.010374 0.000000 0.014618 0.998564 0.051530 13.877400 -0.011141 -0.051370 0.998618 -4.354200 0.000000 0.000000 0.000000 1.000000
0.999992 -0.002911 0.002684 0.000000 0.002760 0.998511 0.054475 13.877400 -0.002839 -0.054467 0.998512 -4.354200 0.000000 0.000000 0.000000 1.000000</float_array><technique_common><accessor source="#arissa_Neck-Matrix-animation-output-transform-array" count="17" stride="16"><param type="float4x4"/></accessor></technique_common></source><source id="arissa_Neck-Interpolations"><Name_array id="arissa_Neck-Interpolations-array" count="17">
 LINEAR LINEAR LINEAR LINEAR LINEAR LINEAR LINEAR LINEAR LINEAR LINEAR LINEAR
LINEAR LINEAR LINEAR LINEAR LINEAR LINEAR</Name_array><technique_common><accessor source="#arissa_Neck-Interpolations-array" count="17"><param type="name"/></accessor></technique_common></source><sampler id="arissa_Neck-Matrix-animation-transform"><input semantic="INPUT" source="#arissa_Neck-Matrix-animation-input"/><input semantic="OUTPUT" source="#arissa_Neck-Matrix-animation-output-transform"/><input semantic="INTERPOLATION" source="#arissa_Neck-Interpolations"/></sampler><channel source="#arissa_Neck-Matrix-animation-transform" target="arissa_Neck/matrix"/></animation>
    <animation id="arissa_Neck1-anim" name="arissa_Neck1"><source id="arissa_Neck1-Matrix-animation-input"><float_array id="arissa_Neck1-Matrix-animation-input-array" count="17">

0.000000 0.033333 0.066667 0.100000 0.133333 0.166667 0.200000 0.233333 0.266667 0.300000 0.333333 0.366667 0.400000 0.433333 0.466667 0.500000
0.533333</float_array><technique_common><accessor source="#arissa_Neck1-Matrix-animation-input-array" count="17"><param name="TIME" type="float"/></accessor></technique_common></source><source id="arissa_Neck1-Matrix-animation-output-transform"><float_array id="arissa_Neck1-Matrix-animation-output-transform-array" count="272">

0.999992 -0.002911 0.002684 0.000000 0.002760 0.998511 0.054476 4.340000 -0.002839 -0.054468 0.998511 0.926900 0.000000 0.000000 0.000000 1.000000
0.999859 0.014572 -0.008328 -0.000000 -0.014278 0.999310 0.034288 4.340000 0.008821 -0.034164 0.999377 0.926900 0.000000 0.000000 0.000000 1.000000
0.999543 0.020556 -0.022169 0.000000 -0.020378 0.999759 0.008195 4.340000 0.022332 -0.007739 0.999721 0.926900 0.000000 0.000000 0.000000 1.000000
0.999530 0.010147 -0.028924 -0.000000 -0.010532 0.999858 -0.013191 4.340000 0.028787 0.013489 0.999495 0.926900 0.000000 0.000000 0.000000 1.000000
0.999709 0.000521 -0.024109 0.000000 -0.000766 0.999948 -0.010162 4.340000 0.024102 0.010177 0.999658 0.926900 0.000000 0.000000 0.000000 1.000000
0.999840 -0.003866 -0.017477 0.000000 0.004010 0.999958 0.008203 4.340000 0.017444 -0.008271 0.999814 0.926900 0.000000 0.000000 0.000000 1.000000
0.999896 -0.007699 -0.012183 0.000000 0.007909 0.999819 0.017282 4.340000 0.012048 -0.017377 0.999776 0.926900 0.000000 0.000000 0.000000 1.000000
0.999934 -0.009288 -0.006790 0.000000 0.009460 0.999623 0.025771 4.340000 0.006548 -0.025833 0.999645 0.926900 0.000000 0.000000 0.000000 1.000000
0.999949 -0.009585 0.003203 0.000000 0.009462 0.999299 0.036217 4.340000 -0.003548 -0.036184 0.999339 0.926900 0.000000 0.000000 0.000000 1.000000
0.999786 -0.011156 0.017398 0.000000 0.010595 0.999432 0.031994 4.340000 -0.017745 -0.031803 0.999337 0.926900 0.000000 0.000000 0.000000 1.000000
0.999505 -0.005155 0.031031 -0.000000 0.004683 0.999872 0.015287 4.340000 -0.031106 -0.015134 0.999402 0.926900 0.000000 0.000000 0.000000 1.000000
0.999493 -0.007255 0.030997 0.000000 0.006929 0.999920 0.010596 4.340000 -0.031071 -0.010376 0.999463 0.926900 0.000000 0.000000 0.000000 1.000000
0.999521 -0.022875 0.020823 0.000000 0.022244 0.999301 0.030035 4.340000 -0.021496 -0.029558 0.999332 0.926900 0.000000 0.000000 0.000000 1.000000
0.999513 -0.026388 0.016649 0.000000 0.025624 0.998680 0.044522 4.340000 -0.017801 -0.044074 0.998870 0.926900 0.000000 0.000000 0.000000 1.000000
0.999640 -0.021496 0.016057 0.000000 0.020735 0.998721 0.046121 4.340000 -0.017028 -0.045772 0.998807 0.926900 0.000000 0.000000 0.000000 1.000000
0.999831 -0.015171 0.010374 0.000000 0.014618 0.998564 0.051530 4.340000 -0.011141 -0.051370 0.998618 0.926900 0.000000 0.000000 0.000000 1.000000
0.999992 -0.002911 0.002684 -0.000000 0.002760 0.998511 0.054475 4.340000 -0.002839 -0.054468 0.998512 0.926900 0.000000 0.000000 0.000000 1.000000</float_array><technique_common><accessor source="#arissa_Neck1-Matrix-animation-output-transform-array" count="17" stride="16"><param type="float4x4"/></accessor></technique_common></source><source id="arissa_Neck1-Interpolations"><Name_array id="arissa_Neck1-Interpolations-array" count="17">
 LINEAR LINEAR LINEAR LINEAR LINEAR LINEAR LINEAR LINEAR LINEAR LINEAR LINEAR
LINEAR LINEAR LINEAR LINEAR LINEAR LINEAR</Name_array><technique_common><accessor source="#arissa_Neck1-Interpolations-array" count="17"><param type="name"/></accessor></technique_common></source><sampler id="arissa_Neck1-Matrix-animation-transform"><input semantic="INPUT" source="#arissa_Neck1-Matrix-animation-input"/><input semantic="OUTPUT" source="#arissa_Neck1-Matrix-animation-output-transform"/><input semantic="INTERPOLATION" source="#arissa_Neck1-Interpolations"/></sampler><channel source="#arissa_Neck1-Matrix-animation-transform" target="arissa_Neck1/matrix"/></animation>
    <animation id="arissa_Head-anim" name="arissa_Head"><source id="arissa_Head-Matrix-animation-input"><float_array id="arissa_Head-Matrix-animation-input-array" count="17">

0.000000 0.033333 0.066667 0.100000 0.133333 0.166667 0.200000 0.233333 0.266667 0.300000 0.333333 0.366667 0.400000 0.433333 0.466667 0.500000
0.533333</float_array><technique_common><accessor source="#arissa_Head-Matrix-animation-input-array" count="17"><param name="TIME" type="float"/></accessor></technique_common></source><source id="arissa_Head-Matrix-animation-output-transform"><float_array id="arissa_Head-Matrix-animation-output-transform-array" count="272">

0.999992 -0.002911 0.002684 0.000000 0.002760 0.998511 0.054475 4.026600 -0.002839 -0.054467 0.998512 0.858500 0.000000 0.000000 0.000000 1.000000
0.999859 0.014572 -0.008328 0.000000 -0.014278 0.999310 0.034288 4.026600 0.008822 -0.034165 0.999377 0.858500 0.000000 0.000000 0.000000 1.000000
0.999543 0.020556 -0.022169 0.000000 -0.020379 0.999759 0.008194 4.026600 0.022332 -0.007739 0.999721 0.858500 0.000000 0.000000 0.000000 1.000000
0.999530 0.010147 -0.028924 -0.000000 -0.010532 0.999858 -0.013190 4.026600 0.028786 0.013489 0.999495 0.858500 0.000000 0.000000 0.000000 1.000000
0.999709 0.000521 -0.024109 0.000000 -0.000766 0.999948 -0.010161 4.026600 0.024103 0.010177 0.999658 0.858500 0.000000 0.000000 0.000000 1.000000
0.999840 -0.003865 -0.017477 -0.000000 0.004008 0.999958 0.008206 4.026600 0.017444 -0.008274 0.999814 0.858500 0.000000 0.000000 0.000000 1.000000
0.999896 -0.007699 -0.012183 0.000000 0.007909 0.999819 0.017282 4.026600 0.012048 -0.017376 0.999776 0.858500 0.000000 0.000000 0.000000 1.000000
0.999934 -0.009288 -0.006790 0.000000 0.009460 0.999623 0.025771 4.026600 0.006548 -0.025833 0.999645 0.858500 0.000000 0.000000 0.000000 1.000000
0.999949 -0.009585 0.003203 0.000000 0.009462 0.999299 0.036217 4.026600 -0.003548 -0.036184 0.999339 0.858500 0.000000 0.000000 0.000000 1.000000
0.999786 -0.011156 0.017398 -0.000000 0.010595 0.999432 0.031994 4.026600 -0.017745 -0.031802 0.999337 0.858500 0.000000 0.000000 0.000000 1.000000
0.999505 -0.005155 0.031031 0.000000 0.004683 0.999872 0.015287 4.026600 -0.031106 -0.015134 0.999402 0.858500 0.000000 0.000000 0.000000 1.000000
0.999493 -0.007255 0.030996 0.000000 0.006930 0.999920 0.010596 4.026600 -0.031071 -0.010376 0.999463 0.858500 0.000000 0.000000 0.000000 1.000000
0.999521 -0.022875 0.020823 0.000000 0.022245 0.999301 0.030035 4.026600 -0.021496 -0.029558 0.999332 0.858500 0.000000 0.000000 0.000000 1.000000
0.999513 -0.026388 0.016648 0.000000 0.025625 0.998680 0.044522 4.026600 -0.017801 -0.044074 0.998870 0.858500 0.000000 0.000000 0.000000 1.000000
0.999640 -0.021496 0.016057 0.000000 0.020736 0.998721 0.046121 4.026600 -0.017028 -0.045772 0.998807 0.858500 0.000000 0.000000 0.000000 1.000000
0.999831 -0.015172 0.010374 0.000000 0.014618 0.998564 0.051530 4.026600 -0.011141 -0.051370 0.998618 0.858500 0.000000 0.000000 0.000000 1.000000
0.999992 -0.002911 0.002684 0.000000 0.002760 0.998511 0.054475 4.026600 -0.002839 -0.054467 0.998512 0.858500 0.000000 0.000000 0.000000 1.000000</float_array><technique_common><accessor source="#arissa_Head-Matrix-animation-output-transform-array" count="17" stride="16"><param type="float4x4"/></accessor></technique_common></source><source id="arissa_Head-Interpolations"><Name_array id="arissa_Head-Interpolations-array" count="17">
 LINEAR LINEAR LINEAR LINEAR LINEAR LINEAR LINEAR LINEAR LINEAR LINEAR LINEAR
LINEAR LINEAR LINEAR LINEAR LINEAR LINEAR</Name_array><technique_common><accessor source="#arissa_Head-Interpolations-array" count="17"><param type="name"/></accessor></technique_common></source><sampler id="arissa_Head-Matrix-animation-transform"><input semantic="INPUT" source="#arissa_Head-Matrix-animation-input"/><input semantic="OUTPUT" source="#arissa_Head-Matrix-animation-output-transform"/><input semantic="INTERPOLATION" source="#arissa_Head-Interpolations"/></sampler><channel source="#arissa_Head-Matrix-animation-transform" target="arissa_Head/matrix"/></animation>
    <animation id="arissa_LeftShoulder-anim" name="arissa_LeftShoulder"><source id="arissa_LeftShoulder-Matrix-animation-input"><float_array id="arissa_LeftShoulder-Matrix-animation-input-array" count="17">

0.000000 0.033333 0.066667 0.100000 0.133333 0.166667 0.200000 0.233333 0.266667 0.300000 0.333333 0.366667 0.400000 0.433333 0.466667 0.500000
0.533333</float_array><technique_common><accessor source="#arissa_LeftShoulder-Matrix-animation-input-array" count="17"><param name="TIME" type="float"/></accessor></technique_common></source><source id="arissa_LeftShoulder-Matrix-animation-output-transform"><float_array id="arissa_LeftShoulder-Matrix-animation-output-transform-array" count="272">

0.948758 0.220786 -0.226081 6.144200 -0.227824 0.973688 -0.005189 10.187000 0.218986 0.056429 0.974095 -3.793200 0.000000 0.000000 0.000000 1.000000
0.966831 0.066549 -0.246594 6.144200 -0.074655 0.996929 -0.023657 10.187000 0.244262 0.041282 0.968830 -3.793200 0.000000 0.000000 0.000000 1.000000
0.940404 -0.053365 -0.335847 6.144200 0.040587 0.998164 -0.044955 10.187000 0.337630 0.028645 0.940843 -3.793200 0.000000 0.000000 0.000000 1.000000
0.939845 -0.038192 -0.339458 6.144200 0.025450 0.998797 -0.041911 10.187000 0.340651 0.030751 0.939687 -3.793200 0.000000 0.000000 0.000000 1.000000
0.955290 0.106313 -0.275897 6.144200 -0.115621 0.993137 -0.017645 10.187000 0.272128 0.048756 0.961025 -3.793200 0.000000 0.000000 0.000000 1.000000
0.931793 0.271779 -0.240622 6.144200 -0.279528 0.960135 0.002003 10.187000 0.231574 0.065394 0.970617 -3.793200 0.000000 0.000000 0.000000 1.000000
0.901017 0.374425 -0.219029 6.144200 -0.381219 0.924407 0.012034 10.187000 0.206978 0.072655 0.975644 -3.793200 0.000000 0.000000 0.000000 1.000000
0.899650 0.360544 -0.246249 6.144200 -0.368683 0.929451 0.013900 10.187000 0.233888 0.078283 0.969107 -3.793200 0.000000 0.000000 0.000000 1.000000
0.929974 0.177403 -0.321990 6.144200 -0.189161 0.981932 -0.005334 10.187000 0.315226 0.065868 0.946728 -3.793200 0.000000 0.000000 0.000000 1.000000
0.948160 -0.028803 -0.316487 6.144200 0.021679 0.999427 -0.026009 10.187000 0.317054 0.017800 0.948240 -3.793200 0.000000 0.000000 0.000000 1.000000
0.964026 -0.022633 -0.264843 6.144200 0.023971 0.999711 0.001822 10.187000 0.264725 -0.008105 0.964290 -3.793200 0.000000 0.000000 0.000000 1.000000
0.966961 -0.019556 -0.254174 6.144200 0.018736 0.999809 -0.005648 10.187000 0.254236 0.000699 0.967142 -3.793200 0.000000 0.000000 0.000000 1.000000
0.962962 -0.006883 -0.269549 6.144200 -0.000021 0.999672 -0.025603 10.187000 0.269637 0.024661 0.962646 -3.793200 0.000000 0.000000 0.000000 1.000000
0.956677 0.123023 -0.263885 6.144200 -0.131479 0.991212 -0.014558 10.187000 0.259775 0.048623 0.964444 -3.793200 0.000000 0.000000 0.000000 1.000000
0.933469 0.257199 -0.249969 6.144200 -0.265318 0.964160 0.001260 10.187000 0.241334 0.065145 0.968253 -3.793200 0.000000 0.000000 0.000000 1.000000
0.924313 0.299768 -0.236186 6.144200 -0.307737 0.951466 0.003276 10.187000 0.225705 0.069655 0.971702 -3.793200 0.000000 0.000000 0.000000 1.000000
0.948758 0.220786 -0.226081 6.144200 -0.227824 0.973688 -0.005189 10.187000 0.218986 0.056429 0.974095 -3.793200 0.000000 0.000000 0.000000 1.000000</float_array><technique_common><accessor source="#arissa_LeftShoulder-Matrix-animation-output-transform-array" count="17" stride="16"><param type="float4x4"/></accessor></technique_common></source><source id="arissa_LeftShoulder-Interpolations"><Name_array id="arissa_LeftShoulder-Interpolations-array" count="17">
 LINEAR LINEAR LINEAR LINEAR LINEAR LINEAR LINEAR LINEAR LINEAR LINEAR LINEAR
LINEAR LINEAR LINEAR LINEAR LINEAR LINEAR</Name_array><technique_common><accessor source="#arissa_LeftShoulder-Interpolations-array" count="17"><param type="name"/></accessor></technique_common></source><sampler id="arissa_LeftShoulder-Matrix-animation-transform"><input semantic="INPUT" source="#arissa_LeftShoulder-Matrix-animation-input"/><input semantic="OUTPUT" source="#arissa_LeftShoulder-Matrix-animation-output-transform"/><input semantic="INTERPOLATION" source="#arissa_LeftShoulder-Interpolations"/></sampler><channel source="#arissa_LeftShoulder-Matrix-animation-transform" target="arissa_LeftShoulder/matrix"/></animation>
    <animation id="arissa_LeftArm-anim" name="arissa_LeftArm"><source id="arissa_LeftArm-Matrix-animation-input"><float_array id="arissa_LeftArm-Matrix-animation-input-array" count="17">

0.000000 0.033333 0.066667 0.100000 0.133333 0.166667 0.200000 0.233333 0.266667 0.300000 0.333333 0.366667 0.400000 0.433333 0.466667 0.500000
0.533333</float_array><technique_common><accessor source="#arissa_LeftArm-Matrix-animation-input-array" count="17"><param name="TIME" type="float"/></accessor></technique_common></source><source id="arissa_LeftArm-Matrix-animation-output-transform"><float_array id="arissa_LeftArm-Matrix-animation-output-transform-array" count="272">

0.522829 0.767689 -0.370545 9.019100 -0.748160 0.204921 -0.631081 -1.113000 -0.408541 0.607174 0.681493 -1.793500 0.000000 0.000000 0.000000 1.000000
0.536830 0.762058 -0.362052 9.019100 -0.599780 0.042904 -0.799014 -1.113000 -0.593361 0.646086 0.480099 -1.793500 0.000000 0.000000 0.000000 1.000000
0.584442 0.774015 -0.243574 9.019100 -0.471942 0.080060 -0.877987 -1.113000 -0.660074 0.628086 0.412081 -1.793500 0.000000 0.000000 0.000000 1.000000
0.588292 0.800745 -0.112783 9.019100 -0.507983 0.257429 -0.822000 -1.113000 -0.629178 0.540868 0.558208 -1.793500 0.000000 0.000000 0.000000 1.000000
0.598077 0.801035 -0.025450 9.019100 -0.620109 0.442408 -0.647873 -1.113000 -0.507709 0.403260 0.761323 -1.793500 0.000000 0.000000 0.000000 1.000000
0.661674 0.748643 -0.041488 9.019100 -0.696967 0.593714 -0.402170 -1.113000 -0.276450 0.295021 0.914624 -1.793500 0.000000 0.000000 0.000000 1.000000
0.713913 0.664780 -0.219991 9.019100 -0.696840 0.705377 -0.129833 -1.113000 0.068866 0.245988 0.966823 -1.793500 0.000000 0.000000 0.000000 1.000000
0.672589 0.623071 -0.399259 9.019100 -0.618058 0.769684 0.159969 -1.113000 0.406975 0.139171 0.902775 -1.793500 0.000000 0.000000 0.000000 1.000000
0.583771 0.718256 -0.378576 9.019100 -0.501861 0.685744 0.527153 -1.113000 0.638237 -0.117744 0.760782 -1.793500 0.000000 0.000000 0.000000 1.000000
0.635329 0.739286 -0.223188 9.019100 -0.390731 0.557028 0.732836 -1.113000 0.666097 -0.378386 0.642759 -1.793500 0.000000 0.000000 0.000000 1.000000
0.811406 0.552877 -0.189601 9.019100 -0.245097 0.616346 0.748362 -1.113000 0.530611 -0.560754 0.635615 -1.793500 0.000000 0.000000 0.000000 1.000000
0.840882 0.512510 -0.173931 9.019100 -0.336728 0.747010 0.573228 -1.113000 0.423713 -0.423449 0.800724 -1.793500 0.000000 0.000000 0.000000 1.000000
0.723155 0.632592 -0.277262 9.019100 -0.553980 0.770981 0.314156 -1.113000 0.412496 -0.073586 0.907982 -1.793500 0.000000 0.000000 0.000000 1.000000
0.592444 0.720799 -0.359804 9.019100 -0.722536 0.672942 0.158402 -1.113000 0.356303 0.166127 0.919483 -1.793500 0.000000 0.000000 0.000000 1.000000
0.491976 0.767425 -0.411119 9.019100 -0.814581 0.572425 0.093740 -1.113000 0.307274 0.288772 0.906749 -1.793500 0.000000 0.000000 0.000000 1.000000
0.493489 0.777104 -0.390612 9.019100 -0.869416 0.428265 -0.246385 -1.113000 -0.024181 0.461193 0.886970 -1.793500 0.000000 0.000000 0.000000 1.000000
0.522829 0.767689 -0.370545 9.019100 -0.748160 0.204921 -0.631081 -1.113000 -0.408542 0.607174 0.681493 -1.793500 0.000000 0.000000 0.000000 1.000000</float_array><technique_common><accessor source="#arissa_LeftArm-Matrix-animation-output-transform-array" count="17" stride="16"><param type="float4x4"/></accessor></technique_common></source><source id="arissa_LeftArm-Interpolations"><Name_array id="arissa_LeftArm-Interpolations-array" count="17">
 LINEAR LINEAR LINEAR LINEAR LINEAR LINEAR LINEAR LINEAR LINEAR LINEAR LINEAR
LINEAR LINEAR LINEAR LINEAR LINEAR LINEAR</Name_array><technique_common><accessor source="#arissa_LeftArm-Interpolations-array" count="17"><param type="name"/></accessor></technique_common></source><sampler id="arissa_LeftArm-Matrix-animation-transform"><input semantic="INPUT" source="#arissa_LeftArm-Matrix-animation-input"/><input semantic="OUTPUT" source="#arissa_LeftArm-Matrix-animation-output-transform"/><input semantic="INTERPOLATION" source="#arissa_LeftArm-Interpolations"/></sampler><channel source="#arissa_LeftArm-Matrix-animation-transform" target="arissa_LeftArm/matrix"/></animation>
    <animation id="arissa_LeftForeArm-anim" name="arissa_LeftForeArm"><source id="arissa_LeftForeArm-Matrix-animation-input"><float_array id="arissa_LeftForeArm-Matrix-animation-input-array" count="17">

0.000000 0.033333 0.066667 0.100000 0.133333 0.166667 0.200000 0.233333 0.266667 0.300000 0.333333 0.366667 0.400000 0.433333 0.466667 0.500000
0.533333</float_array><technique_common><accessor source="#arissa_LeftForeArm-Matrix-animation-input-array" count="17"><param name="TIME" type="float"/></accessor></technique_common></source><source id="arissa_LeftForeArm-Matrix-animation-output-transform"><float_array id="arissa_LeftForeArm-Matrix-animation-output-transform-array" count="272">

0.795022 -0.000000 -0.606581 27.687000 0.000000 1.000000 0.000000 0.000000 0.606581 -0.000000 0.795022 -0.000000 0.000000 0.000000 0.000000 1.000000
0.570028 -0.000000 -0.821625 27.687000 -0.000000 1.000000 -0.000000 0.000000 0.821625 0.000000 0.570028 -0.000000 0.000000 0.000000 0.000000 1.000000
0.369242 -0.000000 -0.929333 27.687000 0.000000 1.000000 -0.000000 0.000000 0.929333 -0.000000 0.369242 0.000000 0.000000 0.000000 0.000000 1.000000
0.404868 0.000000 -0.914375 27.687000 0.000000 1.000000 0.000000 0.000000 0.914375 -0.000000 0.404868 -0.000000 0.000000 0.000000 0.000000 1.000000
0.559683 -0.000000 -0.828707 27.687000 0.000000 1.000000 -0.000000 -0.000000 0.828707 -0.000000 0.559683 0.000000 0.000000 0.000000 0.000000 1.000000
0.659116 0.000000 -0.752041 27.687000 -0.000000 1.000000 0.000000 0.000000 0.752041 0.000000 0.659116 0.000000 0.000000 0.000000 0.000000 1.000000
0.709514 -0.000000 -0.704692 27.687000 0.000000 1.000000 0.000000 0.000000 0.704692 -0.000000 0.709514 0.000000 0.000000 0.000000 0.000000 1.000000
0.601944 0.000000 -0.798538 27.687000 -0.000000 1.000000 -0.000000 -0.000000 0.798538 0.000000 0.601944 0.000000 0.000000 0.000000 0.000000 1.000000
0.379696 0.000000 -0.925111 27.687000 -0.000000 1.000000 0.000000 0.000000 0.925111 0.000000 0.379696 0.000000 0.000000 0.000000 0.000000 1.000000
