<?xml version="1.0" encoding="utf-8"?>
<COLLADA xmlns="http://www.collada.org/2005/11/COLLADASchema" version="1.4.1">
  <asset><contributor><author>Mixamo</author><authoring_tool>COLLADA Mixamo exporter</authoring_tool><comments></comments></contributor><created>2018-04-11T19:35:45Z</created><modified>2018-04-11T19:35:45Z</modified><revision></revision><title></title><unit meter="0.010000"/><up_axis>Y_UP</up_axis></asset>
  <library_animations>
    <animation id="arissa_Hips-anim" name="arissa_Hips"><source id="arissa_Hips-Matrix-animation-input"><float_array id="arissa_Hips-Matrix-animation-input-array" count="64">

0.000000 0.033333 0.066667 0.100000 0.133333 0.166667 0.200000 0.233333 0.266667 0.300000 0.333333 0.366667 0.400000 0.433333 0.466667 0.500000
0.533333 0.566667 0.600000 0.633333 0.666667 0.700000 0.733333 0.766667 0.800000 0.833333 0.866667 0.900000 0.933333 0.966667 1.000000 1.033333
1.066667 1.100000 1.133333 1.166667 1.200000 1.233333 1.266667 1.300000 1.333333 1.366667 1.400000 1.433333 1.466667 1.500000 1.533333 1.566667
1.600000 1.633333 1.666667 1.700000 1.733333 1.766667 1.800000 1.833333 1.866667 1.900000 1.933333 1.966667 2.000000 2.033333 2.066667 2.100000</float_array><technique_common><accessor source="#arissa_Hips-Matrix-animation-input-array" count="64"><param name="TIME" type="float"/></accessor></technique_common></source><source id="arissa_Hips-Matrix-animation-output-transform"><float_array id="arissa_Hips-Matrix-animation-output-transform-array" count="1024">

0.570764 0.256403 -0.780055 -0.020370 -0.078077 0.962638 0.259290 90.656586 0.817394 -0.087089 0.569459 0.017923 0.000000 0.000000 0.000000 1.000000
0.570747 0.256898 -0.779905 -0.019679 -0.078062 0.962473 0.259908 90.656372 0.817407 -0.087461 0.569382 0.017272 0.000000 0.000000 0.000000 1.000000
0.570722 0.257428 -0.779748 -0.017773 -0.078048 0.962295 0.260569 90.656097 0.817426 -0.087855 0.569295 0.015630 0.000000 0.000000 0.000000 1.000000
0.570674 0.258000 -0.779595 -0.014495 -0.078036 0.962104 0.261277 90.655838 0.817461 -0.088267 0.569181 0.012968 0.000000 0.000000 0.000000 1.000000
0.570598 0.258613 -0.779446 -0.009939 -0.078028 0.961901 0.262028 90.655571 0.817514 -0.088694 0.569038 0.009334 0.000000 0.000000 0.000000 1.000000
0.570510 0.259260 -0.779296 -0.004221 -0.078023 0.961685 0.262819 90.655281 0.817576 -0.089138 0.568879 0.004814 0.000000 0.000000 0.000000 1.000000
0.570421 0.259935 -0.779137 0.002584 -0.078016 0.961460 0.263644 90.655022 0.817639 -0.089603 0.568716 -0.000641 0.000000 0.000000 0.000000 1.000000
0.570333 0.260636 -0.778966 0.010441 -0.078009 0.961225 0.264503 90.654655 0.817701 -0.090088 0.568551 -0.006965 0.000000 0.000000 0.000000 1.000000
0.570245 0.261362 -0.778788 0.019234 -0.078002 0.960980 0.265391 90.654335 0.817763 -0.090591 0.568381 -0.014041 0.000000 0.000000 0.000000 1.000000
0.570155 0.262109 -0.778603 0.028905 -0.077994 0.960728 0.266306 90.653999 0.817827 -0.091109 0.568206 -0.021777 0.000000 0.000000 0.000000 1.000000
0.570063 0.262876 -0.778411 0.039397 -0.077986 0.960468 0.267245 90.653687 0.817891 -0.091641 0.568028 -0.030146 0.000000 0.000000 0.000000 1.000000
0.569971 0.263660 -0.778214 0.050637 -0.077979 0.960201 0.268204 90.653336 0.817956 -0.092184 0.567847 -0.039082 0.000000 0.000000 0.000000 1.000000
0.569879 0.264457 -0.778011 0.062519 -0.077971 0.959928 0.269181 90.652977 0.818021 -0.092738 0.567663 -0.048553 0.000000 0.000000 0.000000 1.000000
0.569787 0.265265 -0.777803 0.075020 -0.077964 0.959651 0.270170 90.652634 0.818086 -0.093299 0.567478 -0.058528 0.000000 0.000000 0.000000 1.000000
0.569695 0.266081 -0.777592 0.088067 -0.077955 0.959370 0.271169 90.652267 0.818151 -0.093866 0.567291 -0.068975 0.000000 0.000000 0.000000 1.000000
0.569603 0.266905 -0.777376 0.101646 -0.077947 0.959084 0.272179 90.651924 0.818215 -0.094440 0.567102 -0.079860 0.000000 0.000000 0.000000 1.000000
0.569512 0.267738 -0.777157 0.115709 -0.077939 0.958795 0.273199 90.651535 0.818280 -0.095020 0.566912 -0.091111 0.000000 0.000000 0.000000 1.000000
0.569421 0.268566 -0.776937 0.129990 -0.077931 0.958506 0.274214 90.651154 0.818344 -0.095595 0.566723 -0.102507 0.000000 0.000000 0.000000 1.000000
0.569333 0.269376 -0.776721 0.144229 -0.077923 0.958222 0.275206 90.650787 0.818406 -0.096159 0.566538 -0.113862 0.000000 0.000000 0.000000 1.000000
0.569245 0.270193 -0.776502 0.158885 -0.077915 0.957935 0.276207 90.650406 0.818468 -0.096728 0.566352 -0.125527 0.000000 0.000000 0.000000 1.000000
0.569150 0.271089 -0.776259 0.175263 -0.077906 0.957618 0.277304 90.649979 0.818535 -0.097353 0.566148 -0.138619 0.000000 0.000000 0.000000 1.000000
0.569043 0.272104 -0.775983 0.194173 -0.077895 0.957258 0.278548 90.649521 0.818610 -0.098061 0.565916 -0.153738 0.000000 0.000000 0.000000 1.000000
0.568930 0.273182 -0.775687 0.214590 -0.077883 0.956874 0.279869 90.648979 0.818689 -0.098813 0.565671 -0.170046 0.000000 0.000000 0.000000 1.000000
0.568821 0.274241 -0.775393 0.234985 -0.077873 0.956494 0.281167 90.648499 0.818767 -0.099552 0.565429 -0.186324 0.000000 0.000000 0.000000 1.000000
0.568715 0.275248 -0.775114 0.254705 -0.077863 0.956132 0.282400 90.648018 0.818841 -0.100253 0.565198 -0.202043 0.000000 0.000000 0.000000 1.000000
0.568614 0.276207 -0.774847 0.273766 -0.077853 0.955785 0.283574 90.647522 0.818912 -0.100920 0.564976 -0.217257 0.000000 0.000000 0.000000 1.000000
0.568519 0.277121 -0.774590 0.292152 -0.077843 0.955453 0.284693 90.647087 0.818979 -0.101557 0.564765 -0.231958 0.000000 0.000000 0.000000 1.000000
0.568436 0.277982 -0.774343 0.309674 -0.077833 0.955138 0.285750 90.646637 0.819038 -0.102161 0.564571 -0.245991 0.000000 0.000000 0.000000 1.000000
0.568365 0.278780 -0.774107 0.326133 -0.077823 0.954845 0.286730 90.646233 0.819087 -0.102724 0.564397 -0.259138 0.000000 0.000000 0.000000 1.000000
0.568304 0.279509 -0.773890 0.341378 -0.077814 0.954576 0.287626 90.645859 0.819131 -0.103240 0.564239 -0.271314 0.000000 0.000000 0.000000 1.000000
0.568248 0.280165 -0.773694 0.355178 -0.077806 0.954334 0.288431 90.645538 0.819170 -0.103703 0.564097 -0.282344 0.000000 0.000000 0.000000 1.000000
0.568198 0.280740 -0.773522 0.367376 -0.077798 0.954121 0.289139 90.645241 0.819206 -0.104109 0.563971 -0.292074 0.000000 0.000000 0.000000 1.000000
0.568156 0.281230 -0.773375 0.377851 -0.077792 0.953939 0.289740 90.644981 0.819236 -0.104455 0.563863 -0.300410 0.000000 0.000000 0.000000 1.000000
0.568122 0.281627 -0.773255 0.386426 -0.077787 0.953791 0.290228 90.644783 0.819260 -0.104736 0.563776 -0.307240 0.000000 0.000000 0.000000 1.000000
0.568096 0.281923 -0.773167 0.392888 -0.077786 0.953681 0.290590 90.644630 0.819278 -0.104941 0.563712 -0.312407 0.000000 0.000000 0.000000 1.000000
0.568079 0.282109 -0.773111 0.397038 -0.077788 0.953612 0.290816 90.644531 0.819289 -0.105068 0.563672 -0.315739 0.000000 0.000000 0.000000 1.000000
0.568073 0.282182 -0.773089 0.398756 -0.077788 0.953585 0.290904 90.644470 0.819294 -0.105117 0.563656 -0.317096 0.000000 0.000000 0.000000 1.000000
0.568077 0.282130 -0.773105 0.397934 -0.077785 0.953603 0.290843 90.644508 0.819291 -0.105085 0.563666 -0.316463 0.000000 0.000000 0.000000 1.000000
0.568093 0.281939 -0.773163 0.394636 -0.077785 0.953674 0.290610 90.644638 0.819280 -0.104953 0.563706 -0.313845 0.000000 0.000000 0.000000 1.000000
0.568119 0.281601 -0.773267 0.389014 -0.077790 0.953801 0.290194 90.644829 0.819262 -0.104712 0.563778 -0.309358 0.000000 0.000000 0.000000 1.000000
0.568158 0.281124 -0.773412 0.381240 -0.077798 0.953979 0.289606 90.645081 0.819234 -0.104372 0.563881 -0.303118 0.000000 0.000000 0.000000 1.000000
0.568213 0.280521 -0.773590 0.371415 -0.077807 0.954203 0.288865 90.645416 0.819195 -0.103946 0.564017 -0.295202 0.000000 0.000000 0.000000 1.000000
0.568289 0.279806 -0.773793 0.359715 -0.077817 0.954467 0.287988 90.645844 0.819141 -0.103447 0.564187 -0.285797 0.000000 0.000000 0.000000 1.000000
0.568380 0.279001 -0.774017 0.346554 -0.077826 0.954763 0.287003 90.646248 0.819077 -0.102888 0.564382 -0.275259 0.000000 0.000000 0.000000 1.000000
0.568480 0.278114 -0.774263 0.332070 -0.077837 0.955088 0.285917 90.646736 0.819007 -0.102272 0.564596 -0.263710 0.000000 0.000000 0.000000 1.000000
0.568592 0.277109 -0.774541 0.315705 -0.077849 0.955455 0.284686 90.647263 0.818928 -0.101573 0.564837 -0.250695 0.000000 0.000000 0.000000 1.000000
0.568725 0.275924 -0.774866 0.296476 -0.077862 0.955884 0.283236 90.647881 0.818834 -0.100750 0.565119 -0.235359 0.000000 0.000000 0.000000 1.000000
0.568878 0.274562 -0.775238 0.274340 -0.077879 0.956376 0.281567 90.648575 0.818727 -0.099803 0.565443 -0.217680 0.000000 0.000000 0.000000 1.000000
0.569043 0.273092 -0.775636 0.250425 -0.077895 0.956903 0.279767 90.649399 0.818610 -0.098781 0.565791 -0.198555 0.000000 0.000000 0.000000 1.000000
0.569212 0.271579 -0.776043 0.225783 -0.077911 0.957441 0.277914 90.650070 0.818491 -0.097729 0.566146 -0.178837 0.000000 0.000000 0.000000 1.000000
0.569384 0.270047 -0.776451 0.200858 -0.077927 0.957983 0.276037 90.650841 0.818370 -0.096665 0.566504 -0.158933 0.000000 0.000000 0.000000 1.000000
0.569557 0.268505 -0.776859 0.175832 -0.077943 0.958524 0.274149 90.651535 0.818248 -0.095592 0.566862 -0.138981 0.000000 0.000000 0.000000 1.000000
0.569729 0.266969 -0.777262 0.150931 -0.077959 0.959058 0.272268 90.652176 0.818127 -0.094525 0.567216 -0.119118 0.000000 0.000000 0.000000 1.000000
0.569898 0.265461 -0.777655 0.126481 -0.077974 0.959579 0.270421 90.652878 0.818008 -0.093476 0.567561 -0.099580 0.000000 0.000000 0.000000 1.000000
0.570060 0.264004 -0.778032 0.102831 -0.077987 0.960080 0.268636 90.653549 0.817893 -0.092462 0.567892 -0.080657 0.000000 0.000000 0.000000 1.000000
0.570216 0.262615 -0.778387 0.080318 -0.078000 0.960553 0.266935 90.654129 0.817783 -0.091496 0.568207 -0.062676 0.000000 0.000000 0.000000 1.000000
0.570365 0.261315 -0.778715 0.059294 -0.078011 0.960993 0.265343 90.654648 0.817678 -0.090594 0.568503 -0.045897 0.000000 0.000000 0.000000 1.000000
0.570497 0.260126 -0.779017 0.040051 -0.078022 0.961393 0.263887 90.655128 0.817585 -0.089766 0.568768 -0.030545 0.000000 0.000000 0.000000 1.000000
0.570593 0.259070 -0.779299 0.022897 -0.078035 0.961748 0.262587 90.655563 0.817517 -0.089018 0.568983 -0.016817 0.000000 0.000000 0.000000 1.000000
0.570648 0.258160 -0.779560 0.008082 -0.078050 0.962053 0.261461 90.655937 0.817477 -0.088358 0.569143 -0.004901 0.000000 0.000000 0.000000 1.000000
0.570675 0.257416 -0.779786 -0.004006 -0.078064 0.962303 0.260536 90.656204 0.817457 -0.087808 0.569257 0.004853 0.000000 0.000000 0.000000 1.000000
0.570692 0.256874 -0.779953 -0.012840 -0.078076 0.962484 0.259861 90.656395 0.817444 -0.087405 0.569338 0.011983 0.000000 0.000000 0.000000 1.000000
0.570708 0.256562 -0.780044 -0.018149 -0.078081 0.962588 0.259476 90.656540 0.817432 -0.087178 0.569390 0.016249 0.000000 0.000000 0.000000 1.000000
0.570764 0.256403 -0.780055 -0.020374 -0.078077 0.962639 0.259290 90.656509 0.817394 -0.087089 0.569459 0.017921 0.000000 0.000000 0.000000 1.000000</float_array><technique_common><accessor source="#arissa_Hips-Matrix-animation-output-transform-array" count="64" stride="16"><param type="float4x4"/></accessor></technique_common></source><source id="arissa_Hips-Interpolations"><Name_array id="arissa_Hips-Interpolations-array" count="64">
 LINEAR LINEAR LINEAR LINEAR LINEAR LINEAR LINEAR LINEAR LINEAR LINEAR LINEAR
LINEAR LINEAR LINEAR LINEAR LINEAR LINEAR LINEAR LINEAR LINEAR LINEAR LINEAR LINEAR
LINEAR LINEAR LINEAR LINEAR LINEAR LINEAR LINEAR LINEAR LINEAR LINEAR LINEAR LINEAR
LINEAR LINEAR LINEAR LINEAR LINEAR LINEAR LINEAR LINEAR LINEAR LINEAR LINEAR LINEAR
LINEAR LINEAR LINEAR LINEAR LINEAR LINEAR LINEAR LINEAR LINEAR LINEAR LINEAR LINEAR
LINEAR LINEAR LINEAR LINEAR LINEAR</Name_array><technique_common><accessor source="#arissa_Hips-Interpolations-array" count="64"><param type="name"/></accessor></technique_common></source><sampler id="arissa_Hips-Matrix-animation-transform"><input semantic="INPUT" source="#arissa_Hips-Matrix-animation-input"/><input semantic="OUTPUT" source="#arissa_Hips-Matrix-animation-output-transform"/><input semantic="INTERPOLATION" source="#arissa_Hips-Interpolations"/></sampler><channel source="#arissa_Hips-Matrix-animation-transform" target="arissa_Hips/matrix"/></animation>
    <animation id="arissa_Spine-anim" name="arissa_Spine"><source id="arissa_Spine-Matrix-animation-input"><float_array id="arissa_Spine-Matrix-animation-input-array" count="64">

0.000000 0.033333 0.066667 0.100000 0.133333 0.166667 0.200000 0.233333 0.266667 0.300000 0.333333 0.366667 0.400000 0.433333 0.466667 0.500000
0.533333 0.566667 0.600000 0.633333 0.666667 0.700000 0.733333 0.766667 0.800000 0.833333 0.866667 0.900000 0.933333 0.966667 1.000000 1.033333
1.066667 1.100000 1.133333 1.166667 1.200000 1.233333 1.266667 1.300000 1.333333 1.366667 1.400000 1.433333 1.466667 1.500000 1.533333 1.566667
1.600000 1.633333 1.666667 1.700000 1.733333 1.766667 1.800000 1.833333 1.866667 1.900000 1.933333 1.966667 2.000000 2.033333 2.066667 2.100000</float_array><technique_common><accessor source="#arissa_Spine-Matrix-animation-input-array" count="64"><param name="TIME" type="float"/></accessor></technique_common></source><source id="arissa_Spine-Matrix-animation-output-transform"><float_array id="arissa_Spine-Matrix-animation-output-transform-array" count="1024">

0.995441 -0.094313 0.014235 0.000000 0.095227 0.974241 -0.204415 9.226300 0.005411 0.204839 0.978781 1.577100 0.000000 0.000000 0.000000 1.000000
0.995437 -0.094353 0.014204 0.000000 0.095259 0.974197 -0.204613 9.226300 0.005468 0.205033 0.978740 1.577100 0.000000 0.000000 0.000000 1.000000
0.995434 -0.094393 0.014162 0.000000 0.095288 0.974131 -0.204914 9.226300 0.005546 0.205328 0.978678 1.577100 0.000000 0.000000 0.000000 1.000000
0.995431 -0.094439 0.014120 -0.000000 0.095322 0.974043 -0.205314 9.226300 0.005636 0.205722 0.978594 1.577100 0.000000 0.000000 0.000000 1.000000
0.995427 -0.094489 0.014062 0.000000 0.095356 0.973931 -0.205828 9.226300 0.005753 0.206228 0.978487 1.577100 0.000000 0.000000 0.000000 1.000000
0.995423 -0.094539 0.013998 0.000000 0.095389 0.973814 -0.206368 9.226300 0.005878 0.206759 0.978374 1.577100 0.000000 0.000000 0.000000 1.000000
0.995419 -0.094585 0.013935 -0.000000 0.095417 0.973677 -0.207001 9.226300 0.006011 0.207382 0.978242 1.577100 0.000000 0.000000 0.000000 1.000000
0.995416 -0.094626 0.013874 0.000000 0.095439 0.973516 -0.207745 9.226300 0.006152 0.208117 0.978085 1.577100 0.000000 0.000000 0.000000 1.000000
0.995413 -0.094668 0.013815 -0.000000 0.095464 0.973335 -0.208579 9.226300 0.006299 0.208942 0.977908 1.577100 0.000000 0.000000 0.000000 1.000000
0.995410 -0.094697 0.013872 0.000000 0.095498 0.973155 -0.209403 9.226300 0.006331 0.209767 0.977731 1.577100 0.000000 0.000000 0.000000 1.000000
0.995406 -0.094719 0.013956 -0.000000 0.095531 0.972949 -0.210341 9.226300 0.006345 0.210708 0.977528 1.577100 0.000000 0.000000 0.000000 1.000000
0.995403 -0.094739 0.014046 0.000000 0.095564 0.972742 -0.211284 9.226300 0.006353 0.211655 0.977324 1.577100 0.000000 0.000000 0.000000 1.000000
0.995401 -0.094741 0.014143 0.000000 0.095579 0.972516 -0.212315 9.226300 0.006360 0.212690 0.977099 1.577100 0.000000 0.000000 0.000000 1.000000
0.995412 -0.094613 0.014239 0.000000 0.095468 0.972289 -0.213401 9.226300 0.006346 0.213782 0.976861 1.577100 0.000000 0.000000 0.000000 1.000000
0.995424 -0.094473 0.014352 0.000000 0.095348 0.972064 -0.214476 9.226300 0.006312 0.214863 0.976624 1.577100 0.000000 0.000000 0.000000 1.000000
0.995437 -0.094319 0.014490 0.000000 0.095220 0.971828 -0.215598 9.226300 0.006253 0.215994 0.976375 1.577100 0.000000 0.000000 0.000000 1.000000
0.995450 -0.094158 0.014627 0.000000 0.095086 0.971574 -0.216800 9.226300 0.006202 0.217205 0.976106 1.577100 0.000000 0.000000 0.000000 1.000000
0.995463 -0.093993 0.014773 -0.000000 0.094948 0.971321 -0.217992 9.226300 0.006141 0.218406 0.975839 1.577100 0.000000 0.000000 0.000000 1.000000
0.995477 -0.093821 0.014926 -0.000000 0.094807 0.971070 -0.219167 9.226300 0.006068 0.219591 0.975573 1.577100 0.000000 0.000000 0.000000 1.000000
0.995492 -0.093643 0.015076 0.000000 0.094658 0.970808 -0.220390 9.226300 0.006002 0.220824 0.975295 1.577100 0.000000 0.000000 0.000000 1.000000
0.995509 -0.093431 0.015273 0.000000 0.094487 0.970513 -0.221758 9.226300 0.005897 0.222205 0.974982 1.577100 0.000000 0.000000 0.000000 1.000000
0.995529 -0.093172 0.015534 0.000000 0.094283 0.970163 -0.223369 9.226300 0.005741 0.223835 0.974610 1.577100 0.000000 0.000000 0.000000 1.000000
0.995551 -0.092891 0.015816 0.000000 0.094063 0.969794 -0.225058 9.226300 0.005567 0.225544 0.974217 1.577100 0.000000 0.000000 0.000000 1.000000
0.995573 -0.092596 0.016133 -0.000000 0.093838 0.969412 -0.226793 9.226300 0.005360 0.227303 0.973809 1.577100 0.000000 0.000000 0.000000 1.000000
0.995595 -0.092301 0.016442 0.000000 0.093612 0.969051 -0.228425 9.226300 0.005151 0.228958 0.973423 1.577100 0.000000 0.000000 0.000000 1.000000
0.995618 -0.091999 0.016781 0.000000 0.093387 0.968681 -0.230077 9.226300 0.004911 0.230636 0.973028 1.577100 0.000000 0.000000 0.000000 1.000000
0.995640 -0.091689 0.017140 0.000000 0.093162 0.968319 -0.231688 9.226300 0.004646 0.232275 0.972639 1.577100 0.000000 0.000000 0.000000 1.000000
0.995662 -0.091391 0.017480 0.000000 0.092944 0.967975 -0.233207 9.226300 0.004393 0.233820 0.972270 1.577100 0.000000 0.000000 0.000000 1.000000
0.995682 -0.091100 0.017831 0.000000 0.092737 0.967644 -0.234658 9.226300 0.004124 0.235298 0.971914 1.577100 0.000000 0.000000 0.000000 1.000000
0.995702 -0.090810 0.018189 0.000000 0.092534 0.967335 -0.236011 9.226300 0.003838 0.236680 0.971580 1.577100 0.000000 0.000000 0.000000 1.000000
0.995721 -0.090533 0.018536 -0.000000 0.092343 0.967048 -0.237259 9.226300 0.003555 0.237955 0.971270 1.577100 0.000000 0.000000 0.000000 1.000000
0.995738 -0.090277 0.018856 0.000000 0.092166 0.966788 -0.238382 9.226300 0.003290 0.239104 0.970988 1.577100 0.000000 0.000000 0.000000 1.000000
0.995753 -0.090049 0.019184 -0.000000 0.092021 0.966556 -0.239377 9.226300 0.003013 0.240125 0.970737 1.577100 0.000000 0.000000 0.000000 1.000000
0.995764 -0.089851 0.019496 -0.000000 0.091901 0.966351 -0.240251 9.226300 0.002747 0.241025 0.970515 1.577100 0.000000 0.000000 0.000000 1.000000
0.995774 -0.089679 0.019784 0.000000 0.091801 0.966182 -0.240965 9.226300 0.002494 0.241763 0.970332 1.577100 0.000000 0.000000 0.000000 1.000000
0.995783 -0.089523 0.020039 0.000000 0.091711 0.966054 -0.241512 9.226300 0.002262 0.242332 0.970191 1.577100 0.000000 0.000000 0.000000 1.000000
0.995791 -0.089394 0.020233 0.000000 0.091632 0.965976 -0.241857 9.226300 0.002076 0.242693 0.970101 1.577100 0.000000 0.000000 0.000000 1.000000
0.995797 -0.089285 0.020408 0.000000 0.091568 0.965945 -0.242003 9.226300 0.001894 0.242854 0.970061 1.577100 0.000000 0.000000 0.000000 1.000000
0.995802 -0.089202 0.020527 0.000000 0.091517 0.965971 -0.241918 9.226300 0.001751 0.242781 0.970080 1.577100 0.000000 0.000000 0.000000 1.000000
0.995805 -0.089142 0.020637 0.000000 0.091485 0.966054 -0.241599 9.226300 0.001600 0.242473 0.970157 1.577100 0.000000 0.000000 0.000000 1.000000
0.995805 -0.089122 0.020729 -0.000000 0.091489 0.966186 -0.241070 9.226300 0.001456 0.241955 0.970286 1.577100 0.000000 0.000000 0.000000 1.000000
0.995801 -0.089158 0.020773 0.000000 0.091536 0.966358 -0.240363 9.226300 0.001356 0.241255 0.970461 1.577100 0.000000 0.000000 0.000000 1.000000
0.995794 -0.089242 0.020753 -0.000000 0.091614 0.966585 -0.239415 9.226300 0.001306 0.240309 0.970696 1.577100 0.000000 0.000000 0.000000 1.000000
0.995786 -0.089350 0.020673 0.000000 0.091701 0.966844 -0.238333 9.226300 0.001308 0.239225 0.970963 1.577100 0.000000 0.000000 0.000000 1.000000
0.995777 -0.089478 0.020557 0.000000 0.091799 0.967117 -0.237185 9.226300 0.001342 0.238071 0.971247 1.577100 0.000000 0.000000 0.000000 1.000000
0.995765 -0.089643 0.020411 -0.000000 0.091926 0.967429 -0.235863 9.226300 0.001397 0.236740 0.971572 1.577100 0.000000 0.000000 0.000000 1.000000
0.995749 -0.089863 0.020198 0.000000 0.092093 0.967806 -0.234243 9.226300 0.001502 0.235107 0.971968 1.577100 0.000000 0.000000 0.000000 1.000000
0.995730 -0.090139 0.019932 0.000000 0.092302 0.968248 -0.232328 9.226300 0.001643 0.233175 0.972433 1.577100 0.000000 0.000000 0.000000 1.000000
0.995708 -0.090447 0.019624 0.000000 0.092534 0.968724 -0.230240 9.226300 0.001814 0.231068 0.972936 1.577100 0.000000 0.000000 0.000000 1.000000
0.995684 -0.090780 0.019272 -0.000000 0.092781 0.969213 -0.228075 9.226300 0.002026 0.228879 0.973453 1.577100 0.000000 0.000000 0.000000 1.000000
0.995660 -0.091131 0.018889 -0.000000 0.093040 0.969704 -0.225872 9.226300 0.002267 0.226649 0.973974 1.577100 0.000000 0.000000 0.000000 1.000000
0.995634 -0.091494 0.018489 -0.000000 0.093309 0.970199 -0.223623 9.226300 0.002522 0.224372 0.974500 1.577100 0.000000 0.000000 0.000000 1.000000
0.995607 -0.091870 0.018077 -0.000000 0.093590 0.970698 -0.221326 9.226300 0.002786 0.222046 0.975032 1.577100 0.000000 0.000000 0.000000 1.000000
0.995580 -0.092247 0.017651 0.000000 0.093870 0.971173 -0.219117 9.226300 0.003070 0.219805 0.975539 1.577100 0.000000 0.000000 0.000000 1.000000
0.995552 -0.092624 0.017220 -0.000000 0.094151 0.971637 -0.216928 9.226300 0.003361 0.217584 0.976036 1.577100 0.000000 0.000000 0.000000 1.000000
0.995525 -0.092995 0.016794 0.000000 0.094428 0.972078 -0.214821 9.226300 0.003652 0.215446 0.976509 1.577100 0.000000 0.000000 0.000000 1.000000
0.995498 -0.093362 0.016365 0.000000 0.094703 0.972501 -0.212774 9.226300 0.003950 0.213366 0.976964 1.577100 0.000000 0.000000 0.000000 1.000000
0.995471 -0.093714 0.015965 0.000000 0.094970 0.972875 -0.210940 9.226300 0.004237 0.211501 0.977369 1.577100 0.000000 0.000000 0.000000 1.000000
0.995447 -0.094033 0.015578 0.000000 0.095207 0.973215 -0.209257 9.226300 0.004516 0.209787 0.977737 1.577100 0.000000 0.000000 0.000000 1.000000
0.995428 -0.094300 0.015211 0.000000 0.095399 0.973521 -0.207741 9.226300 0.004781 0.208242 0.978066 1.577100 0.000000 0.000000 0.000000 1.000000
0.995413 -0.094512 0.014866 0.000000 0.095541 0.973769 -0.206508 9.226300 0.005042 0.206981 0.978332 1.577100 0.000000 0.000000 0.000000 1.000000
0.995400 -0.094690 0.014557 0.000000 0.095657 0.973972 -0.205493 9.226300 0.005280 0.205940 0.978550 1.577100 0.000000 0.000000 0.000000 1.000000
0.995394 -0.094773 0.014471 0.000000 0.095724 0.974114 -0.204790 9.226300 0.005312 0.205232 0.978699 1.577100 0.000000 0.000000 0.000000 1.000000
0.995419 -0.094532 0.014312 0.000000 0.095458 0.974212 -0.204447 9.226300 0.005384 0.204877 0.978773 1.577100 0.000000 0.000000 0.000000 1.000000</float_array><technique_common><accessor source="#arissa_Spine-Matrix-animation-output-transform-array" count="64" stride="16"><param type="float4x4"/></accessor></technique_common></source><source id="arissa_Spine-Interpolations"><Name_array id="arissa_Spine-Interpolations-array" count="64">
 LINEAR LINEAR LINEAR LINEAR LINEAR LINEAR LINEAR LINEAR LINEAR LINEAR LINEAR
LINEAR LINEAR LINEAR LINEAR LINEAR LINEAR LINEAR LINEAR LINEAR LINEAR LINEAR LINEAR
LINEAR LINEAR LINEAR LINEAR LINEAR LINEAR LINEAR LINEAR LINEAR LINEAR LINEAR LINEAR
LINEAR LINEAR LINEAR LINEAR LINEAR LINEAR LINEAR LINEAR LINEAR LINEAR LINEAR LINEAR
LINEAR LINEAR LINEAR LINEAR LINEAR LINEAR LINEAR LINEAR LINEAR LINEAR LINEAR LINEAR
LINEAR LINEAR LINEAR LINEAR LINEAR</Name_array><technique_common><accessor source="#arissa_Spine-Interpolations-array" count="64"><param type="name"/></accessor></technique_common></source><sampler id="arissa_Spine-Matrix-animation-transform"><input semantic="INPUT" source="#arissa_Spine-Matrix-animation-input"/><input semantic="OUTPUT" source="#arissa_Spine-Matrix-animation-output-transform"/><input semantic="INTERPOLATION" source="#arissa_Spine-Interpolations"/></sampler><channel source="#arissa_Spine-Matrix-animation-transform" target="arissa_Spine/matrix"/></animation>
    <animation id="arissa_Spine1-anim" name="arissa_Spine1"><source id="arissa_Spine1-Matrix-animation-input"><float_array id="arissa_Spine1-Matrix-animation-input-array" count="64">

0.000000 0.033333 0.066667 0.100000 0.133333 0.166667 0.200000 0.233333 0.266667 0.300000 0.333333 0.366667 0.400000 0.433333 0.466667 0.500000
0.533333 0.566667 0.600000 0.633333 0.666667 0.700000 0.733333 0.766667 0.800000 0.833333 0.866667 0.900000 0.933333 0.966667 1.000000 1.033333
1.066667 1.100000 1.133333 1.166667 1.200000 1.233333 1.266667 1.300000 1.333333 1.366667 1.400000 1.433333 1.466667 1.500000 1.533333 1.566667
1.600000 1.633333 1.666667 1.700000 1.733333 1.766667 1.800000 1.833333 1.866667 1.900000 1.933333 1.966667 2.000000 2.033333 2.066667 2.100000</float_array><technique_common><accessor source="#arissa_Spine1-Matrix-animation-input-array" count="64"><param name="TIME" type="float"/></accessor></technique_common></source><source id="arissa_Spine1-Matrix-animation-output-transform"><float_array id="arissa_Spine1-Matrix-animation-output-transform-array" count="1024">

0.996370 -0.080637 0.027292 0.000000 0.084344 0.978544 -0.187986 16.254000 -0.011547 0.189605 0.981792 -0.165600 0.000000 0.000000 0.000000 1.000000
0.996388 -0.080443 0.027184 0.000000 0.084129 0.978617 -0.187701 16.254000 -0.011503 0.189310 0.981850 -0.165600 0.000000 0.000000 0.000000 1.000000
0.996404 -0.080289 0.027061 0.000000 0.083951 0.978682 -0.187438 16.254000 -0.011435 0.189036 0.981904 -0.165600 0.000000 0.000000 0.000000 1.000000
0.996416 -0.080185 0.026938 0.000000 0.083823 0.978734 -0.187227 16.254000 -0.011352 0.188814 0.981947 -0.165600 0.000000 0.000000 0.000000 1.000000
0.996423 -0.080146 0.026796 0.000000 0.083757 0.978769 -0.187070 16.254000 -0.011234 0.188645 0.981981 -0.165600 0.000000 0.000000 0.000000 1.000000
0.996426 -0.080152 0.026653 -0.000000 0.083736 0.978772 -0.187065 16.254000 -0.011094 0.188629 0.981986 -0.165600 0.000000 0.000000 0.000000 1.000000
0.996427 -0.080184 0.026519 0.000000 0.083743 0.978766 -0.187096 16.254000 -0.010954 0.188649 0.981984 -0.165600 0.000000 0.000000 0.000000 1.000000
0.996425 -0.080251 0.026392 -0.000000 0.083785 0.978756 -0.187128 16.254000 -0.010814 0.188670 0.981981 -0.165600 0.000000 0.000000 0.000000 1.000000
0.996419 -0.080366 0.026283 0.000000 0.083877 0.978737 -0.187187 16.254000 -0.010681 0.188721 0.981973 -0.165600 0.000000 0.000000 0.000000 1.000000
0.996408 -0.080544 0.026155 0.000000 0.084031 0.978676 -0.187434 16.254000 -0.010501 0.188959 0.981929 -0.165600 0.000000 0.000000 0.000000 1.000000
0.996392 -0.080764 0.026074 0.000000 0.084233 0.978621 -0.187634 16.254000 -0.010362 0.189153 0.981893 -0.165600 0.000000 0.000000 0.000000 1.000000
0.996373 -0.081027 0.025973 0.000000 0.084477 0.978535 -0.187971 16.254000 -0.010185 0.189483 0.981831 -0.165600 0.000000 0.000000 0.000000 1.000000
0.996352 -0.081289 0.025988 0.000000 0.084740 0.978449 -0.188302 16.254000 -0.010121 0.189817 0.981767 -0.165600 0.000000 0.000000 0.000000 1.000000
0.996327 -0.081576 0.026048 0.000000 0.085036 0.978354 -0.188658 16.254000 -0.010094 0.190180 0.981697 -0.165600 0.000000 0.000000 0.000000 1.000000
0.996299 -0.081889 0.026132 -0.000000 0.085365 0.978233 -0.189137 16.254000 -0.010075 0.190668 0.981603 -0.165600 0.000000 0.000000 0.000000 1.000000
0.996267 -0.082226 0.026272 0.000000 0.085728 0.978104 -0.189640 16.254000 -0.010104 0.191184 0.981502 -0.165600 0.000000 0.000000 0.000000 1.000000
0.996234 -0.082589 0.026401 0.000000 0.086114 0.977975 -0.190130 16.254000 -0.010117 0.191687 0.981404 -0.165600 0.000000 0.000000 0.000000 1.000000
0.996198 -0.082970 0.026546 0.000000 0.086521 0.977830 -0.190691 16.254000 -0.010136 0.192263 0.981291 -0.165600 0.000000 0.000000 0.000000 1.000000
0.996161 -0.083358 0.026718 0.000000 0.086941 0.977676 -0.191289 16.254000 -0.010176 0.192878 0.981170 -0.165600 0.000000 0.000000 0.000000 1.000000
0.996122 -0.083767 0.026889 0.000000 0.087383 0.977516 -0.191903 16.254000 -0.010209 0.193509 0.981045 -0.165600 0.000000 0.000000 0.000000 1.000000
0.996076 -0.084233 0.027144 0.000000 0.087897 0.977330 -0.192616 16.254000 -0.010304 0.194246 0.980899 -0.165600 0.000000 0.000000 0.000000 1.000000
0.996020 -0.084780 0.027500 0.000000 0.088511 0.977119 -0.193401 16.254000 -0.010475 0.195066 0.980734 -0.165600 0.000000 0.000000 0.000000 1.000000
0.995958 -0.085385 0.027887 -0.000000 0.089191 0.976862 -0.194385 16.254000 -0.010645 0.196087 0.980529 -0.165600 0.000000 0.000000 0.000000 1.000000
0.995892 -0.085997 0.028348 -0.000000 0.089892 0.976609 -0.195330 16.254000 -0.010887 0.197075 0.980328 -0.165600 0.000000 0.000000 0.000000 1.000000
0.995826 -0.086610 0.028813 0.000000 0.090596 0.976334 -0.196380 16.254000 -0.011123 0.198170 0.980105 -0.165600 0.000000 0.000000 0.000000 1.000000
0.995758 -0.087207 0.029346 0.000000 0.091299 0.976077 -0.197327 16.254000 -0.011435 0.199169 0.979898 -0.165600 0.000000 0.000000 0.000000 1.000000
0.995689 -0.087797 0.029928 0.000000 0.092005 0.975819 -0.198272 16.254000 -0.011797 0.200171 0.979690 -0.165600 0.000000 0.000000 0.000000 1.000000
0.995620 -0.088381 0.030483 -0.000000 0.092700 0.975548 -0.199282 16.254000 -0.012125 0.201235 0.979468 -0.165600 0.000000 0.000000 0.000000 1.000000
0.995552 -0.088942 0.031074 -0.000000 0.093381 0.975287 -0.200240 16.254000 -0.012496 0.202251 0.979254 -0.165600 0.000000 0.000000 0.000000 1.000000
0.995484 -0.089479 0.031701 0.000000 0.094047 0.975031 -0.201171 16.254000 -0.012909 0.203244 0.979043 -0.165600 0.000000 0.000000 0.000000 1.000000
0.995419 -0.089991 0.032306 -0.000000 0.094683 0.974781 -0.202082 16.254000 -0.013306 0.204215 0.978836 -0.165600 0.000000 0.000000 0.000000 1.000000
0.995356 -0.090474 0.032888 0.000000 0.095288 0.974539 -0.202964 16.254000 -0.013687 0.205156 0.978634 -0.165600 0.000000 0.000000 0.000000 1.000000
0.995295 -0.090917 0.033486 -0.000000 0.095857 0.974311 -0.203789 16.254000 -0.014097 0.206040 0.978442 -0.165600 0.000000 0.000000 0.000000 1.000000
0.995238 -0.091323 0.034069 -0.000000 0.096385 0.974105 -0.204522 16.254000 -0.014510 0.206832 0.978269 -0.165600 0.000000 0.000000 0.000000 1.000000
0.995186 -0.091681 0.034626 0.000000 0.096861 0.973918 -0.205186 16.254000 -0.014912 0.207553 0.978110 -0.165600 0.000000 0.000000 0.000000 1.000000
0.995139 -0.091988 0.035160 -0.000000 0.097281 0.973751 -0.205778 16.254000 -0.015308 0.208198 0.977967 -0.165600 0.000000 0.000000 0.000000 1.000000
0.995099 -0.092244 0.035627 -0.000000 0.097638 0.973602 -0.206313 16.254000 -0.015655 0.208781 0.977837 -0.165600 0.000000 0.000000 0.000000 1.000000
0.995064 -0.092442 0.036085 -0.000000 0.097934 0.973486 -0.206721 16.254000 -0.016019 0.209234 0.977734 -0.165600 0.000000 0.000000 0.000000 1.000000
0.995038 -0.092590 0.036411 0.000000 0.098152 0.973391 -0.207067 16.254000 -0.016270 0.209614 0.977649 -0.165600 0.000000 0.000000 0.000000 1.000000
0.995020 -0.092670 0.036698 -0.000000 0.098295 0.973323 -0.207318 16.254000 -0.016506 0.209893 0.977585 -0.165600 0.000000 0.000000 0.000000 1.000000
0.995011 -0.092668 0.036951 0.000000 0.098348 0.973296 -0.207419 16.254000 -0.016743 0.210018 0.977554 -0.165600 0.000000 0.000000 0.000000 1.000000
0.995012 -0.092576 0.037155 0.000000 0.098300 0.973325 -0.207306 16.254000 -0.016973 0.209924 0.977570 -0.165600 0.000000 0.000000 0.000000 1.000000
0.995023 -0.092401 0.037289 0.000000 0.098154 0.973375 -0.207139 16.254000 -0.017156 0.209769 0.977601 -0.165600 0.000000 0.000000 0.000000 1.000000
0.995042 -0.092175 0.037348 0.000000 0.097941 0.973443 -0.206920 16.254000 -0.017283 0.209552 0.977645 -0.165600 0.000000 0.000000 0.000000 1.000000
0.995066 -0.091914 0.037343 0.000000 0.097679 0.973539 -0.206593 16.254000 -0.017366 0.209222 0.977714 -0.165600 0.000000 0.000000 0.000000 1.000000
0.995099 -0.091591 0.037270 -0.000000 0.097340 0.973669 -0.206138 16.254000 -0.017408 0.208756 0.977813 -0.165600 0.000000 0.000000 0.000000 1.000000
0.995145 -0.091175 0.037063 -0.000000 0.096878 0.973844 -0.205530 16.254000 -0.017355 0.208123 0.977949 -0.165600 0.000000 0.000000 0.000000 1.000000
0.995204 -0.090655 0.036758 0.000000 0.096292 0.974068 -0.204743 16.254000 -0.017243 0.207301 0.978125 -0.165600 0.000000 0.000000 0.000000 1.000000
0.995272 -0.090063 0.036376 0.000000 0.095617 0.974326 -0.203827 16.254000 -0.017084 0.206341 0.978331 -0.165600 0.000000 0.000000 0.000000 1.000000
0.995345 -0.089425 0.035925 0.000000 0.094882 0.974609 -0.202819 16.254000 -0.016876 0.205283 0.978557 -0.165600 0.000000 0.000000 0.000000 1.000000
0.995425 -0.088755 0.035386 -0.000000 0.094097 0.974909 -0.201736 16.254000 -0.016593 0.204143 0.978801 -0.165600 0.000000 0.000000 0.000000 1.000000
0.995507 -0.088055 0.034809 -0.000000 0.093275 0.975223 -0.200598 16.254000 -0.016283 0.202944 0.979055 -0.165600 0.000000 0.000000 0.000000 1.000000
0.995592 -0.087330 0.034200 0.000000 0.092423 0.975537 -0.199463 16.254000 -0.015944 0.201744 0.979308 -0.165600 0.000000 0.000000 0.000000 1.000000
0.995678 -0.086596 0.033549 0.000000 0.091552 0.975877 -0.198200 16.254000 -0.015577 0.200415 0.979587 -0.165600 0.000000 0.000000 0.000000 1.000000
0.995765 -0.085860 0.032873 -0.000000 0.090677 0.976206 -0.196975 16.254000 -0.015179 0.199122 0.979857 -0.165600 0.000000 0.000000 0.000000 1.000000
0.995850 -0.085130 0.032187 0.000000 0.089805 0.976533 -0.195750 16.254000 -0.014767 0.197828 0.980125 -0.165600 0.000000 0.000000 0.000000 1.000000
0.995933 -0.084418 0.031477 -0.000000 0.088950 0.976836 -0.194628 16.254000 -0.014318 0.196637 0.980372 -0.165600 0.000000 0.000000 0.000000 1.000000
0.996013 -0.083727 0.030800 0.000000 0.088123 0.977150 -0.193423 16.254000 -0.013902 0.195366 0.980632 -0.165600 0.000000 0.000000 0.000000 1.000000
0.996088 -0.083075 0.030129 0.000000 0.087336 0.977443 -0.192298 16.254000 -0.013474 0.194177 0.980874 -0.165600 0.000000 0.000000 0.000000 1.000000
0.996158 -0.082464 0.029478 -0.000000 0.086596 0.977710 -0.191269 16.254000 -0.013048 0.193087 0.981095 -0.165600 0.000000 0.000000 0.000000 1.000000
0.996222 -0.081908 0.028843 0.000000 0.085915 0.977969 -0.190251 16.254000 -0.012625 0.192010 0.981312 -0.165600 0.000000 0.000000 0.000000 1.000000
0.996279 -0.081418 0.028263 -0.000000 0.085312 0.978183 -0.189417 16.254000 -0.012224 0.191124 0.981490 -0.165600 0.000000 0.000000 0.000000 1.000000
0.996328 -0.080998 0.027747 0.000000 0.084793 0.978382 -0.188626 16.254000 -0.011869 0.190286 0.981657 -0.165600 0.000000 0.000000 0.000000 1.000000
0.996370 -0.080651 0.027259 0.000000 0.084350 0.978546 -0.187971 16.254000 -0.011514 0.189588 0.981796 -0.165600 0.000000 0.000000 0.000000 1.000000</float_array><technique_common><accessor source="#arissa_Spine1-Matrix-animation-output-transform-array" count="64" stride="16"><param type="float4x4"/></accessor></technique_common></source><source id="arissa_Spine1-Interpolations"><Name_array id="arissa_Spine1-Interpolations-array" count="64">
 LINEAR LINEAR LINEAR LINEAR LINEAR LINEAR LINEAR LINEAR LINEAR LINEAR LINEAR
LINEAR LINEAR LINEAR LINEAR LINEAR LINEAR LINEAR LINEAR LINEAR LINEAR LINEAR LINEAR
LINEAR LINEAR LINEAR LINEAR LINEAR LINEAR LINEAR LINEAR LINEAR LINEAR LINEAR LINEAR
LINEAR LINEAR LINEAR LINEAR LINEAR LINEAR LINEAR LINEAR LINEAR LINEAR LINEAR LINEAR
LINEAR LINEAR LINEAR LINEAR LINEAR LINEAR LINEAR LINEAR LINEAR LINEAR LINEAR LINEAR
LINEAR LINEAR LINEAR LINEAR LINEAR</Name_array><technique_common><accessor source="#arissa_Spine1-Interpolations-array" count="64"><param type="name"/></accessor></technique_common></source><sampler id="arissa_Spine1-Matrix-animation-transform"><input semantic="INPUT" source="#arissa_Spine1-Matrix-animation-input"/><input semantic="OUTPUT" source="#arissa_Spine1-Matrix-animation-output-transform"/><input semantic="INTERPOLATION" source="#arissa_Spine1-Interpolations"/></sampler><channel source="#arissa_Spine1-Matrix-animation-transform" target="arissa_Spine1/matrix"/></animation>
    <animation id="arissa_Spine2-anim" name="arissa_Spine2"><source id="arissa_Spine2-Matrix-animation-input"><float_array id="arissa_Spine2-Matrix-animation-input-array" count="64">

0.000000 0.033333 0.066667 0.100000 0.133333 0.166667 0.200000 0.233333 0.266667 0.300000 0.333333 0.366667 0.400000 0.433333 0.466667 0.500000
0.533333 0.566667 0.600000 0.633333 0.666667 0.700000 0.733333 0.766667 0.800000 0.833333 0.866667 0.900000 0.933333 0.966667 1.000000 1.033333
1.066667 1.100000 1.133333 1.166667 1.200000 1.233333 1.266667 1.300000 1.333333 1.366667 1.400000 1.433333 1.466667 1.500000 1.533333 1.566667
1.600000 1.633333 1.666667 1.700000 1.733333 1.766667 1.800000 1.833333 1.866667 1.900000 1.933333 1.966667 2.000000 2.033333 2.066667 2.100000</float_array><technique_common><accessor source="#arissa_Spine2-Matrix-animation-input-array" count="64"><param name="TIME" type="float"/></accessor></technique_common></source><source id="arissa_Spine2-Matrix-animation-output-transform"><float_array id="arissa_Spine2-Matrix-animation-output-transform-array" count="1024">

0.996438 -0.075976 0.036597 0.000000 0.082683 0.965540 -0.246773 13.639600 -0.016587 0.248920 0.968382 -1.292300 0.000000 0.000000 0.000000 1.000000
0.996418 -0.076372 0.036298 0.000000 0.082977 0.965756 -0.245824 13.639600 -0.016281 0.247956 0.968635 -1.292300 0.000000 0.000000 0.000000 1.000000
0.996401 -0.076745 0.036001 -0.000000 0.083250 0.965956 -0.244944 13.639600 -0.015977 0.247060 0.968869 -1.292300 0.000000 0.000000 0.000000 1.000000
0.996385 -0.077076 0.035715 0.000000 0.083487 0.966132 -0.244170 13.639600 -0.015685 0.246269 0.969075 -1.292300 0.000000 0.000000 0.000000 1.000000
0.996373 -0.077369 0.035429 0.000000 0.083691 0.966282 -0.243504 13.639600 -0.015395 0.245586 0.969252 -1.292300 0.000000 0.000000 0.000000 1.000000
0.996363 -0.077607 0.035174 0.000000 0.083852 0.966382 -0.243053 13.639600 -0.015129 0.245118 0.969375 -1.292300 0.000000 0.000000 0.000000 1.000000
0.996358 -0.077765 0.034968 0.000000 0.083950 0.966458 -0.242715 13.639600 -0.014920 0.244767 0.969467 -1.292300 0.000000 0.000000 0.000000 1.000000
0.996356 -0.077865 0.034804 -0.000000 0.084002 0.966517 -0.242462 13.639600 -0.014760 0.244502 0.969536 -1.292300 0.000000 0.000000 0.000000 1.000000
0.996356 -0.077924 0.034666 -0.000000 0.084024 0.966551 -0.242322 13.639600 -0.014624 0.244352 0.969576 -1.292300 0.000000 0.000000 0.000000 1.000000
0.996358 -0.077969 0.034514 -0.000000 0.084033 0.966517 -0.242453 13.639600 -0.014454 0.244470 0.969549 -1.292300 0.000000 0.000000 0.000000 1.000000
0.996362 -0.077968 0.034416 0.000000 0.084010 0.966475 -0.242629 13.639600 -0.014345 0.244638 0.969508 -1.292300 0.000000 0.000000 0.000000 1.000000
0.996369 -0.077915 0.034334 0.000000 0.083945 0.966379 -0.243032 13.639600 -0.014244 0.245032 0.969410 -1.292300 0.000000 0.000000 0.000000 1.000000
0.996380 -0.077787 0.034290 0.000000 0.083817 0.966268 -0.243516 13.639600 -0.014191 0.245509 0.969290 -1.292300 0.000000 0.000000 0.000000 1.000000
0.996395 -0.077589 0.034311 -0.000000 0.083639 0.966135 -0.244105 13.639600 -0.014209 0.246095 0.969142 -1.292300 0.000000 0.000000 0.000000 1.000000
0.996412 -0.077348 0.034366 -0.000000 0.083430 0.965955 -0.244888 13.639600 -0.014255 0.246877 0.968942 -1.292300 0.000000 0.000000 0.000000 1.000000
0.996431 -0.077054 0.034480 0.000000 0.083186 0.965752 -0.245770 13.639600 -0.014361 0.247761 0.968715 -1.292300 0.000000 0.000000 0.000000 1.000000
0.996452 -0.076721 0.034591 0.000000 0.082905 0.965536 -0.246712 13.639600 -0.014471 0.248705 0.968471 -1.292300 0.000000 0.000000 0.000000 1.000000
0.996476 -0.076356 0.034727 0.000000 0.082601 0.965288 -0.247783 13.639600 -0.014602 0.249779 0.968193 -1.292300 0.000000 0.000000 0.000000 1.000000
0.996500 -0.075959 0.034899 0.000000 0.082277 0.965019 -0.248935 13.639600 -0.014769 0.250935 0.967891 -1.292300 0.000000 0.000000 0.000000 1.000000
