<?xml version="1.0" encoding="utf-8"?>
<COLLADA xmlns="http://www.collada.org/2005/11/COLLADASchema" version="1.4.1">
  <asset><contributor><author>Mixamo</author><authoring_tool>COLLADA Mixamo exporter</authoring_tool><comments></comments></contributor><created>2018-04-11T19:36:32Z</created><modified>2018-04-11T19:36:32Z</modified><revision></revision><title></title><unit meter="0.010000"/><up_axis>Y_UP</up_axis></asset>
  <library_animations>
    <animation id="arissa_Hips-anim" name="arissa_Hips"><source id="arissa_Hips-Matrix-animation-input"><float_array id="arissa_Hips-Matrix-animation-input-array" count="64">

0.000000 0.033333 0.066667 0.100000 0.133333 0.166667 0.200000 0.233333 0.266667 0.300000 0.333333 0.366667 0.400000 0.433333 0.466667 0.500000
0.533333 0.566667 0.600000 0.633333 0.666667 0.700000 0.733333 0.766667 0.800000 0.833333 0.866667 0.900000 0.933333 0.966667 1.000000 1.033333
1.066667 1.100000 1.133333 1.166667 1.200000 1.233333 1.266667 1.300000 1.333333 1.366667 1.400000 1.433333 1.466667 1.500000 1.533333 1.566667
1.600000 1.633333 1.666667 1.700000 1.733333 1.766667 1.800000 1.833333 1.866667 1.900000 1.933333 1.966667 2.000000 2.033333 2.066667 2.100000</float_array><technique_common><accessor source="#arissa_Hips-Matrix-animation-input-array" count="64"><param name="TIME" type="float"/></accessor></technique_common></source><source id="arissa_Hips-Matrix-animation-output-transform"><float_array id="arissa_Hips-Matrix-animation-output-transform-array" count="1024">

0.575393 0.070907 -0.814798 -0.035285 0.031632 0.993560 0.108801 90.599998 0.817265 -0.088377 0.569445 -0.015462 0.000000 0.000000 0.000000 1.000000
0.575431 0.071419 -0.814726 -0.034648 0.031643 0.993490 0.109438 90.591034 0.817238 -0.088754 0.569425 -0.016047 0.000000 0.000000 0.000000 1.000000
0.575466 0.071967 -0.814653 -0.032798 0.031652 0.993414 0.110118 90.579140 0.817213 -0.089155 0.569398 -0.017571 0.000000 0.000000 0.000000 1.000000
0.575482 0.072559 -0.814590 -0.029582 0.031658 0.993333 0.110846 90.566147 0.817202 -0.089578 0.569348 -0.020112 0.000000 0.000000 0.000000 1.000000
0.575475 0.073194 -0.814538 -0.025093 0.031660 0.993247 0.111620 90.551819 0.817207 -0.090022 0.569271 -0.023611 0.000000 0.000000 0.000000 1.000000
0.575458 0.073863 -0.814489 -0.019456 0.031660 0.993155 0.112434 90.537193 0.817218 -0.090487 0.569180 -0.027994 0.000000 0.000000 0.000000 1.000000
0.575444 0.074562 -0.814435 -0.012731 0.031659 0.993058 0.113284 90.521782 0.817228 -0.090973 0.569089 -0.033293 0.000000 0.000000 0.000000 1.000000
0.575435 0.075289 -0.814375 -0.004961 0.031659 0.992957 0.114169 90.505577 0.817235 -0.091479 0.568998 -0.039447 0.000000 0.000000 0.000000 1.000000
0.575427 0.076039 -0.814310 0.003744 0.031660 0.992851 0.115084 90.488731 0.817240 -0.092004 0.568906 -0.046363 0.000000 0.000000 0.000000 1.000000
0.575420 0.076814 -0.814243 0.013335 0.031659 0.992741 0.116027 90.470940 0.817245 -0.092543 0.568812 -0.053924 0.000000 0.000000 0.000000 1.000000
0.575415 0.077608 -0.814171 0.023722 0.031659 0.992628 0.116994 90.453300 0.817249 -0.093096 0.568716 -0.062127 0.000000 0.000000 0.000000 1.000000
0.575410 0.078420 -0.814097 0.034855 0.031659 0.992511 0.117983 90.434738 0.817252 -0.093662 0.568618 -0.070885 0.000000 0.000000 0.000000 1.000000
0.575408 0.079246 -0.814019 0.046653 0.031658 0.992391 0.118989 90.415344 0.817254 -0.094238 0.568520 -0.080173 0.000000 0.000000 0.000000 1.000000
0.575406 0.080084 -0.813938 0.059050 0.031657 0.992268 0.120009 90.396156 0.817255 -0.094821 0.568421 -0.089976 0.000000 0.000000 0.000000 1.000000
0.575406 0.080929 -0.813854 0.071995 0.031656 0.992143 0.121040 90.376122 0.817255 -0.095410 0.568323 -0.100224 0.000000 0.000000 0.000000 1.000000
0.575406 0.081785 -0.813769 0.085474 0.031655 0.992015 0.122082 90.356133 0.817255 -0.096007 0.568222 -0.110924 0.000000 0.000000 0.000000 1.000000
0.575407 0.082648 -0.813680 0.099418 0.031654 0.991885 0.123134 90.335846 0.817254 -0.096608 0.568122 -0.121986 0.000000 0.000000 0.000000 1.000000
0.575410 0.083508 -0.813591 0.113601 0.031652 0.991755 0.124180 90.315048 0.817253 -0.097207 0.568022 -0.133184 0.000000 0.000000 0.000000 1.000000
0.575413 0.084348 -0.813502 0.127718 0.031651 0.991626 0.125204 90.294884 0.817251 -0.097793 0.567924 -0.144360 0.000000 0.000000 0.000000 1.000000
0.575416 0.085196 -0.813411 0.142277 0.031650 0.991495 0.126237 90.274429 0.817248 -0.098383 0.567826 -0.155831 0.000000 0.000000 0.000000 1.000000
0.575422 0.086126 -0.813309 0.158535 0.031648 0.991350 0.127370 90.251564 0.817244 -0.099031 0.567719 -0.168707 0.000000 0.000000 0.000000 1.000000
0.575428 0.087180 -0.813193 0.177312 0.031646 0.991184 0.128655 90.225876 0.817240 -0.099765 0.567597 -0.183585 0.000000 0.000000 0.000000 1.000000
0.575437 0.088299 -0.813066 0.197574 0.031643 0.991006 0.130019 90.197777 0.817234 -0.100546 0.567467 -0.199625 0.000000 0.000000 0.000000 1.000000
0.575446 0.089399 -0.812939 0.217821 0.031641 0.990830 0.131359 90.170464 0.817228 -0.101312 0.567340 -0.215649 0.000000 0.000000 0.000000 1.000000
0.575454 0.090445 -0.812818 0.237396 0.031638 0.990660 0.132633 90.144318 0.817222 -0.102040 0.567218 -0.231129 0.000000 0.000000 0.000000 1.000000
0.575460 0.091441 -0.812702 0.256323 0.031635 0.990497 0.133846 90.118279 0.817218 -0.102733 0.567099 -0.246102 0.000000 0.000000 0.000000 1.000000
0.575468 0.092391 -0.812589 0.274581 0.031632 0.990340 0.135004 90.094215 0.817213 -0.103394 0.566986 -0.260576 0.000000 0.000000 0.000000 1.000000
0.575481 0.093287 -0.812477 0.291978 0.031631 0.990191 0.136096 90.071068 0.817203 -0.104020 0.566886 -0.274396 0.000000 0.000000 0.000000 1.000000
0.575501 0.094116 -0.812367 0.308309 0.031630 0.990051 0.137109 90.049416 0.817189 -0.104602 0.566799 -0.287355 0.000000 0.000000 0.000000 1.000000
0.575522 0.094875 -0.812264 0.323449 0.031629 0.989922 0.138036 90.029480 0.817174 -0.105133 0.566721 -0.299349 0.000000 0.000000 0.000000 1.000000
0.575540 0.095556 -0.812171 0.337140 0.031627 0.989806 0.138868 90.011429 0.817162 -0.105611 0.566651 -0.310217 0.000000 0.000000 0.000000 1.000000
0.575555 0.096155 -0.812090 0.349263 0.031626 0.989703 0.139600 89.995682 0.817151 -0.106031 0.566588 -0.319797 0.000000 0.000000 0.000000 1.000000
0.575568 0.096664 -0.812021 0.359659 0.031626 0.989615 0.140222 89.981796 0.817142 -0.106389 0.566533 -0.328009 0.000000 0.000000 0.000000 1.000000
0.575578 0.097078 -0.811964 0.368171 0.031626 0.989543 0.140727 89.970978 0.817135 -0.106678 0.566489 -0.334745 0.000000 0.000000 0.000000 1.000000
0.575586 0.097386 -0.811922 0.374591 0.031622 0.989490 0.141101 89.962700 0.817130 -0.106891 0.566457 -0.339839 0.000000 0.000000 0.000000 1.000000
0.575590 0.097580 -0.811895 0.378717 0.031617 0.989457 0.141335 89.957596 0.817127 -0.107021 0.566437 -0.343127 0.000000 0.000000 0.000000 1.000000
0.575592 0.097655 -0.811885 0.380421 0.031616 0.989444 0.141426 89.955536 0.817125 -0.107072 0.566429 -0.344465 0.000000 0.000000 0.000000 1.000000
0.575591 0.097602 -0.811892 0.379612 0.031619 0.989453 0.141364 89.957138 0.817126 -0.107039 0.566434 -0.343836 0.000000 0.000000 0.000000 1.000000
0.575585 0.097403 -0.811921 0.376342 0.031623 0.989487 0.141123 89.962234 0.817131 -0.106903 0.566453 -0.341280 0.000000 0.000000 0.000000 1.000000
0.575573 0.097051 -0.811971 0.370773 0.031623 0.989548 0.140692 89.971970 0.817139 -0.106655 0.566488 -0.336880 0.000000 0.000000 0.000000 1.000000
0.575558 0.096554 -0.812041 0.363073 0.031622 0.989635 0.140084 89.985069 0.817150 -0.106304 0.566538 -0.330756 0.000000 0.000000 0.000000 1.000000
0.575546 0.095927 -0.812124 0.353325 0.031621 0.989743 0.139317 90.001457 0.817158 -0.105863 0.566609 -0.322985 0.000000 0.000000 0.000000 1.000000
0.575541 0.095184 -0.812215 0.341738 0.031622 0.989870 0.138410 90.021461 0.817161 -0.105344 0.566701 -0.313759 0.000000 0.000000 0.000000 1.000000
0.575541 0.094346 -0.812312 0.328684 0.031623 0.990012 0.137391 90.043144 0.817161 -0.104762 0.566809 -0.303403 0.000000 0.000000 0.000000 1.000000
0.575541 0.093425 -0.812419 0.314346 0.031625 0.990167 0.136269 90.067581 0.817161 -0.104121 0.566928 -0.292097 0.000000 0.000000 0.000000 1.000000
0.575541 0.092379 -0.812538 0.298133 0.031626 0.990341 0.134996 90.094566 0.817161 -0.103393 0.567060 -0.279332 0.000000 0.000000 0.000000 1.000000
0.575541 0.091149 -0.812677 0.279071 0.031628 0.990544 0.133497 90.125999 0.817161 -0.102536 0.567216 -0.264286 0.000000 0.000000 0.000000 1.000000
0.575541 0.089733 -0.812835 0.257126 0.031630 0.990775 0.131773 90.161606 0.817161 -0.101551 0.567393 -0.246953 0.000000 0.000000 0.000000 1.000000
0.575541 0.088206 -0.813002 0.233404 0.031632 0.991021 0.129913 90.200317 0.817161 -0.100488 0.567583 -0.228180 0.000000 0.000000 0.000000 1.000000
0.575541 0.086635 -0.813171 0.208976 0.031634 0.991270 0.128000 90.238823 0.817161 -0.099393 0.567775 -0.208820 0.000000 0.000000 0.000000 1.000000
0.575541 0.085045 -0.813339 0.184256 0.031637 0.991518 0.126063 90.278168 0.817161 -0.098286 0.567968 -0.189291 0.000000 0.000000 0.000000 1.000000
0.575541 0.083444 -0.813504 0.159432 0.031640 0.991763 0.124114 90.316391 0.817161 -0.097172 0.568160 -0.169708 0.000000 0.000000 0.000000 1.000000
0.575542 0.081851 -0.813666 0.134735 0.031642 0.992004 0.122173 90.354294 0.817160 -0.096062 0.568350 -0.150204 0.000000 0.000000 0.000000 1.000000
0.575542 0.080289 -0.813822 0.110475 0.031644 0.992237 0.120269 90.391281 0.817160 -0.094972 0.568533 -0.131018 0.000000 0.000000 0.000000 1.000000
0.575540 0.078778 -0.813970 0.087009 0.031645 0.992458 0.118428 90.426132 0.817161 -0.093919 0.568707 -0.112429 0.000000 0.000000 0.000000 1.000000
0.575541 0.077339 -0.814107 0.064674 0.031647 0.992666 0.116675 90.459442 0.817160 -0.092916 0.568873 -0.094754 0.000000 0.000000 0.000000 1.000000
0.575545 0.075992 -0.814232 0.043804 0.031650 0.992857 0.115035 90.489365 0.817158 -0.091978 0.569029 -0.078275 0.000000 0.000000 0.000000 1.000000
0.575543 0.074761 -0.814347 0.024713 0.031651 0.993030 0.113534 90.517105 0.817159 -0.091119 0.569165 -0.063192 0.000000 0.000000 0.000000 1.000000
0.575521 0.073667 -0.814462 0.007677 0.031649 0.993182 0.112196 90.541473 0.817174 -0.090348 0.569266 -0.049680 0.000000 0.000000 0.000000 1.000000
0.575474 0.072725 -0.814580 -0.007021 0.031643 0.993312 0.111037 90.562744 0.817208 -0.089674 0.569324 -0.037953 0.000000 0.000000 0.000000 1.000000
0.575418 0.071955 -0.814688 -0.019034 0.031635 0.993419 0.110084 90.579407 0.817248 -0.089117 0.569354 -0.028339 0.000000 0.000000 0.000000 1.000000
0.575373 0.071393 -0.814769 -0.027797 0.031629 0.993496 0.109390 90.591919 0.817279 -0.088710 0.569373 -0.021309 0.000000 0.000000 0.000000 1.000000
0.575354 0.071071 -0.814810 -0.033063 0.031626 0.993539 0.108993 90.599113 0.817293 -0.088479 0.569390 -0.017092 0.000000 0.000000 0.000000 1.000000
0.575393 0.070907 -0.814798 -0.035289 0.031632 0.993560 0.108801 90.599915 0.817265 -0.088377 0.569444 -0.015456 0.000000 0.000000 0.000000 1.000000</float_array><technique_common><accessor source="#arissa_Hips-Matrix-animation-output-transform-array" count="64" stride="16"><param type="float4x4"/></accessor></technique_common></source><source id="arissa_Hips-Interpolations"><Name_array id="arissa_Hips-Interpolations-array" count="64">
 LINEAR LINEAR LINEAR LINEAR LINEAR LINEAR LINEAR LINEAR LINEAR LINEAR LINEAR
LINEAR LINEAR LINEAR LINEAR LINEAR LINEAR LINEAR LINEAR LINEAR LINEAR LINEAR LINEAR
LINEAR LINEAR LINEAR LINEAR LINEAR LINEAR LINEAR LINEAR LINEAR LINEAR LINEAR LINEAR
LINEAR LINEAR LINEAR LINEAR LINEAR LINEAR LINEAR LINEAR LINEAR LINEAR LINEAR LINEAR
LINEAR LINEAR LINEAR LINEAR LINEAR LINEAR LINEAR LINEAR LINEAR LINEAR LINEAR LINEAR
LINEAR LINEAR LINEAR LINEAR LINEAR</Name_array><technique_common><accessor source="#arissa_Hips-Interpolations-array" count="64"><param type="name"/></accessor></technique_common></source><sampler id="arissa_Hips-Matrix-animation-transform"><input semantic="INPUT" source="#arissa_Hips-Matrix-animation-input"/><input semantic="OUTPUT" source="#arissa_Hips-Matrix-animation-output-transform"/><input semantic="INTERPOLATION" source="#arissa_Hips-Interpolations"/></sampler><channel source="#arissa_Hips-Matrix-animation-transform" target="arissa_Hips/matrix"/></animation>
    <animation id="arissa_Spine-anim" name="arissa_Spine"><source id="arissa_Spine-Matrix-animation-input"><float_array id="arissa_Spine-Matrix-animation-input-array" count="64">

0.000000 0.033333 0.066667 0.100000 0.133333 0.166667 0.200000 0.233333 0.266667 0.300000 0.333333 0.366667 0.400000 0.433333 0.466667 0.500000
0.533333 0.566667 0.600000 0.633333 0.666667 0.700000 0.733333 0.766667 0.800000 0.833333 0.866667 0.900000 0.933333 0.966667 1.000000 1.033333
1.066667 1.100000 1.133333 1.166667 1.200000 1.233333 1.266667 1.300000 1.333333 1.366667 1.400000 1.433333 1.466667 1.500000 1.533333 1.566667
1.600000 1.633333 1.666667 1.700000 1.733333 1.766667 1.800000 1.833333 1.866667 1.900000 1.933333 1.966667 2.000000 2.033333 2.066667 2.100000</float_array><technique_common><accessor source="#arissa_Spine-Matrix-animation-input-array" count="64"><param name="TIME" type="float"/></accessor></technique_common></source><source id="arissa_Spine-Matrix-animation-output-transform"><float_array id="arissa_Spine-Matrix-animation-output-transform-array" count="1024">

0.999900 -0.011355 0.008372 -0.000000 0.012076 0.995703 -0.091812 9.226300 -0.007294 0.091904 0.995741 1.577100 0.000000 0.000000 0.000000 1.000000
0.999900 -0.011393 0.008341 0.000000 0.012112 0.995684 -0.092013 9.226300 -0.007257 0.092104 0.995723 1.577100 0.000000 0.000000 0.000000 1.000000
0.999900 -0.011430 0.008296 -0.000000 0.012148 0.995655 -0.092318 9.226300 -0.007205 0.092410 0.995695 1.577100 0.000000 0.000000 0.000000 1.000000
0.999900 -0.011474 0.008249 0.000000 0.012190 0.995617 -0.092725 9.226300 -0.007149 0.092817 0.995658 1.577100 0.000000 0.000000 0.000000 1.000000
0.999900 -0.011520 0.008186 0.000000 0.012233 0.995568 -0.093249 9.226300 -0.007075 0.093340 0.995609 1.577100 0.000000 0.000000 0.000000 1.000000
0.999900 -0.011565 0.008118 -0.000000 0.012276 0.995515 -0.093799 9.226300 -0.006996 0.093889 0.995558 1.577100 0.000000 0.000000 0.000000 1.000000
0.999900 -0.011607 0.008052 -0.000000 0.012316 0.995454 -0.094442 9.226300 -0.006919 0.094532 0.995498 1.577100 0.000000 0.000000 0.000000 1.000000
0.999900 -0.011644 0.007985 -0.000000 0.012352 0.995382 -0.095200 9.226300 -0.006839 0.095289 0.995426 1.577100 0.000000 0.000000 0.000000 1.000000
0.999900 -0.011683 0.007924 -0.000000 0.012391 0.995300 -0.096049 9.226300 -0.006764 0.096137 0.995345 1.577100 0.000000 0.000000 0.000000 1.000000
0.999899 -0.011721 0.007975 -0.000000 0.012439 0.995218 -0.096888 9.226300 -0.006802 0.096977 0.995263 1.577100 0.000000 0.000000 0.000000 1.000000
0.999898 -0.011757 0.008058 0.000000 0.012490 0.995123 -0.097843 9.226300 -0.006869 0.097934 0.995169 1.577100 0.000000 0.000000 0.000000 1.000000
0.999897 -0.011790 0.008144 0.000000 0.012538 0.995028 -0.098803 9.226300 -0.006939 0.098895 0.995074 1.577100 0.000000 0.000000 0.000000 1.000000
0.999896 -0.011807 0.008240 -0.000000 0.012572 0.994923 -0.099853 9.226300 -0.007020 0.099946 0.994968 1.577100 0.000000 0.000000 0.000000 1.000000
0.999897 -0.011694 0.008349 0.000000 0.012478 0.994812 -0.100959 9.226300 -0.007125 0.101053 0.994856 1.577100 0.000000 0.000000 0.000000 1.000000
0.999897 -0.011572 0.008477 -0.000000 0.012377 0.994702 -0.102053 9.226300 -0.007252 0.102147 0.994743 1.577100 0.000000 0.000000 0.000000 1.000000
0.999897 -0.011437 0.008632 0.000000 0.012267 0.994585 -0.103196 9.226300 -0.007405 0.103291 0.994624 1.577100 0.000000 0.000000 0.000000 1.000000
0.999898 -0.011297 0.008787 0.000000 0.012153 0.994459 -0.104420 9.226300 -0.007558 0.104516 0.994494 1.577100 0.000000 0.000000 0.000000 1.000000
0.999898 -0.011152 0.008949 0.000000 0.012035 0.994332 -0.105634 9.226300 -0.007720 0.105731 0.994365 1.577100 0.000000 0.000000 0.000000 1.000000
0.999898 -0.011001 0.009120 0.000000 0.011913 0.994206 -0.106830 9.226300 -0.007891 0.106928 0.994235 1.577100 0.000000 0.000000 0.000000 1.000000
0.999898 -0.010845 0.009291 -0.000000 0.011786 0.994073 -0.108077 9.226300 -0.008064 0.108175 0.994099 1.577100 0.000000 0.000000 0.000000 1.000000
0.999898 -0.010661 0.009509 -0.000000 0.011639 0.993922 -0.109470 9.226300 -0.008285 0.109570 0.993945 1.577100 0.000000 0.000000 0.000000 1.000000
0.999898 -0.010438 0.009798 -0.000000 0.011463 0.993742 -0.111112 9.226300 -0.008577 0.111213 0.993760 1.577100 0.000000 0.000000 0.000000 1.000000
0.999897 -0.010196 0.010109 0.000000 0.011272 0.993550 -0.112834 9.226300 -0.008894 0.112936 0.993562 1.577100 0.000000 0.000000 0.000000 1.000000
0.999896 -0.009943 0.010455 -0.000000 0.011076 0.993350 -0.114603 9.226300 -0.009246 0.114706 0.993356 1.577100 0.000000 0.000000 0.000000 1.000000
0.999895 -0.009689 0.010796 0.000000 0.010879 0.993159 -0.116266 9.226300 -0.009596 0.116371 0.993159 1.577100 0.000000 0.000000 0.000000 1.000000
0.999893 -0.009431 0.011169 0.000000 0.010684 0.992962 -0.117951 9.226300 -0.009978 0.118057 0.992957 1.577100 0.000000 0.000000 0.000000 1.000000
0.999891 -0.009169 0.011560 0.000000 0.010487 0.992767 -0.119595 9.226300 -0.010380 0.119703 0.992756 1.577100 0.000000 0.000000 0.000000 1.000000
0.999889 -0.008916 0.011930 0.000000 0.010296 0.992582 -0.121144 9.226300 -0.010761 0.121253 0.992563 1.577100 0.000000 0.000000 0.000000 1.000000
0.999887 -0.008669 0.012311 0.000000 0.010114 0.992402 -0.122624 9.226300 -0.011155 0.122735 0.992377 1.577100 0.000000 0.000000 0.000000 1.000000
0.999884 -0.008426 0.012700 0.000000 0.009937 0.992232 -0.124006 9.226300 -0.011556 0.124118 0.992200 1.577100 0.000000 0.000000 0.000000 1.000000
0.999881 -0.008192 0.013073 -0.000000 0.009766 0.992073 -0.125279 9.226300 -0.011943 0.125392 0.992035 1.577100 0.000000 0.000000 0.000000 1.000000
0.999878 -0.007976 0.013421 0.000000 0.009610 0.991929 -0.126427 9.226300 -0.012304 0.126541 0.991885 1.577100 0.000000 0.000000 0.000000 1.000000
0.999875 -0.007790 0.013772 0.000000 0.009483 0.991801 -0.127442 9.226300 -0.012666 0.127557 0.991750 1.577100 0.000000 0.000000 0.000000 1.000000
0.999871 -0.007631 0.014103 0.000000 0.009378 0.991686 -0.128336 9.226300 -0.013007 0.128452 0.991630 1.577100 0.000000 0.000000 0.000000 1.000000
0.999868 -0.007494 0.014411 0.000000 0.009292 0.991593 -0.129065 9.226300 -0.013322 0.129182 0.991531 1.577100 0.000000 0.000000 0.000000 1.000000
0.999865 -0.007370 0.014680 0.000000 0.009211 0.991520 -0.129624 9.226300 -0.013600 0.129742 0.991455 1.577100 0.000000 0.000000 0.000000 1.000000
0.999863 -0.007263 0.014887 0.000000 0.009137 0.991475 -0.129976 9.226300 -0.013816 0.130094 0.991405 1.577100 0.000000 0.000000 0.000000 1.000000
0.999861 -0.007174 0.015072 0.000000 0.009075 0.991456 -0.130125 9.226300 -0.014010 0.130243 0.991383 1.577100 0.000000 0.000000 0.000000 1.000000
0.999859 -0.007104 0.015201 0.000000 0.009021 0.991468 -0.130038 9.226300 -0.014148 0.130157 0.991392 1.577100 0.000000 0.000000 0.000000 1.000000
0.999858 -0.007054 0.015317 0.000000 0.008982 0.991511 -0.129712 9.226300 -0.014272 0.129832 0.991433 1.577100 0.000000 0.000000 0.000000 1.000000
0.999856 -0.007043 0.015410 0.000000 0.008975 0.991582 -0.129172 9.226300 -0.014371 0.129292 0.991502 1.577100 0.000000 0.000000 0.000000 1.000000
0.999856 -0.007081 0.015449 0.000000 0.009008 0.991675 -0.128450 9.226300 -0.014411 0.128570 0.991596 1.577100 0.000000 0.000000 0.000000 1.000000
0.999855 -0.007159 0.015419 0.000000 0.009067 0.991800 -0.127481 9.226300 -0.014380 0.127603 0.991721 1.577100 0.000000 0.000000 0.000000 1.000000
0.999856 -0.007255 0.015327 -0.000000 0.009135 0.991940 -0.126377 9.226300 -0.014287 0.126499 0.991864 1.577100 0.000000 0.000000 0.000000 1.000000
0.999857 -0.007364 0.015197 0.000000 0.009210 0.992088 -0.125206 9.226300 -0.014155 0.125328 0.992014 1.577100 0.000000 0.000000 0.000000 1.000000
0.999859 -0.007506 0.015034 -0.000000 0.009311 0.992257 -0.123855 9.226300 -0.013988 0.123977 0.992186 1.577100 0.000000 0.000000 0.000000 1.000000
0.999861 -0.007695 0.014796 -0.000000 0.009447 0.992460 -0.122201 9.226300 -0.013744 0.122324 0.992395 1.577100 0.000000 0.000000 0.000000 1.000000
0.999863 -0.007932 0.014501 0.000000 0.009619 0.992697 -0.120247 9.226300 -0.013442 0.120370 0.992638 1.577100 0.000000 0.000000 0.000000 1.000000
0.999866 -0.008198 0.014161 0.000000 0.009814 0.992951 -0.118117 9.226300 -0.013092 0.118240 0.992899 1.577100 0.000000 0.000000 0.000000 1.000000
0.999869 -0.008482 0.013775 0.000000 0.010022 0.993209 -0.115909 9.226300 -0.012698 0.116032 0.993164 1.577100 0.000000 0.000000 0.000000 1.000000
0.999872 -0.008779 0.013351 0.000000 0.010241 0.993467 -0.113663 9.226300 -0.012266 0.113785 0.993430 1.577100 0.000000 0.000000 0.000000 1.000000
0.999875 -0.009088 0.012915 -0.000000 0.010471 0.993724 -0.111370 9.226300 -0.011822 0.111492 0.993695 1.577100 0.000000 0.000000 0.000000 1.000000
0.999878 -0.009408 0.012463 0.000000 0.010711 0.993981 -0.109029 9.226300 -0.011363 0.109150 0.993960 1.577100 0.000000 0.000000 0.000000 1.000000
0.999881 -0.009729 0.011998 0.000000 0.010955 0.994222 -0.106779 9.226300 -0.010890 0.106898 0.994210 1.577100 0.000000 0.000000 0.000000 1.000000
0.999883 -0.010048 0.011530 0.000000 0.011199 0.994457 -0.104549 9.226300 -0.010415 0.104666 0.994453 1.577100 0.000000 0.000000 0.000000 1.000000
0.999885 -0.010362 0.011063 0.000000 0.011441 0.994677 -0.102403 9.226300 -0.009943 0.102518 0.994681 1.577100 0.000000 0.000000 0.000000 1.000000
0.999887 -0.010674 0.010596 -0.000000 0.011684 0.994887 -0.100320 9.226300 -0.009471 0.100433 0.994899 1.577100 0.000000 0.000000 0.000000 1.000000
0.999888 -0.010973 0.010157 0.000000 0.011920 0.995070 -0.098453 9.226300 -0.009027 0.098563 0.995090 1.577100 0.000000 0.000000 0.000000 1.000000
0.999889 -0.011242 0.009735 0.000000 0.012132 0.995236 -0.096740 9.226300 -0.008601 0.096848 0.995262 1.577100 0.000000 0.000000 0.000000 1.000000
0.999891 -0.011462 0.009345 0.000000 0.012300 0.995382 -0.095198 9.226300 -0.008210 0.095302 0.995415 1.577100 0.000000 0.000000 0.000000 1.000000
0.999892 -0.011631 0.008977 0.000000 0.012423 0.995500 -0.093944 9.226300 -0.007844 0.094045 0.995537 1.577100 0.000000 0.000000 0.000000 1.000000
0.999893 -0.011770 0.008650 0.000000 0.012524 0.995596 -0.092911 9.226300 -0.007518 0.093010 0.995637 1.577100 0.000000 0.000000 0.000000 1.000000
0.999893 -0.011842 0.008556 0.000000 0.012580 0.995661 -0.092196 9.226300 -0.007428 0.092294 0.995704 1.577100 0.000000 0.000000 0.000000 1.000000
0.999897 -0.011582 0.008424 0.000000 0.012308 0.995697 -0.091846 9.226300 -0.007324 0.091940 0.995738 1.577100 0.000000 0.000000 0.000000 1.000000</float_array><technique_common><accessor source="#arissa_Spine-Matrix-animation-output-transform-array" count="64" stride="16"><param type="float4x4"/></accessor></technique_common></source><source id="arissa_Spine-Interpolations"><Name_array id="arissa_Spine-Interpolations-array" count="64">
 LINEAR LINEAR LINEAR LINEAR LINEAR LINEAR LINEAR LINEAR LINEAR LINEAR LINEAR
LINEAR LINEAR LINEAR LINEAR LINEAR LINEAR LINEAR LINEAR LINEAR LINEAR LINEAR LINEAR
LINEAR LINEAR LINEAR LINEAR LINEAR LINEAR LINEAR LINEAR LINEAR LINEAR LINEAR LINEAR
LINEAR LINEAR LINEAR LINEAR LINEAR LINEAR LINEAR LINEAR LINEAR LINEAR LINEAR LINEAR
LINEAR LINEAR LINEAR LINEAR LINEAR LINEAR LINEAR LINEAR LINEAR LINEAR LINEAR LINEAR
LINEAR LINEAR LINEAR LINEAR LINEAR</Name_array><technique_common><accessor source="#arissa_Spine-Interpolations-array" count="64"><param type="name"/></accessor></technique_common></source><sampler id="arissa_Spine-Matrix-animation-transform"><input semantic="INPUT" source="#arissa_Spine-Matrix-animation-input"/><input semantic="OUTPUT" source="#arissa_Spine-Matrix-animation-output-transform"/><input semantic="INTERPOLATION" source="#arissa_Spine-Interpolations"/></sampler><channel source="#arissa_Spine-Matrix-animation-transform" target="arissa_Spine/matrix"/></animation>
    <animation id="arissa_Spine1-anim" name="arissa_Spine1"><source id="arissa_Spine1-Matrix-animation-input"><float_array id="arissa_Spine1-Matrix-animation-input-array" count="64">

0.000000 0.033333 0.066667 0.100000 0.133333 0.166667 0.200000 0.233333 0.266667 0.300000 0.333333 0.366667 0.400000 0.433333 0.466667 0.500000
0.533333 0.566667 0.600000 0.633333 0.666667 0.700000 0.733333 0.766667 0.800000 0.833333 0.866667 0.900000 0.933333 0.966667 1.000000 1.033333
1.066667 1.100000 1.133333 1.166667 1.200000 1.233333 1.266667 1.300000 1.333333 1.366667 1.400000 1.433333 1.466667 1.500000 1.533333 1.566667
1.600000 1.633333 1.666667 1.700000 1.733333 1.766667 1.800000 1.833333 1.866667 1.900000 1.933333 1.966667 2.000000 2.033333 2.066667 2.100000</float_array><technique_common><accessor source="#arissa_Spine1-Matrix-animation-input-array" count="64"><param name="TIME" type="float"/></accessor></technique_common></source><source id="arissa_Spine1-Matrix-animation-output-transform"><float_array id="arissa_Spine1-Matrix-animation-output-transform-array" count="1024">

0.999795 -0.005228 0.019554 0.000000 0.006878 0.996332 -0.085295 16.254000 -0.019037 0.085412 0.996164 -0.165600 0.000000 0.000000 0.000000 1.000000
0.999798 -0.005022 0.019468 0.000000 0.006660 0.996358 -0.085005 16.254000 -0.018970 0.085117 0.996190 -0.165600 0.000000 0.000000 0.000000 1.000000
0.999801 -0.004856 0.019361 0.000000 0.006480 0.996382 -0.084737 16.254000 -0.018879 0.084845 0.996215 -0.165600 0.000000 0.000000 0.000000 1.000000
0.999803 -0.004739 0.019249 -0.000000 0.006350 0.996401 -0.084522 16.254000 -0.018780 0.084627 0.996236 -0.165600 0.000000 0.000000 0.000000 1.000000
0.999806 -0.004685 0.019112 0.000000 0.006282 0.996415 -0.084362 16.254000 -0.018649 0.084466 0.996252 -0.165600 0.000000 0.000000 0.000000 1.000000
0.999809 -0.004677 0.018970 -0.000000 0.006261 0.996416 -0.084357 16.254000 -0.018508 0.084459 0.996255 -0.165600 0.000000 0.000000 0.000000 1.000000
0.999812 -0.004694 0.018833 -0.000000 0.006268 0.996413 -0.084388 16.254000 -0.018370 0.084490 0.996255 -0.165600 0.000000 0.000000 0.000000 1.000000
0.999814 -0.004748 0.018700 -0.000000 0.006310 0.996410 -0.084420 16.254000 -0.018232 0.084522 0.996255 -0.165600 0.000000 0.000000 0.000000 1.000000
0.999816 -0.004851 0.018580 0.000000 0.006404 0.996404 -0.084481 16.254000 -0.018103 0.084585 0.996252 -0.165600 0.000000 0.000000 0.000000 1.000000
0.999818 -0.005015 0.018433 0.000000 0.006560 0.996382 -0.084733 16.254000 -0.017942 0.084839 0.996233 -0.165600 0.000000 0.000000 0.000000 1.000000
0.999818 -0.005226 0.018330 0.000000 0.006765 0.996363 -0.084938 16.254000 -0.017819 0.085046 0.996218 -0.165600 0.000000 0.000000 0.000000 1.000000
0.999819 -0.005478 0.018203 -0.000000 0.007011 0.996332 -0.085281 16.254000 -0.017669 0.085393 0.996191 -0.165600 0.000000 0.000000 0.000000 1.000000
0.999818 -0.005741 0.018190 0.000000 0.007278 0.996301 -0.085619 16.254000 -0.017631 0.085736 0.996162 -0.165600 0.000000 0.000000 0.000000 1.000000
0.999816 -0.006033 0.018220 0.000000 0.007578 0.996268 -0.085983 16.254000 -0.017633 0.086106 0.996130 -0.165600 0.000000 0.000000 0.000000 1.000000
0.999813 -0.006355 0.018271 -0.000000 0.007912 0.996223 -0.086472 16.254000 -0.017652 0.086600 0.996087 -0.165600 0.000000 0.000000 0.000000 1.000000
0.999809 -0.006705 0.018376 0.000000 0.008280 0.996175 -0.086985 16.254000 -0.017722 0.087120 0.996040 -0.165600 0.000000 0.000000 0.000000 1.000000
0.999804 -0.007082 0.018465 0.000000 0.008671 0.996128 -0.087486 16.254000 -0.017774 0.087629 0.995995 -0.165600 0.000000 0.000000 0.000000 1.000000
0.999800 -0.007477 0.018570 -0.000000 0.009084 0.996074 -0.088058 16.254000 -0.017839 0.088209 0.995942 -0.165600 0.000000 0.000000 0.000000 1.000000
0.999794 -0.007882 0.018701 0.000000 0.009511 0.996016 -0.088669 16.254000 -0.017928 0.088828 0.995886 -0.165600 0.000000 0.000000 0.000000 1.000000
0.999788 -0.008309 0.018829 0.000000 0.009959 0.995955 -0.089296 16.254000 -0.018011 0.089465 0.995827 -0.165600 0.000000 0.000000 0.000000 1.000000
0.999780 -0.008801 0.019034 0.000000 0.010480 0.995884 -0.090023 16.254000 -0.018163 0.090203 0.995758 -0.165600 0.000000 0.000000 0.000000 1.000000
0.999769 -0.009384 0.019332 0.000000 0.011103 0.995805 -0.090826 16.254000 -0.018398 0.091020 0.995679 -0.165600 0.000000 0.000000 0.000000 1.000000
0.999757 -0.010029 0.019654 0.000000 0.011794 0.995705 -0.091831 16.254000 -0.018649 0.092040 0.995581 -0.165600 0.000000 0.000000 0.000000 1.000000
0.999742 -0.010689 0.020048 0.000000 0.012506 0.995607 -0.092796 16.254000 -0.018968 0.093023 0.995483 -0.165600 0.000000 0.000000 0.000000 1.000000
0.999727 -0.011350 0.020447 -0.000000 0.013222 0.995497 -0.093868 16.254000 -0.019290 0.094113 0.995375 -0.165600 0.000000 0.000000 0.000000 1.000000
0.999709 -0.012003 0.020915 0.000000 0.013935 0.995395 -0.094837 16.254000 -0.019680 0.095100 0.995273 -0.165600 0.000000 0.000000 0.000000 1.000000
0.999690 -0.012654 0.021432 0.000000 0.014652 0.995292 -0.095803 16.254000 -0.020119 0.096087 0.995170 -0.165600 0.000000 0.000000 0.000000 1.000000
0.999671 -0.013295 0.021924 -0.000000 0.015359 0.995182 -0.096835 16.254000 -0.020531 0.097140 0.995059 -0.165600 0.000000 0.000000 0.000000 1.000000
0.999651 -0.013918 0.022453 -0.000000 0.016051 0.995075 -0.097815 16.254000 -0.020981 0.098141 0.994951 -0.165600 0.000000 0.000000 0.000000 1.000000
0.999630 -0.014521 0.023021 0.000000 0.016728 0.994970 -0.098767 16.254000 -0.021471 0.099115 0.994844 -0.165600 0.000000 0.000000 0.000000 1.000000
0.999608 -0.015096 0.023569 0.000000 0.017375 0.994866 -0.099698 16.254000 -0.021943 0.100068 0.994739 -0.165600 0.000000 0.000000 0.000000 1.000000
0.999587 -0.015640 0.024098 0.000000 0.017990 0.994764 -0.100600 16.254000 -0.022398 0.100992 0.994635 -0.165600 0.000000 0.000000 0.000000 1.000000
0.999566 -0.016147 0.024647 0.000000 0.018569 0.994668 -0.101443 16.254000 -0.022878 0.101857 0.994536 -0.165600 0.000000 0.000000 0.000000 1.000000
0.999545 -0.016614 0.025185 0.000000 0.019106 0.994581 -0.102193 16.254000 -0.023351 0.102628 0.994446 -0.165600 0.000000 0.000000 0.000000 1.000000
0.999525 -0.017031 0.025702 0.000000 0.019590 0.994502 -0.102873 16.254000 -0.023809 0.103328 0.994362 -0.165600 0.000000 0.000000 0.000000 1.000000
0.999505 -0.017394 0.026200 0.000000 0.020018 0.994430 -0.103479 16.254000 -0.024254 0.103952 0.994287 -0.165600 0.000000 0.000000 0.000000 1.000000
0.999488 -0.017700 0.026638 0.000000 0.020381 0.994366 -0.104026 16.254000 -0.024647 0.104516 0.994218 -0.165600 0.000000 0.000000 0.000000 1.000000
0.999472 -0.017946 0.027074 0.000000 0.020683 0.994316 -0.104443 16.254000 -0.025045 0.104948 0.994162 -0.165600 0.000000 0.000000 0.000000 1.000000
0.999461 -0.018128 0.027382 0.000000 0.020905 0.994274 -0.104798 16.254000 -0.025325 0.105314 0.994117 -0.165600 0.000000 0.000000 0.000000 1.000000
0.999451 -0.018238 0.027659 -0.000000 0.021051 0.994244 -0.105055 16.254000 -0.025583 0.105579 0.994082 -0.165600 0.000000 0.000000 0.000000 1.000000
0.999444 -0.018263 0.027912 0.000000 0.021105 0.994232 -0.105157 16.254000 -0.025830 0.105688 0.994064 -0.165600 0.000000 0.000000 0.000000 1.000000
0.999439 -0.018194 0.028124 0.000000 0.021055 0.994245 -0.105042 16.254000 -0.026051 0.105575 0.994070 -0.165600 0.000000 0.000000 0.000000 1.000000
0.999438 -0.018033 0.028275 0.000000 0.020907 0.994266 -0.104871 16.254000 -0.026222 0.105403 0.994084 -0.165600 0.000000 0.000000 0.000000 1.000000
0.999439 -0.017813 0.028358 -0.000000 0.020691 0.994294 -0.104646 16.254000 -0.026332 0.105174 0.994105 -0.165600 0.000000 0.000000 0.000000 1.000000
0.999443 -0.017553 0.028379 -0.000000 0.020425 0.994335 -0.104312 16.254000 -0.026388 0.104833 0.994140 -0.165600 0.000000 0.000000 0.000000 1.000000
0.999450 -0.017222 0.028341 0.000000 0.020080 0.994391 -0.103846 16.254000 -0.026393 0.104357 0.994190 -0.165600 0.000000 0.000000 0.000000 1.000000
0.999462 -0.016785 0.028178 -0.000000 0.019611 0.994465 -0.103223 16.254000 -0.026289 0.103720 0.994259 -0.165600 0.000000 0.000000 0.000000 1.000000
0.999478 -0.016233 0.027928 -0.000000 0.019014 0.994560 -0.102418 16.254000 -0.026114 0.102895 0.994349 -0.165600 0.000000 0.000000 0.000000 1.000000
0.999497 -0.015600 0.027609 0.000000 0.018328 0.994669 -0.101480 16.254000 -0.025879 0.101935 0.994454 -0.165600 0.000000 0.000000 0.000000 1.000000
0.999518 -0.014915 0.027228 -0.000000 0.017581 0.994787 -0.100448 16.254000 -0.025588 0.100879 0.994570 -0.165600 0.000000 0.000000 0.000000 1.000000
0.999541 -0.014189 0.026761 -0.000000 0.016783 0.994912 -0.099341 16.254000 -0.025216 0.099744 0.994694 -0.165600 0.000000 0.000000 0.000000 1.000000
0.999565 -0.013429 0.026260 0.000000 0.015947 0.995041 -0.098177 16.254000 -0.024812 0.098553 0.994822 -0.165600 0.000000 0.000000 0.000000 1.000000
0.999589 -0.012641 0.025730 -0.000000 0.015082 0.995169 -0.097016 16.254000 -0.024379 0.097364 0.994950 -0.165600 0.000000 0.000000 0.000000 1.000000
0.999613 -0.011838 0.025159 -0.000000 0.014196 0.995307 -0.095725 16.254000 -0.023907 0.096045 0.995090 -0.165600 0.000000 0.000000 0.000000 1.000000
0.999637 -0.011032 0.024562 0.000000 0.013307 0.995438 -0.094474 16.254000 -0.023408 0.094767 0.995224 -0.165600 0.000000 0.000000 0.000000 1.000000
0.999661 -0.010230 0.023956 -0.000000 0.012422 0.995568 -0.093222 16.254000 -0.022896 0.093488 0.995357 -0.165600 0.000000 0.000000 0.000000 1.000000
0.999683 -0.009444 0.023324 0.000000 0.011555 0.995685 -0.092075 16.254000 -0.022354 0.092316 0.995479 -0.165600 0.000000 0.000000 0.000000 1.000000
0.999704 -0.008683 0.022723 0.000000 0.010714 0.995807 -0.090845 16.254000 -0.021838 0.091062 0.995606 -0.165600 0.000000 0.000000 0.000000 1.000000
0.999724 -0.007961 0.022123 0.000000 0.009915 0.995920 -0.089696 16.254000 -0.021319 0.089890 0.995723 -0.165600 0.000000 0.000000 0.000000 1.000000
0.999741 -0.007282 0.021539 0.000000 0.009165 0.996021 -0.088646 16.254000 -0.020808 0.088820 0.995830 -0.165600 0.000000 0.000000 0.000000 1.000000
0.999758 -0.006660 0.020965 -0.000000 0.008473 0.996119 -0.087606 16.254000 -0.020301 0.087763 0.995935 -0.165600 0.000000 0.000000 0.000000 1.000000
0.999772 -0.006109 0.020439 0.000000 0.007861 0.996199 -0.086756 16.254000 -0.019831 0.086897 0.996020 -0.165600 0.000000 0.000000 0.000000 1.000000
0.999785 -0.005637 0.019969 0.000000 0.007333 0.996273 -0.085948 16.254000 -0.019410 0.086076 0.996099 -0.165600 0.000000 0.000000 0.000000 1.000000
0.999796 -0.005238 0.019520 -0.000000 0.006885 0.996333 -0.085281 16.254000 -0.019002 0.085398 0.996166 -0.165600 0.000000 0.000000 0.000000 1.000000</float_array><technique_common><accessor source="#arissa_Spine1-Matrix-animation-output-transform-array" count="64" stride="16"><param type="float4x4"/></accessor></technique_common></source><source id="arissa_Spine1-Interpolations"><Name_array id="arissa_Spine1-Interpolations-array" count="64">
 LINEAR LINEAR LINEAR LINEAR LINEAR LINEAR LINEAR LINEAR LINEAR LINEAR LINEAR
LINEAR LINEAR LINEAR LINEAR LINEAR LINEAR LINEAR LINEAR LINEAR LINEAR LINEAR LINEAR
LINEAR LINEAR LINEAR LINEAR LINEAR LINEAR LINEAR LINEAR LINEAR LINEAR LINEAR LINEAR
LINEAR LINEAR LINEAR LINEAR LINEAR LINEAR LINEAR LINEAR LINEAR LINEAR LINEAR LINEAR
LINEAR LINEAR LINEAR LINEAR LINEAR LINEAR LINEAR LINEAR LINEAR LINEAR LINEAR LINEAR
LINEAR LINEAR LINEAR LINEAR LINEAR</Name_array><technique_common><accessor source="#arissa_Spine1-Interpolations-array" count="64"><param type="name"/></accessor></technique_common></source><sampler id="arissa_Spine1-Matrix-animation-transform"><input semantic="INPUT" source="#arissa_Spine1-Matrix-animation-input"/><input semantic="OUTPUT" source="#arissa_Spine1-Matrix-animation-output-transform"/><input semantic="INTERPOLATION" source="#arissa_Spine1-Interpolations"/></sampler><channel source="#arissa_Spine1-Matrix-animation-transform" target="arissa_Spine1/matrix"/></animation>
    <animation id="arissa_Spine2-anim" name="arissa_Spine2"><source id="arissa_Spine2-Matrix-animation-input"><float_array id="arissa_Spine2-Matrix-animation-input-array" count="64">

0.000000 0.033333 0.066667 0.100000 0.133333 0.166667 0.200000 0.233333 0.266667 0.300000 0.333333 0.366667 0.400000 0.433333 0.466667 0.500000
0.533333 0.566667 0.600000 0.633333 0.666667 0.700000 0.733333 0.766667 0.800000 0.833333 0.866667 0.900000 0.933333 0.966667 1.000000 1.033333
1.066667 1.100000 1.133333 1.166667 1.200000 1.233333 1.266667 1.300000 1.333333 1.366667 1.400000 1.433333 1.466667 1.500000 1.533333 1.566667
1.600000 1.633333 1.666667 1.700000 1.733333 1.766667 1.800000 1.833333 1.866667 1.900000 1.933333 1.966667 2.000000 2.033333 2.066667 2.100000</float_array><technique_common><accessor source="#arissa_Spine2-Matrix-animation-input-array" count="64"><param name="TIME" type="float"/></accessor></technique_common></source><source id="arissa_Spine2-Matrix-animation-output-transform"><float_array id="arissa_Spine2-Matrix-animation-output-transform-array" count="1024">

0.999836 -0.000578 0.018091 0.000000 0.003228 0.989156 -0.146832 13.639600 -0.017810 0.146866 0.988996 -1.292300 0.000000 0.000000 0.000000 1.000000
0.999842 -0.000942 0.017753 0.000000 0.003522 0.989298 -0.145869 13.639600 -0.017426 0.145908 0.989145 -1.292300 0.000000 0.000000 0.000000 1.000000
0.999847 -0.001282 0.017418 -0.000000 0.003795 0.989428 -0.144976 13.639600 -0.017048 0.145020 0.989282 -1.292300 0.000000 0.000000 0.000000 1.000000
0.999853 -0.001583 0.017100 0.000000 0.004033 0.989542 -0.144190 13.639600 -0.016693 0.144238 0.989402 -1.292300 0.000000 0.000000 0.000000 1.000000
0.999857 -0.001845 0.016786 0.000000 0.004236 0.989639 -0.143515 13.639600 -0.016347 0.143565 0.989506 -1.292300 0.000000 0.000000 0.000000 1.000000
0.999862 -0.002056 0.016508 0.000000 0.004397 0.989705 -0.143057 13.639600 -0.016044 0.143110 0.989577 -1.292300 0.000000 0.000000 0.000000 1.000000
0.999865 -0.002193 0.016287 0.000000 0.004495 0.989754 -0.142714 13.639600 -0.015807 0.142768 0.989630 -1.292300 0.000000 0.000000 0.000000 1.000000
0.999868 -0.002275 0.016114 0.000000 0.004548 0.989791 -0.142457 13.639600 -0.015625 0.142512 0.989670 -1.292300 0.000000 0.000000 0.000000 1.000000
0.999870 -0.002319 0.015971 0.000000 0.004569 0.989811 -0.142314 13.639600 -0.015478 0.142369 0.989693 -1.292300 0.000000 0.000000 0.000000 1.000000
0.999872 -0.002349 0.015815 0.000000 0.004578 0.989792 -0.142448 13.639600 -0.015318 0.142502 0.989676 -1.292300 0.000000 0.000000 0.000000 1.000000
0.999874 -0.002337 0.015717 0.000000 0.004555 0.989766 -0.142628 13.639600 -0.015223 0.142681 0.989652 -1.292300 0.000000 0.000000 0.000000 1.000000
0.999875 -0.002276 0.015641 0.000000 0.004491 0.989707 -0.143037 13.639600 -0.015154 0.143090 0.989594 -1.292300 0.000000 0.000000 0.000000 1.000000
0.999876 -0.002143 0.015611 0.000000 0.004362 0.989636 -0.143529 13.639600 -0.015141 0.143579 0.989523 -1.292300 0.000000 0.000000 0.000000 1.000000
0.999876 -0.001948 0.015651 0.000000 0.004184 0.989550 -0.144126 13.639600 -0.015207 0.144174 0.989436 -1.292300 0.000000 0.000000 0.000000 1.000000
0.999875 -0.001713 0.015731 0.000000 0.003975 0.989435 -0.144922 13.639600 -0.015317 0.144966 0.989318 -1.292300 0.000000 0.000000 0.000000 1.000000
0.999873 -0.001432 0.015874 -0.000000 0.003732 0.989304 -0.145817 13.639600 -0.015495 0.145858 0.989184 -1.292300 0.000000 0.000000 0.000000 1.000000
0.999871 -0.001112 0.016018 -0.000000 0.003451 0.989164 -0.146774 13.639600 -0.015681 0.146810 0.989040 -1.292300 0.000000 0.000000 0.000000 1.000000
0.999869 -0.000761 0.016191 0.000000 0.003147 0.989003 -0.147862 13.639600 -0.015901 0.147893 0.988876 -1.292300 0.000000 0.000000 0.000000 1.000000
0.999865 -0.000383 0.016403 0.000000 0.002824 0.988829 -0.149031 13.639600 -0.016162 0.149057 0.988696 -1.292300 0.000000 0.000000 0.000000 1.000000
