<?xml version="1.0" encoding="utf-8"?>
<COLLADA xmlns="http://www.collada.org/2005/11/COLLADASchema" version="1.4.1">
  <asset><contributor><author>Mixamo</author><authoring_tool>COLLADA Mixamo exporter</authoring_tool><comments></comments></contributor><created>2018-04-11T19:36:07Z</created><modified>2018-04-11T19:36:07Z</modified><revision></revision><title></title><unit meter="0.010000"/><up_axis>Y_UP</up_axis></asset>
  <library_animations>
    <animation id="arissa_Hips-anim" name="arissa_Hips"><source id="arissa_Hips-Matrix-animation-input"><float_array id="arissa_Hips-Matrix-animation-input-array" count="276">

0.000000 0.033333 0.066667 0.100000 0.133333 0.166667 0.200000 0.233333 0.266667 0.300000 0.333333 0.366667 0.400000 0.433333 0.466667 0.500000
0.533333 0.566667 0.600000 0.633333 0.666667 0.700000 0.733333 0.766667 0.800000 0.833333 0.866667 0.900000 0.933333 0.966667 1.000000 1.033333
1.066667 1.100000 1.133333 1.166667 1.200000 1.233333 1.266667 1.300000 1.333333 1.366667 1.400000 1.433333 1.466667 1.500000 1.533333 1.566667
1.600000 1.633333 1.666667 1.700000 1.733333 1.766667 1.800000 1.833333 1.866667 1.900000 1.933333 1.966667 2.000000 2.033333 2.066667 2.100000
2.133333 2.166667 2.200000 2.233333 2.266667 2.300000 2.333333 2.366667 2.400000 2.433333 2.466667 2.500000 2.533333 2.566667 2.600000 2.633333
2.666667 2.700000 2.733333 2.766667 2.800000 2.833333 2.866667 2.900000 2.933333 2.966667 3.000000 3.033333 3.066667 3.100000 3.133333 3.166667
3.200000 3.233333 3.266667 3.300000 3.333333 3.366667 3.400000 3.433333 3.466667 3.500000 3.533333 3.566667 3.600000 3.633333 3.666667 3.700000
3.733333 3.766667 3.800000 3.833333 3.866667 3.900000 3.933333 3.966667 4.000000 4.033333 4.066667 4.100000 4.133333 4.166667 4.200000 4.233333
4.266667 4.300000 4.333333 4.366667 4.400000 4.433333 4.466667 4.500000 4.533333 4.566667 4.600000 4.633333 4.666667 4.700000 4.733333 4.766667
4.800000 4.833333 4.866667 4.900000 4.933333 4.966667 5.000000 5.033333 5.066667 5.100000 5.133333 5.166667 5.200000 5.233333 5.266667 5.300000
5.333333 5.366667 5.400000 5.433333 5.466667 5.500000 5.533333 5.566667 5.600000 5.633333 5.666667 5.700000 5.733333 5.766667 5.800000 5.833333
5.866667 5.900000 5.933333 5.966667 6.000000 6.033333 6.066667 6.100000 6.133333 6.166667 6.200000 6.233333 6.266667 6.300000 6.333333 6.366667
6.400000 6.433333 6.466667 6.500000 6.533333 6.566667 6.600000 6.633333 6.666667 6.700000 6.733333 6.766667 6.800000 6.833333 6.866667 6.900000
6.933333 6.966667 7.000000 7.033333 7.066667 7.100000 7.133333 7.166667 7.200000 7.233333 7.266667 7.300000 7.333333 7.366667 7.400000 7.433333
7.466667 7.500000 7.533333 7.566667 7.600000 7.633333 7.666667 7.700000 7.733333 7.766667 7.800000 7.833333 7.866667 7.900000 7.933333 7.966667
8.000000 8.033333 8.066667 8.100000 8.133333 8.166667 8.200000 8.233333 8.266667 8.300000 8.333333 8.366667 8.400000 8.433333 8.466667 8.500000
8.533333 8.566667 8.600000 8.633333 8.666667 8.700000 8.733333 8.766667 8.800000 8.833333 8.866667 8.900000 8.933333 8.966667 9.000000 9.033333
9.066667 9.100000 9.133333 9.166667</float_array><technique_common><accessor source="#arissa_Hips-Matrix-animation-input-array" count="276"><param name="TIME" type="float"/></accessor></technique_common></source><source id="arissa_Hips-Matrix-animation-output-transform"><float_array id="arissa_Hips-Matrix-animation-output-transform-array" count="4416">

0.421074 0.298891 0.856365 0.044107 0.284350 0.853051 -0.437549 75.192268 -0.861302 0.427748 0.274208 -0.030216 0.000000 0.000000 0.000000 1.000000
0.423742 0.297155 0.855653 0.081106 0.283986 0.853441 -0.437025 75.194511 -0.860113 0.428179 0.277251 -0.047027 0.000000 0.000000 0.000000 1.000000
0.426642 0.294996 0.854958 0.124838 0.283913 0.853841 -0.436289 75.194672 -0.858702 0.428873 0.280532 -0.072121 0.000000 0.000000 0.000000 1.000000
0.429331 0.292737 0.854389 0.173494 0.284107 0.854210 -0.435440 75.192276 -0.857297 0.429686 0.283570 -0.105766 0.000000 0.000000 0.000000 1.000000
0.431544 0.290684 0.853974 0.222496 0.284426 0.854530 -0.434604 75.183731 -0.856079 0.430443 0.286089 -0.146592 0.000000 0.000000 0.000000 1.000000
0.433191 0.289148 0.853662 0.267775 0.284568 0.854818 -0.433944 75.162773 -0.855200 0.430906 0.288017 -0.192482 0.000000 0.000000 0.000000 1.000000
0.434481 0.288081 0.853367 0.308837 0.284343 0.855143 -0.433450 75.122475 -0.854620 0.430975 0.289630 -0.241339 0.000000 0.000000 0.000000 1.000000
0.435835 0.287075 0.853016 0.348356 0.283785 0.855589 -0.432936 75.059052 -0.854116 0.430762 0.291428 -0.292819 0.000000 0.000000 0.000000 1.000000
0.437620 0.285741 0.852550 0.389950 0.283082 0.856163 -0.432260 74.975372 -0.853436 0.430507 0.293786 -0.349294 0.000000 0.000000 0.000000 1.000000
0.439983 0.283889 0.851952 0.436350 0.282475 0.856804 -0.431387 74.881302 -0.852422 0.430458 0.296788 -0.414691 0.000000 0.000000 0.000000 1.000000
0.442911 0.281392 0.851263 0.488127 0.282168 0.857473 -0.430257 74.789993 -0.851006 0.430764 0.300384 -0.491018 0.000000 0.000000 0.000000 1.000000
0.446331 0.278228 0.850516 0.542549 0.282219 0.858169 -0.428834 74.710419 -0.849200 0.431434 0.304506 -0.574285 0.000000 0.000000 0.000000 1.000000
0.450056 0.274764 0.849679 0.593479 0.282483 0.858824 -0.427346 74.642609 -0.847144 0.432350 0.308902 -0.655113 0.000000 0.000000 0.000000 1.000000
0.453698 0.271671 0.848736 0.633775 0.282657 0.859354 -0.426165 74.583176 -0.845141 0.433251 0.313097 -0.726523 0.000000 0.000000 0.000000 1.000000
0.456896 0.269349 0.847760 0.657986 0.282329 0.859863 -0.425354 74.538330 -0.843526 0.433690 0.316822 -0.792156 0.000000 0.000000 0.000000 1.000000
0.459778 0.267724 0.846716 0.662032 0.281131 0.860551 -0.424756 74.527687 -0.842360 0.433332 0.320397 -0.857836 0.000000 0.000000 0.000000 1.000000
0.463145 0.266827 0.845163 0.639441 0.278967 0.861245 -0.424777 74.571220 -0.841234 0.432505 0.324445 -0.908554 0.000000 0.000000 0.000000 1.000000
0.467982 0.267279 0.842351 0.581122 0.275932 0.861322 -0.426598 74.667458 -0.839556 0.432072 0.329332 -0.888611 0.000000 0.000000 0.000000 1.000000
0.474746 0.269764 0.837761 0.483667 0.271551 0.860532 -0.430980 74.785950 -0.837184 0.432101 0.335280 -0.709705 0.000000 0.000000 0.000000 1.000000
0.483411 0.274101 0.831374 0.359955 0.264139 0.859777 -0.437052 74.888474 -0.834592 0.430874 0.343225 -0.292765 0.000000 0.000000 0.000000 1.000000
0.494503 0.279045 0.823165 0.240866 0.251542 0.860592 -0.442842 74.961334 -0.831982 0.426047 0.355374 0.387628 0.000000 0.000000 0.000000 1.000000
0.510109 0.282817 0.812283 0.165869 0.232670 0.863810 -0.446874 75.024429 -0.828042 0.416948 0.374834 1.300904 0.000000 0.000000 0.000000 1.000000
0.533735 0.283774 0.796618 0.167434 0.207605 0.869218 -0.448732 75.115524 -0.819773 0.404886 0.405019 2.391608 0.000000 0.000000 0.000000 1.000000
0.568486 0.281014 0.773211 0.256588 0.176354 0.876380 -0.448170 75.273186 -0.803569 0.391137 0.448652 3.604194 0.000000 0.000000 0.000000 1.000000
0.614070 0.274817 0.739860 0.419987 0.139228 0.885001 -0.444285 75.522972 -0.776874 0.375831 0.505190 4.891556 0.000000 0.000000 0.000000 1.000000
0.665406 0.266494 0.697291 0.632553 0.098938 0.894378 -0.436232 75.868561 -0.739896 0.359260 0.568759 6.210487 0.000000 0.000000 0.000000 1.000000
0.715341 0.257593 0.649564 0.876951 0.060587 0.903210 -0.424902 76.286842 -0.696144 0.343305 0.630496 7.517894 0.000000 0.000000 0.000000 1.000000
0.759159 0.249205 0.601311 1.151210 0.028326 0.910283 -0.413016 76.731743 -0.650289 0.330577 0.683990 8.776022 0.000000 0.000000 0.000000 1.000000
0.796185 0.241839 0.554620 1.458353 0.002710 0.915212 -0.402964 77.151543 -0.605047 0.322336 0.728023 9.959436 0.000000 0.000000 0.000000 1.000000
0.827842 0.235456 0.509155 1.792520 -0.018216 0.918451 -0.395115 77.511108 -0.560666 0.317818 0.764621 11.058078 0.000000 0.000000 0.000000 1.000000
0.855283 0.229482 0.464574 2.141212 -0.036045 0.920760 -0.388461 77.804153 -0.516906 0.315499 0.795782 12.070807 0.000000 0.000000 0.000000 1.000000
0.878858 0.223299 0.421599 2.499399 -0.051026 0.922629 -0.382299 78.048134 -0.474347 0.314474 0.822254 13.000018 0.000000 0.000000 0.000000 1.000000
0.898755 0.217013 0.380980 2.875375 -0.063364 0.924086 -0.376896 78.268112 -0.433849 0.314597 0.844277 13.852907 0.000000 0.000000 0.000000 1.000000
0.915316 0.211510 0.342725 3.279513 -0.074140 0.924939 -0.372815 78.482361 -0.395854 0.315834 0.862293 14.646221 0.000000 0.000000 0.000000 1.000000
0.928819 0.207639 0.306890 3.709871 -0.084540 0.925146 -0.370079 78.695030 -0.360760 0.317792 0.876847 15.404180 0.000000 0.000000 0.000000 1.000000
0.939446 0.205413 0.274310 4.150186 -0.094779 0.924963 -0.368050 78.896851 -0.329329 0.319764 0.888422 16.147148 0.000000 0.000000 0.000000 1.000000
0.947586 0.204039 0.245862 4.579911 -0.104190 0.924796 -0.365918 79.074425 -0.302034 0.321123 0.897583 16.880373 0.000000 0.000000 0.000000 1.000000
0.953882 0.202625 0.221475 4.985841 -0.112111 0.924895 -0.363319 79.223618 -0.278459 0.321734 0.904957 17.593500 0.000000 0.000000 0.000000 1.000000
0.958882 0.200863 0.200499 5.367119 -0.118421 0.925199 -0.360533 79.354431 -0.257919 0.321965 0.910943 18.270149 0.000000 0.000000 0.000000 1.000000
0.962807 0.199081 0.182675 5.731110 -0.123431 0.925502 -0.358064 79.482666 -0.240350 0.322199 0.915653 18.898352 0.000000 0.000000 0.000000 1.000000
0.965700 0.197841 0.168173 6.082892 -0.127634 0.925695 -0.356089 79.617653 -0.226126 0.322410 0.919195 19.474606 0.000000 0.000000 0.000000 1.000000
0.967654 0.197535 0.156927 6.417170 -0.131503 0.925778 -0.354459 79.760513 -0.215297 0.322357 0.921810 20.001598 0.000000 0.000000 0.000000 1.000000
0.968844 0.198143 0.148597 6.720573 -0.135176 0.925768 -0.353101 79.910088 -0.207531 0.322013 0.923709 20.483919 0.000000 0.000000 0.000000 1.000000
0.969469 0.199161 0.143053 6.982279 -0.138221 0.925711 -0.352070 80.065392 -0.202544 0.321548 0.924977 20.925213 0.000000 0.000000 0.000000 1.000000
0.969728 0.199930 0.140195 7.200565 -0.140093 0.925763 -0.351192 80.222221 -0.200002 0.320921 0.925748 21.328108 0.000000 0.000000 0.000000 1.000000
0.969788 0.200292 0.139263 7.380067 -0.141010 0.926088 -0.349967 80.373344 -0.199065 0.319757 0.926352 21.695852 0.000000 0.000000 0.000000 1.000000
0.969730 0.200800 0.138936 7.525579 -0.142029 0.926679 -0.347985 80.515579 -0.198624 0.317719 0.927148 22.033295 0.000000 0.000000 0.000000 1.000000
0.969541 0.202083 0.138392 7.639432 -0.143995 0.927359 -0.345355 80.653915 -0.198130 0.314908 0.928212 22.346073 0.000000 0.000000 0.000000 1.000000
0.969177 0.204169 0.137883 7.721292 -0.146742 0.927948 -0.342607 80.796616 -0.197898 0.311814 0.929305 22.638683 0.000000 0.000000 0.000000 1.000000
0.968621 0.206608 0.138155 7.768041 -0.149494 0.928377 -0.340246 80.947350 -0.198557 0.308916 0.930132 22.913073 0.000000 0.000000 0.000000 1.000000
0.967875 0.209061 0.139684 7.776415 -0.151737 0.928653 -0.338496 81.104118 -0.200485 0.306427 0.930542 23.168943 0.000000 0.000000 0.000000 1.000000
0.966926 0.211478 0.142586 7.749645 -0.153376 0.928775 -0.337422 81.261856 -0.203788 0.304393 0.930492 23.405603 0.000000 0.000000 0.000000 1.000000
0.965780 0.213791 0.146840 7.700805 -0.154349 0.928750 -0.337045 81.413124 -0.208435 0.302846 0.929967 23.623571 0.000000 0.000000 0.000000 1.000000
0.964483 0.215811 0.152310 7.646507 -0.154530 0.928640 -0.337265 81.547249 -0.214227 0.301750 0.929007 23.824493 0.000000 0.000000 0.000000 1.000000
0.963058 0.217522 0.158754 7.596063 -0.154026 0.928509 -0.337855 81.655312 -0.220896 0.300922 0.927713 24.010225 0.000000 0.000000 0.000000 1.000000
0.961456 0.219144 0.166069 7.547451 -0.153112 0.928375 -0.338638 81.738327 -0.228385 0.300158 0.926145 24.182253 0.000000 0.000000 0.000000 1.000000
0.959617 0.220736 0.174385 7.492844 -0.151822 0.928260 -0.339535 81.808243 -0.236822 0.299348 0.924287 24.341059 0.000000 0.000000 0.000000 1.000000
0.957593 0.221992 0.183671 7.427091 -0.149892 0.928245 -0.340433 81.878365 -0.246065 0.298465 0.922155 24.486023 0.000000 0.000000 0.000000 1.000000
0.955539 0.222615 0.193358 7.352289 -0.147242 0.928382 -0.341215 81.953094 -0.255469 0.297574 0.919883 24.616140 0.000000 0.000000 0.000000 1.000000
0.953590 0.222708 0.202651 7.276425 -0.144197 0.928585 -0.341960 82.026619 -0.264336 0.296868 0.917603 24.731558 0.000000 0.000000 0.000000 1.000000
0.951742 0.222664 0.211207 7.207397 -0.141176 0.928699 -0.342910 82.090080 -0.272501 0.296544 0.915317 24.834558 0.000000 0.000000 0.000000 1.000000
0.949876 0.222824 0.219284 7.146327 -0.138402 0.928663 -0.344136 82.139984 -0.280322 0.296537 0.912954 24.928957 0.000000 0.000000 0.000000 1.000000
0.947867 0.223301 0.227344 7.086265 -0.135897 0.928549 -0.345441 82.181381 -0.288237 0.296537 0.910486 25.018583 0.000000 0.000000 0.000000 1.000000
0.945656 0.223999 0.235709 7.018441 -0.133527 0.928453 -0.346621 82.224205 -0.296488 0.296311 0.907907 25.105852 0.000000 0.000000 0.000000 1.000000
0.943272 0.224729 0.244406 6.941024 -0.131098 0.928400 -0.347689 82.275551 -0.305043 0.295924 0.905195 25.190899 0.000000 0.000000 0.000000 1.000000
0.940846 0.225357 0.253029 6.861981 -0.128575 0.928356 -0.348745 82.334274 -0.313493 0.295582 0.902415 25.271254 0.000000 0.000000 0.000000 1.000000
0.938567 0.225791 0.260979 6.793403 -0.126073 0.928321 -0.349752 82.393372 -0.321243 0.295363 0.899758 25.341593 0.000000 0.000000 0.000000 1.000000
0.936494 0.225847 0.268275 6.742307 -0.123446 0.928351 -0.350608 82.447502 -0.328237 0.295225 0.897275 25.393850 0.000000 0.000000 0.000000 1.000000
0.934359 0.225342 0.276033 6.705229 -0.120079 0.928458 -0.351492 82.498680 -0.335491 0.295274 0.894572 25.418848 0.000000 0.000000 0.000000 1.000000
0.931666 0.224361 0.285764 6.670140 -0.115351 0.928514 -0.352925 82.554161 -0.344519 0.295845 0.890945 25.410255 0.000000 0.000000 0.000000 1.000000
0.928049 0.223251 0.298134 6.624172 -0.109215 0.928378 -0.355227 82.618561 -0.356086 0.297107 0.885963 25.368637 0.000000 0.000000 0.000000 1.000000
0.923530 0.222244 0.312570 6.563006 -0.102207 0.928134 -0.357939 82.689758 -0.369657 0.298620 0.879875 25.302454 0.000000 0.000000 0.000000 1.000000
0.918443 0.221261 0.327882 6.495416 -0.095027 0.928064 -0.360093 82.763008 -0.383970 0.299568 0.873399 25.224144 0.000000 0.000000 0.000000 1.000000
0.913168 0.220163 0.343004 6.437575 -0.088188 0.928349 -0.361096 82.837685 -0.397928 0.299493 0.867155 25.143850 0.000000 0.000000 0.000000 1.000000
0.907933 0.219024 0.357331 6.400037 -0.081912 0.928875 -0.361222 82.918823 -0.411033 0.298695 0.861297 25.065105 0.000000 0.000000 0.000000 1.000000
0.902763 0.218100 0.370745 6.379438 -0.076150 0.929341 -0.361283 83.012932 -0.423345 0.297921 0.855583 24.986019 0.000000 0.000000 0.000000 1.000000
0.897548 0.217623 0.383468 6.363564 -0.070738 0.929514 -0.361940 83.124176 -0.435205 0.297733 0.849677 24.904629 0.000000 0.000000 0.000000 1.000000
0.892192 0.217614 0.395775 6.343850 -0.065569 0.929397 -0.363210 83.253639 -0.446871 0.298102 0.843470 24.824190 0.000000 0.000000 0.000000 1.000000
0.886706 0.217814 0.407811 6.321462 -0.060613 0.929224 -0.364512 83.400116 -0.458343 0.298496 0.837151 24.754395 0.000000 0.000000 0.000000 1.000000
0.881134 0.217843 0.419698 6.301863 -0.055797 0.929261 -0.365186 83.561913 -0.469562 0.298359 0.830959 24.707478 0.000000 0.000000 0.000000 1.000000
0.875383 0.217528 0.431725 6.286018 -0.050981 0.929604 -0.365016 83.738983 -0.480734 0.297519 0.824850 24.690722 0.000000 0.000000 0.000000 1.000000
0.869169 0.217085 0.444319 6.268722 -0.046079 0.930138 -0.364307 83.933365 -0.492364 0.296171 0.818450 24.699989 0.000000 0.000000 0.000000 1.000000
0.862202 0.216914 0.457772 6.244755 -0.041121 0.930669 -0.363545 84.145515 -0.504892 0.294625 0.811345 24.720139 0.000000 0.000000 0.000000 1.000000
0.854479 0.217166 0.471916 6.214635 -0.036175 0.931098 -0.362971 84.369827 -0.518225 0.293080 0.803460 24.733391 0.000000 0.000000 0.000000 1.000000
0.846420 0.217569 0.486043 6.183645 -0.031299 0.931476 -0.362454 84.594276 -0.531596 0.291575 0.795229 24.728483 0.000000 0.000000 0.000000 1.000000
0.838679 0.217680 0.499233 6.155694 -0.026563 0.931910 -0.361715 84.805534 -0.543979 0.290102 0.787355 24.703114 0.000000 0.000000 0.000000 1.000000
0.831696 0.217311 0.510938 6.128621 -0.022049 0.932426 -0.360687 84.996216 -0.554793 0.288716 0.780287 24.658926 0.000000 0.000000 0.000000 1.000000
0.825409 0.216680 0.521297 6.094928 -0.017803 0.932939 -0.359593 85.168152 -0.564255 0.287531 0.773914 24.596207 0.000000 0.000000 0.000000 1.000000
0.819448 0.216149 0.530834 6.047551 -0.013829 0.933350 -0.358701 85.327942 -0.572986 0.286596 0.767821 24.514502 0.000000 0.000000 0.000000 1.000000
0.813595 0.215882 0.539868 5.986189 -0.010160 0.933652 -0.358037 85.479347 -0.581343 0.285812 0.761808 24.416580 0.000000 0.000000 0.000000 1.000000
0.807947 0.215747 0.548338 5.918632 -0.006861 0.933943 -0.357356 85.620377 -0.589215 0.284963 0.756057 24.308323 0.000000 0.000000 0.000000 1.000000
0.802670 0.215472 0.556140 5.854671 -0.003873 0.934323 -0.356407 85.747223 -0.596410 0.283923 0.750788 24.192991 0.000000 0.000000 0.000000 1.000000
0.797710 0.214923 0.563441 5.797576 -0.000902 0.934758 -0.355284 85.859734 -0.603040 0.282906 0.745860 24.067078 0.000000 0.000000 0.000000 1.000000
0.792755 0.214246 0.570647 5.741705 0.002440 0.935069 -0.354457 85.963303 -0.609536 0.282390 0.740758 23.924118 0.000000 0.000000 0.000000 1.000000
0.787384 0.213721 0.578230 5.678617 0.006370 0.935109 -0.354303 86.064804 -0.616430 0.282656 0.734928 23.763422 0.000000 0.000000 0.000000 1.000000
0.781188 0.213428 0.586681 5.605176 0.010893 0.934944 -0.354627 86.167068 -0.624201 0.283421 0.728042 23.594816 0.000000 0.000000 0.000000 1.000000
0.773810 0.213127 0.596486 5.525078 0.015996 0.934818 -0.354767 86.265327 -0.633216 0.284064 0.719962 23.434139 0.000000 0.000000 0.000000 1.000000
0.764955 0.212525 0.608010 5.443305 0.021804 0.934907 -0.354221 86.349586 -0.643714 0.284221 0.710528 23.294020 0.000000 0.000000 0.000000 1.000000
0.754411 0.211632 0.621350 5.360996 0.028492 0.935150 -0.353106 86.412239 -0.655784 0.284090 0.699457 23.177311 0.000000 0.000000 0.000000 1.000000
0.742069 0.210818 0.636310 5.276845 0.036074 0.935322 -0.351954 86.455391 -0.669352 0.284128 0.686468 23.077642 0.000000 0.000000 0.000000 1.000000
0.727952 0.210463 0.652526 5.191542 0.044323 0.935285 -0.351109 86.490295 -0.684193 0.284512 0.671515 22.984800 0.000000 0.000000 0.000000 1.000000
0.712260 0.210586 0.669582 5.107536 0.052943 0.935099 -0.350409 86.527824 -0.699917 0.285031 0.654885 22.890856 0.000000 0.000000 0.000000 1.000000
0.695359 0.210911 0.687017 5.023555 0.061787 0.934881 -0.349542 86.568863 -0.716001 0.285506 0.637047 22.793898 0.000000 0.000000 0.000000 1.000000
0.677607 0.211317 0.704410 4.931957 0.070886 0.934602 -0.348561 86.604042 -0.732000 0.286120 0.618314 22.697962 0.000000 0.000000 0.000000 1.000000
0.659095 0.212000 0.721561 4.823685 0.080287 0.934129 -0.347790 86.621796 -0.747762 0.287158 0.598659 22.610277 0.000000 0.000000 0.000000 1.000000
0.639693 0.213073 0.738507 4.694434 0.089911 0.933469 -0.347204 86.614937 -0.763354 0.288504 0.577976 22.537653 0.000000 0.000000 0.000000 1.000000
0.619415 0.214196 0.755278 4.544645 0.099553 0.932863 -0.346203 86.581604 -0.778726 0.289633 0.556505 22.483841 0.000000 0.000000 0.000000 1.000000
0.598563 0.214935 0.771703 4.375096 0.108974 0.932531 -0.344253 86.523293 -0.793629 0.290153 0.534756 22.448858 0.000000 0.000000 0.000000 1.000000
0.577417 0.215454 0.787508 4.185189 0.117944 0.932423 -0.341580 86.443573 -0.807886 0.290116 0.512985 22.429462 0.000000 0.000000 0.000000 1.000000
0.556001 0.216504 0.802489 3.975478 0.126172 0.932307 -0.338945 86.347496 -0.821549 0.289705 0.491047 22.420574 0.000000 0.000000 0.000000 1.000000
0.534359 0.218699 0.816475 3.748249 0.133257 0.932072 -0.336876 86.238281 -0.834687 0.288813 0.468918 22.418549 0.000000 0.000000 0.000000 1.000000
0.512845 0.221967 0.829289 3.505854 0.138975 0.931788 -0.335346 86.118179 -0.847158 0.287231 0.447015 22.425285 0.000000 0.000000 0.000000 1.000000
0.491858 0.225752 0.840900 3.249009 0.143528 0.931565 -0.334044 85.987083 -0.858764 0.284995 0.425796 22.444818 0.000000 0.000000 0.000000 1.000000
0.471223 0.229516 0.851629 2.979478 0.147493 0.931449 -0.332639 85.845795 -0.869594 0.282356 0.405068 22.477556 0.000000 0.000000 0.000000 1.000000
0.450017 0.233078 0.862067 2.702165 0.151385 0.931457 -0.330864 85.698746 -0.880095 0.279398 0.383887 22.517178 0.000000 0.000000 0.000000 1.000000
0.427162 0.236639 0.872659 2.421848 0.155265 0.931610 -0.328626 85.548508 -0.890744 0.275870 0.361207 22.551311 0.000000 0.000000 0.000000 1.000000
0.402284 0.240522 0.883355 2.139979 0.158926 0.931878 -0.326109 85.395935 -0.901615 0.271576 0.336654 22.568129 0.000000 0.000000 0.000000 1.000000
0.375974 0.244871 0.893690 1.856063 0.162352 0.932125 -0.323703 85.243217 -0.912297 0.266797 0.310700 22.562120 0.000000 0.000000 0.000000 1.000000
0.349142 0.249638 0.903206 1.571092 0.165828 0.932189 -0.321752 85.095551 -0.922280 0.262114 0.284070 22.534201 0.000000 0.000000 0.000000 1.000000
0.322175 0.254687 0.911777 1.287783 0.169596 0.932022 -0.320269 84.957596 -0.931365 0.257816 0.257080 22.488531 0.000000 0.000000 0.000000 1.000000
0.294803 0.259754 0.919576 1.008914 0.173602 0.931770 -0.318852 84.828568 -0.939656 0.253639 0.229595 22.430758 0.000000 0.000000 0.000000 1.000000
0.266669 0.264475 0.926790 0.736932 0.177537 0.931677 -0.316953 84.702934 -0.947295 0.249061 0.201495 22.367577 0.000000 0.000000 0.000000 1.000000
0.237688 0.268675 0.933444 0.475314 0.180977 0.931908 -0.314316 84.575195 -0.954333 0.243641 0.172879 22.305191 0.000000 0.000000 0.000000 1.000000
0.207993 0.272449 0.939420 0.229282 0.183541 0.932493 -0.311077 84.443161 -0.960756 0.237124 0.143947 22.246675 0.000000 0.000000 0.000000 1.000000
0.178004 0.275773 0.944597 0.004648 0.185161 0.933394 -0.307395 84.308716 -0.966452 0.229620 0.115085 22.190882 0.000000 0.000000 0.000000 1.000000
0.148540 0.278245 0.948955 -0.193867 0.186169 0.934574 -0.303170 84.177124 -0.971224 0.221699 0.087021 22.133865 0.000000 0.000000 0.000000 1.000000
0.120427 0.279481 0.952569 -0.364196 0.186963 0.935996 -0.298255 84.055771 -0.974958 0.214013 0.060467 22.071127 0.000000 0.000000 0.000000 1.000000
0.093879 0.279591 0.955518 -0.507736 0.187525 0.937612 -0.292776 83.949295 -0.977763 0.206669 0.035591 21.998396 0.000000 0.000000 0.000000 1.000000
0.068553 0.279077 0.957819 -0.629806 0.187368 0.939392 -0.287118 83.855598 -0.979895 0.199147 0.012108 21.911283 0.000000 0.000000 0.000000 1.000000
0.044231 0.278375 0.959454 -0.738303 0.186010 0.941305 -0.281684 83.766190 -0.981552 0.190927 -0.010146 21.806103 0.000000 0.000000 0.000000 1.000000
0.021045 0.277658 0.960449 -0.840904 0.183533 0.943264 -0.276711 83.673462 -0.982788 0.182098 -0.031109 21.679619 0.000000 0.000000 0.000000 1.000000
-0.000980 0.276930 0.960890 -0.940521 0.180659 0.945128 -0.272203 83.577011 -0.983545 0.173327 -0.050956 21.529003 0.000000 0.000000 0.000000 1.000000
-0.022160 0.276010 0.960899 -1.033142 0.178198 0.946835 -0.267861 83.482864 -0.983745 0.165295 -0.070167 21.353851 0.000000 0.000000 0.000000 1.000000
-0.042818 0.274438 0.960651 -1.110954 0.176370 0.948508 -0.263108 83.397041 -0.983392 0.158165 -0.089016 21.159458 0.000000 0.000000 0.000000 1.000000
-0.063033 0.271774 0.960295 -1.167972 0.174631 0.950367 -0.257501 83.320190 -0.982614 0.151466 -0.107364 20.958681 0.000000 0.000000 0.000000 1.000000
-0.082749 0.268191 0.959805 -1.201947 0.172141 0.952478 -0.251302 83.249100 -0.981591 0.144427 -0.124983 20.769094 0.000000 0.000000 0.000000 1.000000
-0.101995 0.264435 0.958995 -1.211902 0.168440 0.954693 -0.245335 83.182678 -0.980421 0.136510 -0.141915 20.605961 0.000000 0.000000 0.000000 1.000000
-0.120971 0.260951 0.957743 -1.196214 0.163751 0.956856 -0.240026 83.124405 -0.979057 0.127795 -0.158483 20.474985 0.000000 0.000000 0.000000 1.000000
-0.139869 0.257346 0.956143 -1.153745 0.158632 0.958987 -0.234906 83.077736 -0.977380 0.118819 -0.174956 20.369850 0.000000 0.000000 0.000000 1.000000
-0.158480 0.253045 0.954386 -1.086716 0.153401 0.961175 -0.229373 83.043411 -0.975373 0.110052 -0.191144 20.278297 0.000000 0.000000 0.000000 1.000000
-0.176157 0.248246 0.952545 -1.000099 0.147954 0.963362 -0.223704 83.019539 -0.973180 0.101526 -0.206432 20.190878 0.000000 0.000000 0.000000 1.000000
-0.192431 0.243799 0.950543 -0.898234 0.142169 0.965354 -0.218816 83.003624 -0.970957 0.093031 -0.220425 20.105484 0.000000 0.000000 0.000000 1.000000
-0.207596 0.240118 0.948287 -0.782656 0.136219 0.967056 -0.215050 82.992958 -0.968684 0.084531 -0.233465 20.024261 0.000000 0.000000 0.000000 1.000000
-0.222507 0.236589 0.945789 -0.653438 0.130392 0.968614 -0.211622 82.985069 -0.966172 0.076235 -0.246373 19.947752 0.000000 0.000000 0.000000 1.000000
-0.237889 0.232330 0.943097 -0.512243 0.124827 0.970232 -0.207528 82.981079 -0.963238 0.068356 -0.259808 19.873165 0.000000 0.000000 0.000000 1.000000
-0.253791 0.227338 0.940164 -0.363526 0.119508 0.971910 -0.202753 82.987610 -0.959848 0.060900 -0.273831 19.798048 0.000000 0.000000 0.000000 1.000000
-0.269617 0.222580 0.936891 -0.212520 0.114439 0.973432 -0.198328 83.012123 -0.956144 0.053744 -0.287925 19.724060 0.000000 0.000000 0.000000 1.000000
-0.284675 0.218995 0.933274 -0.062153 0.109693 0.974603 -0.195234 83.054550 -0.952327 0.046796 -0.301467 19.656038 0.000000 0.000000 0.000000 1.000000
-0.298814 0.216591 0.929408 0.087912 0.105299 0.975440 -0.193463 83.104576 -0.948484 0.040056 -0.314282 19.597281 0.000000 0.000000 0.000000 1.000000
-0.312388 0.214561 0.925407 0.239696 0.101157 0.976133 -0.192174 83.148735 -0.944553 0.033578 -0.326636 19.546646 0.000000 0.000000 0.000000 1.000000
-0.325616 0.212137 0.921397 0.394880 0.097123 0.976855 -0.190582 83.179420 -0.940501 0.027432 -0.338683 19.500248 0.000000 0.000000 0.000000 1.000000
-0.338222 0.209157 0.917529 0.554308 0.093156 0.977641 -0.188521 83.197296 -0.936444 0.021711 -0.350144 19.454741 0.000000 0.000000 0.000000 1.000000
-0.349713 0.205907 0.913949 0.717826 0.089384 0.978431 -0.186232 83.206062 -0.932583 0.016565 -0.360575 19.410126 0.000000 0.000000 0.000000 1.000000
-0.359853 0.202675 0.910730 0.884383 0.086010 0.979171 -0.183921 83.208138 -0.929036 0.012147 -0.369790 19.369938 0.000000 0.000000 0.000000 1.000000
-0.368943 0.199622 0.907762 1.051879 0.083145 0.979836 -0.181679 83.205467 -0.925726 0.008447 -0.378101 19.339106 0.000000 0.000000 0.000000 1.000000
-0.377808 0.196908 0.904704 1.216742 0.080701 0.980409 -0.179684 83.200920 -0.922360 0.005124 -0.386297 19.322639 0.000000 0.000000 0.000000 1.000000
-0.387387 0.194694 0.901124 1.375017 0.078413 0.980863 -0.178213 83.196686 -0.918576 0.001623 -0.395240 19.324511 0.000000 0.000000 0.000000 1.000000
-0.398060 0.192976 0.896833 1.525799 0.076045 0.981201 -0.177377 83.191345 -0.914202 -0.002407 -0.405251 19.347010 0.000000 0.000000 0.000000 1.000000
-0.409441 0.191509 0.892011 1.674012 0.073561 0.981467 -0.176949 83.181427 -0.909366 -0.006833 -0.415940 19.389702 0.000000 0.000000 0.000000 1.000000
-0.420952 0.189989 0.886963 1.828739 0.071074 0.981721 -0.176555 83.166168 -0.904294 -0.011281 -0.426761 19.448626 0.000000 0.000000 0.000000 1.000000
-0.432365 0.188266 0.881826 1.997933 0.068674 0.981995 -0.175980 83.149071 -0.899080 -0.015529 -0.437509 19.517826 0.000000 0.000000 0.000000 1.000000
-0.443607 0.186354 0.876633 2.184955 0.066349 0.982288 -0.175239 83.132149 -0.893762 -0.019574 -0.448114 19.593388 0.000000 0.000000 0.000000 1.000000
-0.454421 0.184216 0.871531 2.387517 0.063906 0.982604 -0.174372 83.116989 -0.888492 -0.023542 -0.458288 19.671843 0.000000 0.000000 0.000000 1.000000
-0.464612 0.181790 0.866653 2.601693 0.061334 0.982957 -0.173305 83.100906 -0.883388 -0.027365 -0.467843 19.752144 0.000000 0.000000 0.000000 1.000000
-0.474442 0.179247 0.861844 2.822841 0.059001 0.983323 -0.172033 83.083649 -0.878307 -0.030770 -0.477105 19.832947 0.000000 0.000000 0.000000 1.000000
-0.484309 0.177095 0.856786 3.046371 0.057410 0.983621 -0.170860 83.068489 -0.873011 -0.033561 -0.486544 19.912811 0.000000 0.000000 0.000000 1.000000
-0.494115 0.175697 0.851458 3.268880 0.056591 0.983790 -0.170163 83.057739 -0.867553 -0.035895 -0.496048 19.992167 0.000000 0.000000 0.000000 1.000000
-0.503250 0.174721 0.846293 3.489038 0.055969 0.983880 -0.169844 83.049324 -0.862326 -0.038108 -0.504917 20.074661 0.000000 0.000000 0.000000 1.000000
-0.511266 0.173392 0.841749 3.707103 0.054921 0.984026 -0.169342 83.038628 -0.857666 -0.040349 -0.512622 20.165682 0.000000 0.000000 0.000000 1.000000
-0.518276 0.171330 0.837876 3.923491 0.053274 0.984292 -0.168316 83.022881 -0.853552 -0.042597 -0.519263 20.268475 0.000000 0.000000 0.000000 1.000000
-0.524597 0.168881 0.834432 4.138036 0.051259 0.984615 -0.167050 83.002815 -0.849806 -0.044862 -0.525182 20.382376 0.000000 0.000000 0.000000 1.000000
-0.530206 0.166619 0.831336 4.349926 0.049175 0.984893 -0.166033 82.980194 -0.846442 -0.047150 -0.530390 20.504677 0.000000 0.000000 0.000000 1.000000
-0.534825 0.164803 0.828735 4.557319 0.047201 0.985091 -0.165434 82.955414 -0.843644 -0.049361 -0.534630 20.633608 0.000000 0.000000 0.000000 1.000000
-0.538461 0.163421 0.826652 4.756631 0.045382 0.985214 -0.165207 82.928200 -0.841428 -0.051442 -0.537915 20.768749 0.000000 0.000000 0.000000 1.000000
-0.541581 0.162457 0.824802 4.943253 0.043663 0.985261 -0.165392 82.900246 -0.839514 -0.053560 -0.540692 20.909134 0.000000 0.000000 0.000000 1.000000
-0.544579 0.161835 0.822948 5.114389 0.041938 0.985234 -0.165996 82.876297 -0.837660 -0.055885 -0.543325 21.051334 0.000000 0.000000 0.000000 1.000000
-0.547206 0.161306 0.821307 5.271153 0.040189 0.985186 -0.166715 82.861496 -0.836032 -0.058220 -0.545583 21.189375 0.000000 0.000000 0.000000 1.000000
-0.548619 0.160712 0.820481 5.417058 0.038605 0.985174 -0.167158 82.857376 -0.835181 -0.060032 -0.546690 21.316578 0.000000 0.000000 0.000000 1.000000
-0.547904 0.160283 0.821042 5.553920 0.037473 0.985190 -0.167320 82.861877 -0.835701 -0.060908 -0.545796 21.428371 0.000000 0.000000 0.000000 1.000000
-0.544515 0.160435 0.823264 5.679786 0.036910 0.985168 -0.167573 82.871414 -0.837939 -0.060859 -0.542361 21.524815 0.000000 0.000000 0.000000 1.000000
-0.538431 0.161299 0.827088 5.791451 0.036754 0.985070 -0.168182 82.883095 -0.841867 -0.060156 -0.536321 21.609922 0.000000 0.000000 0.000000 1.000000
-0.530028 0.162631 0.832239 5.887540 0.036798 0.984923 -0.169032 82.892944 -0.847181 -0.058967 -0.528022 21.688341 0.000000 0.000000 0.000000 1.000000
-0.519662 0.164160 0.838453 5.967751 0.037028 0.984773 -0.169858 82.894722 -0.853569 -0.057223 -0.517827 21.762100 0.000000 0.000000 0.000000 1.000000
-0.507270 0.165900 0.845668 6.029409 0.037588 0.984621 -0.170613 82.881271 -0.860967 -0.054760 -0.505705 21.830765 0.000000 0.000000 0.000000 1.000000
-0.492410 0.168162 0.853964 6.067060 0.038657 0.984415 -0.171560 82.848236 -0.869504 -0.051466 -0.491237 21.894400 0.000000 0.000000 0.000000 1.000000
-0.474697 0.171293 0.863320 6.077367 0.040377 0.984084 -0.173053 82.797356 -0.879222 -0.047289 -0.474059 21.955515 0.000000 0.000000 0.000000 1.000000
-0.454226 0.175291 0.873471 6.064362 0.042723 0.983610 -0.175177 82.735481 -0.889862 -0.042253 -0.454270 22.017460 0.000000 0.000000 0.000000 1.000000
-0.431636 0.179589 0.883990 6.038199 0.045418 0.983065 -0.177540 82.670578 -0.900904 -0.036484 -0.432483 22.081522 0.000000 0.000000 0.000000 1.000000
-0.407782 0.183436 0.894464 6.007971 0.048181 0.982570 -0.179539 82.607643 -0.911807 -0.030116 -0.409512 22.147116 0.000000 0.000000 0.000000 1.000000
-0.383175 0.186526 0.904646 5.976372 0.050958 0.982175 -0.180927 82.547798 -0.922269 -0.023227 -0.385850 22.214705 0.000000 0.000000 0.000000 1.000000
-0.357681 0.189081 0.914501 5.941674 0.053751 0.981832 -0.181979 82.490959 -0.932296 -0.015935 -0.361346 22.287474 0.000000 0.000000 0.000000 1.000000
-0.330839 0.191322 0.924090 5.903438 0.056415 0.981491 -0.183009 82.437088 -0.941999 -0.008414 -0.335509 22.369240 0.000000 0.000000 0.000000 1.000000
-0.302390 0.193218 0.933395 5.863333 0.058889 0.981156 -0.184026 82.385864 -0.951363 -0.000681 -0.308070 22.460518 0.000000 0.000000 0.000000 1.000000
-0.272332 0.194862 0.942265 5.820684 0.061486 0.980802 -0.185061 82.335289 -0.960237 0.007538 -0.279085 22.556759 0.000000 0.000000 0.000000 1.000000
-0.240590 0.196693 0.950488 5.769484 0.064557 0.980326 -0.186527 82.282578 -0.968478 0.016484 -0.248555 22.649824 0.000000 0.000000 0.000000 1.000000
-0.206921 0.199078 0.957889 5.701456 0.067926 0.979639 -0.188925 82.226265 -0.975997 0.025973 -0.216231 22.731489 0.000000 0.000000 0.000000 1.000000
-0.171185 0.201868 0.964337 5.613713 0.071004 0.978767 -0.192285 82.164635 -0.982677 0.035555 -0.181884 22.798231 0.000000 0.000000 0.000000 1.000000
-0.133556 0.204569 0.969698 5.509583 0.073370 0.977820 -0.196177 82.098549 -0.988322 0.044947 -0.145603 22.852745 0.000000 0.000000 0.000000 1.000000
-0.094331 0.206856 0.973813 5.394371 0.075020 0.976871 -0.200238 82.035599 -0.992710 0.054166 -0.107668 22.901985 0.000000 0.000000 0.000000 1.000000
-0.053613 0.208738 0.976501 5.270290 0.076057 0.975920 -0.204438 81.986748 -0.995661 0.063309 -0.068198 22.958204 0.000000 0.000000 0.000000 1.000000
-0.011471 0.210164 0.977599 5.139220 0.076297 0.974997 -0.208710 81.959763 -0.997019 0.072193 -0.027219 23.036140 0.000000 0.000000 0.000000 1.000000
0.031627 0.210731 0.977032 5.006479 0.075450 0.974229 -0.212569 81.954430 -0.996648 0.080440 0.014912 23.148819 0.000000 0.000000 0.000000 1.000000
0.074884 0.210009 0.974827 4.879731 0.073613 0.973741 -0.215430 81.966164 -0.994472 0.087892 0.057458 23.301298 0.000000 0.000000 0.000000 1.000000
0.117696 0.208061 0.971009 4.763459 0.071222 0.973518 -0.217231 81.993668 -0.990492 0.094725 0.099761 23.485992 0.000000 0.000000 0.000000 1.000000
0.159947 0.205345 0.965531 4.656192 0.068629 0.973444 -0.218397 82.041000 -0.984737 0.101195 0.141607 23.683151 0.000000 0.000000 0.000000 1.000000
0.202023 0.202185 0.958284 4.554356 0.066062 0.973417 -0.219305 82.110115 -0.977150 0.107611 0.183296 23.867422 0.000000 0.000000 0.000000 1.000000
0.244734 0.198562 0.949041 4.458609 0.063983 0.973365 -0.220151 82.194565 -0.967477 0.114601 0.225511 24.016325 0.000000 0.000000 0.000000 1.000000
0.288861 0.194387 0.937429 4.375688 0.063043 0.973182 -0.221228 82.284515 -0.955293 0.123003 0.268860 24.116690 0.000000 0.000000 0.000000 1.000000
0.334598 0.189690 0.923072 4.312666 0.063458 0.972772 -0.222906 82.379181 -0.940222 0.133160 0.313451 24.165335 0.000000 0.000000 0.000000 1.000000
0.381415 0.184519 0.905801 4.268472 0.064645 0.972153 -0.225256 82.490280 -0.922141 0.144471 0.358866 24.163460 0.000000 0.000000 0.000000 1.000000
0.428089 0.178954 0.885842 4.232315 0.065773 0.971430 -0.228029 82.629471 -0.901340 0.155882 0.404088 24.108326 0.000000 0.000000 0.000000 1.000000
0.472753 0.173261 0.863994 4.192688 0.066656 0.970639 -0.231120 82.793968 -0.878670 0.166853 0.447324 23.988056 0.000000 0.000000 0.000000 1.000000
0.513570 0.167813 0.841478 4.148670 0.067840 0.969678 -0.234783 82.968163 -0.855362 0.177663 0.486613 23.784889 0.000000 0.000000 0.000000 1.000000
0.549860 0.162847 0.819228 4.110852 0.069800 0.968420 -0.239353 83.140335 -0.832335 0.188793 0.521129 23.484798 0.000000 0.000000 0.000000 1.000000
0.582363 0.158373 0.797353 4.091200 0.072490 0.966815 -0.244977 83.322060 -0.809690 0.200466 0.551557 23.087433 0.000000 0.000000 0.000000 1.000000
0.612277 0.154228 0.775455 4.090399 0.075700 0.964849 -0.251667 83.536087 -0.787011 0.212792 0.579080 22.601830 0.000000 0.000000 0.000000 1.000000
0.640159 0.150053 0.753446 4.096035 0.079698 0.962477 -0.259398 83.788750 -0.764097 0.226104 0.604179 22.035313 0.000000 0.000000 0.000000 1.000000
0.665686 0.145434 0.731923 4.092008 0.085070 0.959641 -0.268054 84.053864 -0.741367 0.240705 0.626447 21.386772 0.000000 0.000000 0.000000 1.000000
0.688211 0.140243 0.711827 4.068719 0.091881 0.956392 -0.277260 84.286865 -0.719669 0.256217 0.645313 20.653151 0.000000 0.000000 0.000000 1.000000
0.707362 0.134722 0.693895 4.026433 0.099301 0.952994 -0.286255 84.456261 -0.699842 0.271391 0.660733 19.841869 0.000000 0.000000 0.000000 1.000000
0.723217 0.129213 0.678426 3.970497 0.106219 0.949842 -0.294139 84.556335 -0.682404 0.284788 0.673217 18.977251 0.000000 0.000000 0.000000 1.000000
0.736157 0.123876 0.665378 3.903533 0.112193 0.947171 -0.300466 84.588219 -0.667448 0.295841 0.683368 18.096664 0.000000 0.000000 0.000000 1.000000
0.746633 0.118706 0.654559 3.821132 0.117693 0.944858 -0.305601 84.543228 -0.654742 0.305209 0.691492 17.236410 0.000000 0.000000 0.000000 1.000000
0.754846 0.113587 0.645991 3.714776 0.123660 0.942582 -0.310236 84.403397 -0.644139 0.314064 0.697459 16.419542 0.000000 0.000000 0.000000 1.000000
0.760556 0.108423 0.640156 3.576693 0.130705 0.940206 -0.314529 84.154106 -0.635981 0.322888 0.700908 15.647902 0.000000 0.000000 0.000000 1.000000
0.763322 0.103361 0.637696 3.400588 0.138670 0.937892 -0.318007 83.795685 -0.630960 0.331171 0.701581 14.905696 0.000000 0.000000 0.000000 1.000000
0.763022 0.098830 0.638773 3.181262 0.147000 0.935813 -0.320381 83.347229 -0.629436 0.338357 0.699518 14.176785 0.000000 0.000000 0.000000 1.000000
0.760081 0.095092 0.642833 2.918373 0.155514 0.933872 -0.322023 82.843552 -0.630945 0.344734 0.695030 13.459844 0.000000 0.000000 0.000000 1.000000
0.755327 0.091773 0.648891 2.622504 0.164612 0.931833 -0.323403 82.323051 -0.634338 0.351090 0.688732 12.767283 0.000000 0.000000 0.000000 1.000000
0.749712 0.088214 0.655859 2.313888 0.174504 0.929645 -0.324514 81.812302 -0.638342 0.357742 0.681572 12.110686 0.000000 0.000000 0.000000 1.000000
0.743941 0.084341 0.662902 2.011543 0.184591 0.927468 -0.325159 81.321686 -0.642244 0.364265 0.674413 11.490891 0.000000 0.000000 0.000000 1.000000
0.738071 0.080906 0.669855 1.724095 0.193920 0.925462 -0.325447 80.854912 -0.646255 0.370102 0.667367 10.902413 0.000000 0.000000 0.000000 1.000000
0.731673 0.078767 0.677090 1.452534 0.201944 0.923663 -0.325675 80.418381 -0.651056 0.375022 0.659913 10.343406 0.000000 0.000000 0.000000 1.000000
0.724568 0.078135 0.684760 1.199139 0.208680 0.922043 -0.326021 80.019493 -0.656851 0.379120 0.651778 9.818178 0.000000 0.000000 0.000000 1.000000
0.717038 0.078543 0.692595 0.969181 0.214626 0.920476 -0.326587 79.663727 -0.663168 0.382824 0.643159 9.331965 0.000000 0.000000 0.000000 1.000000
0.709006 0.079452 0.700713 0.763739 0.220713 0.918713 -0.327495 79.357407 -0.669774 0.386852 0.633836 8.886383 0.000000 0.000000 0.000000 1.000000
0.699621 0.080817 0.709929 0.575201 0.227672 0.916579 -0.328708 79.108322 -0.677271 0.391602 0.622858 8.479159 0.000000 0.000000 0.000000 1.000000
0.688270 0.083100 0.720679 0.392913 0.235057 0.914280 -0.329910 78.915573 -0.686318 0.396468 0.609739 8.105634 0.000000 0.000000 0.000000 1.000000
0.675641 0.086703 0.732115 0.212992 0.241365 0.912316 -0.330791 78.759697 -0.696601 0.400203 0.595471 7.758907 0.000000 0.000000 0.000000 1.000000
0.663157 0.091554 0.742860 0.041883 0.245509 0.910973 -0.331441 78.610764 -0.707070 0.402177 0.581641 7.428234 0.000000 0.000000 0.000000 1.000000
0.651526 0.097241 0.752368 -0.108957 0.247935 0.909996 -0.332318 78.448303 -0.716967 0.403052 0.568777 7.101330 0.000000 0.000000 0.000000 1.000000
0.640365 0.103372 0.761083 -0.231827 0.250014 0.908883 -0.333804 78.272423 -0.726241 0.404038 0.556172 6.768885 0.000000 0.000000 0.000000 1.000000
0.629237 0.109703 0.769433 -0.327955 0.252561 0.907399 -0.335917 78.094589 -0.735034 0.405699 0.543262 6.427320 0.000000 0.000000 0.000000 1.000000
0.618507 0.116175 0.777143 -0.404997 0.255180 0.905710 -0.338486 77.919441 -0.743190 0.407668 0.530543 6.078119 0.000000 0.000000 0.000000 1.000000
0.608863 0.122936 0.783692 -0.469848 0.256973 0.904082 -0.341468 77.740372 -0.750501 0.409294 0.518871 5.724122 0.000000 0.000000 0.000000 1.000000
