<?xml version="1.0" encoding="utf-8"?>
<COLLADA xmlns="http://www.collada.org/2005/11/COLLADASchema" version="1.4.1">
  <asset><contributor><author>Mixamo</author><authoring_tool>COLLADA Mixamo exporter</authoring_tool><comments></comments></contributor><created>2018-04-11T19:05:35Z</created><modified>2018-04-11T19:05:35Z</modified><revision></revision><title></title><unit meter="0.010000"/><up_axis>Y_UP</up_axis></asset>
  <library_animations>
    <animation id="arissa_Hips-anim" name="arissa_Hips"><source id="arissa_Hips-Matrix-animation-input"><float_array id="arissa_Hips-Matrix-animation-input-array" count="23">

0.000000 0.033333 0.066667 0.100000 0.133333 0.166667 0.200000 0.233333 0.266667 0.300000 0.333333 0.366667 0.400000 0.433333 0.466667 0.500000
0.533333 0.566667 0.600000 0.633333 0.666667 0.700000 0.733333</float_array><technique_common><accessor source="#arissa_Hips-Matrix-animation-input-array" count="23"><param name="TIME" type="float"/></accessor></technique_common></source><source id="arissa_Hips-Matrix-animation-output-transform"><float_array id="arissa_Hips-Matrix-animation-output-transform-array" count="368">

0.970103 0.003447 -0.242668 0.016215 -0.043779 0.985982 -0.161006 80.088432 0.238711 0.166816 0.956655 -0.304411 0.000000 0.000000 0.000000 1.000000
0.974625 -0.015535 -0.223305 0.129937 -0.023118 0.985268 -0.169446 80.633217 0.222648 0.170309 0.959908 9.901389 0.000000 0.000000 0.000000 1.000000
0.978318 -0.031819 -0.204651 0.238321 -0.004762 0.984410 -0.175823 81.823853 0.207055 0.172986 0.962914 20.105066 0.000000 0.000000 0.000000 1.000000
0.981548 -0.039664 -0.187059 0.319274 0.006048 0.984201 -0.176953 83.355850 0.191122 0.172557 0.966280 30.243931 0.000000 0.000000 0.000000 1.000000
0.984859 -0.037618 -0.169226 0.374627 0.008301 0.985286 -0.170714 84.632957 0.173158 0.166724 0.970680 40.251099 0.000000 0.000000 0.000000 1.000000
0.988188 -0.031814 -0.149909 0.441445 0.007910 0.987499 -0.157427 84.911362 0.153044 0.154382 0.976086 50.093391 0.000000 0.000000 0.000000 1.000000
0.990942 -0.027752 -0.131390 0.539851 0.009232 0.990177 -0.139513 83.797089 0.133971 0.137037 0.981465 60.034508 0.000000 0.000000 0.000000 1.000000
0.992771 -0.032356 -0.115577 0.719565 0.018331 0.992554 -0.120417 82.014015 0.118613 0.117428 0.985972 69.966202 0.000000 0.000000 0.000000 1.000000
0.993339 -0.043828 -0.106570 0.962146 0.032677 0.994017 -0.104220 80.288170 0.110500 0.100044 0.988828 79.874344 0.000000 0.000000 0.000000 1.000000
0.992999 -0.052952 -0.105592 1.171143 0.042921 0.994542 -0.095098 79.071564 0.110052 0.089900 0.989852 89.849037 0.000000 0.000000 0.000000 1.000000
0.992835 -0.049696 -0.108670 1.244612 0.039302 0.994627 -0.095778 78.596138 0.112846 0.090821 0.989453 99.966545 0.000000 0.000000 0.000000 1.000000
0.993394 -0.030239 -0.110695 1.158601 0.018387 0.994136 -0.106565 78.983322 0.113269 0.103825 0.988125 110.202057 0.000000 0.000000 0.000000 1.000000
0.993877 -0.001054 -0.110488 1.003332 -0.012910 0.991998 -0.125590 80.251488 0.109736 0.126248 0.985911 120.427963 0.000000 0.000000 0.000000 1.000000
0.993477 0.024731 -0.111316 0.925128 -0.041295 0.987966 -0.149057 82.220421 0.106290 0.152682 0.982543 130.569702 0.000000 0.000000 0.000000 1.000000
0.992536 0.035376 -0.116712 1.012579 -0.055291 0.983529 -0.172086 84.484840 0.108702 0.177254 0.978144 140.649628 0.000000 0.000000 0.000000 1.000000
0.991536 0.028425 -0.126683 1.215464 -0.052445 0.980281 -0.190521 86.397820 0.118769 0.195552 0.973475 150.705093 0.000000 0.000000 0.000000 1.000000
0.990235 0.011367 -0.138943 1.379086 -0.039537 0.978646 -0.201714 87.256149 0.133684 0.205238 0.969539 160.752747 0.000000 0.000000 0.000000 1.000000
0.988223 -0.003958 -0.152967 1.376377 -0.027725 0.978488 -0.204433 86.795967 0.150485 0.206266 0.966855 170.761017 0.000000 0.000000 0.000000 1.000000
0.985434 -0.010248 -0.169751 1.190918 -0.024192 0.979584 -0.199573 85.368500 0.168331 0.200773 0.965067 180.715973 0.000000 0.000000 0.000000 1.000000
0.982013 -0.008639 -0.188616 0.900738 -0.027917 0.981330 -0.190297 83.547737 0.186738 0.192140 0.963437 190.651596 0.000000 0.000000 0.000000 1.000000
0.978217 -0.004155 -0.207546 0.594023 -0.034026 0.983068 -0.180053 81.868942 0.204780 0.183193 0.961512 200.604980 0.000000 0.000000 0.000000 1.000000
0.974261 0.000038 -0.225422 0.302573 -0.039460 0.984589 -0.170377 80.663803 0.221941 0.174887 0.959248 210.598969 0.000000 0.000000 0.000000 1.000000
0.970103 0.003447 -0.242668 0.016215 -0.043779 0.985982 -0.161006 80.088440 0.238711 0.166816 0.956655 220.636307 0.000000 0.000000 0.000000 1.000000</float_array><technique_common><accessor source="#arissa_Hips-Matrix-animation-output-transform-array" count="23" stride="16"><param type="float4x4"/></accessor></technique_common></source><source id="arissa_Hips-Interpolations"><Name_array id="arissa_Hips-Interpolations-array" count="23">
 LINEAR LINEAR LINEAR LINEAR LINEAR LINEAR LINEAR LINEAR LINEAR LINEAR LINEAR
LINEAR LINEAR LINEAR LINEAR LINEAR LINEAR LINEAR LINEAR LINEAR LINEAR LINEAR LINEAR</Name_array><technique_common><accessor source="#arissa_Hips-Interpolations-array" count="23"><param type="name"/></accessor></technique_common></source><sampler id="arissa_Hips-Matrix-animation-transform"><input semantic="INPUT" source="#arissa_Hips-Matrix-animation-input"/><input semantic="OUTPUT" source="#arissa_Hips-Matrix-animation-output-transform"/><input semantic="INTERPOLATION" source="#arissa_Hips-Interpolations"/></sampler><channel source="#arissa_Hips-Matrix-animation-transform" target="arissa_Hips/matrix"/></animation>
    <animation id="arissa_Spine-anim" name="arissa_Spine"><source id="arissa_Spine-Matrix-animation-input"><float_array id="arissa_Spine-Matrix-animation-input-array" count="23">

0.000000 0.033333 0.066667 0.100000 0.133333 0.166667 0.200000 0.233333 0.266667 0.300000 0.333333 0.366667 0.400000 0.433333 0.466667 0.500000
0.533333 0.566667 0.600000 0.633333 0.666667 0.700000 0.733333</float_array><technique_common><accessor source="#arissa_Spine-Matrix-animation-input-array" count="23"><param name="TIME" type="float"/></accessor></technique_common></source><source id="arissa_Spine-Matrix-animation-output-transform"><float_array id="arissa_Spine-Matrix-animation-output-transform-array" count="368">

0.995600 -0.018010 0.091954 0.000000 0.029888 0.991131 -0.129481 9.226300 -0.088806 0.131659 0.987309 1.577100 0.000000 0.000000 0.000000 1.000000
0.996229 -0.001645 0.086751 0.000000 0.012676 0.991851 -0.126770 9.226300 -0.085835 0.127392 0.988131 1.577100 0.000000 0.000000 0.000000 1.000000
0.996516 0.013520 0.082303 0.000000 -0.003273 0.992353 -0.123385 9.226300 -0.083342 0.122686 0.988940 1.577100 0.000000 0.000000 0.000000 1.000000
0.996597 0.024131 0.078818 0.000000 -0.014639 0.992804 -0.118856 9.226300 -0.081119 0.117298 0.989778 1.577100 0.000000 0.000000 0.000000 1.000000
0.996784 0.029453 0.074531 0.000000 -0.020816 0.993249 -0.114118 9.226300 -0.077389 0.112199 0.990668 1.577100 0.000000 0.000000 0.000000 1.000000
0.997162 0.033875 0.067232 0.000000 -0.026202 0.993374 -0.111901 9.226300 -0.070577 0.109821 0.991442 1.577100 0.000000 0.000000 0.000000 1.000000
0.997495 0.039786 0.058486 0.000000 -0.032867 0.992841 -0.114835 9.226300 -0.062636 0.112625 0.991661 1.577100 0.000000 0.000000 0.000000 1.000000
0.997489 0.050817 0.049333 0.000000 -0.044405 0.991370 -0.123342 9.226300 -0.055175 0.120842 0.991137 1.577100 0.000000 0.000000 0.000000 1.000000
0.997008 0.063802 0.043650 0.000000 -0.057439 0.989304 -0.134082 9.226300 -0.051737 0.131173 0.990008 1.577100 0.000000 0.000000 0.000000 1.000000
0.996562 0.070982 0.042721 0.000000 -0.064275 0.987792 -0.141903 9.226300 -0.052272 0.138669 0.988958 1.577100 0.000000 0.000000 0.000000 1.000000
0.996927 0.065556 0.042892 0.000000 -0.058799 0.987929 -0.143317 9.226300 -0.051769 0.140354 0.988747 1.577100 0.000000 0.000000 0.000000 1.000000
0.998148 0.045870 0.039967 0.000000 -0.039910 0.989499 -0.138920 9.226300 -0.045919 0.137068 0.989497 1.577100 0.000000 0.000000 0.000000 1.000000
0.999278 0.017154 0.033902 0.000000 -0.012523 0.991118 -0.132396 9.226300 -0.035872 0.131876 0.990617 1.577100 0.000000 0.000000 0.000000 1.000000
0.999525 -0.011415 0.028610 0.000000 0.014949 0.991853 -0.126505 9.226300 -0.026933 0.126872 0.991553 1.577100 0.000000 0.000000 0.000000 1.000000
0.999129 -0.031298 0.027595 -0.000000 0.034412 0.992093 -0.120699 9.226300 -0.023600 0.121543 0.992306 1.577100 0.000000 0.000000 0.000000 1.000000
0.998742 -0.039471 0.030925 0.000000 0.042731 0.992670 -0.113047 9.226300 -0.026236 0.114227 0.993108 1.577100 0.000000 0.000000 0.000000 1.000000
0.998568 -0.039008 0.036618 0.000000 0.042624 0.993682 -0.103823 9.226300 -0.032337 0.105235 0.993921 1.577100 0.000000 0.000000 0.000000 1.000000
0.998383 -0.036007 0.043988 0.000000 0.040123 0.994515 -0.096589 9.226300 -0.040268 0.098197 0.994352 1.577100 0.000000 0.000000 0.000000 1.000000
0.997998 -0.034055 0.053294 -0.000000 0.039035 0.994675 -0.095382 9.226300 -0.049762 0.097271 0.994013 1.577100 0.000000 0.000000 0.000000 1.000000
0.997452 -0.032223 0.063645 0.000000 0.038553 0.994153 -0.100862 9.226300 -0.060023 0.103059 0.992863 1.577100 0.000000 0.000000 0.000000 1.000000
0.996868 -0.028640 0.073714 -0.000000 0.036680 0.993239 -0.110141 9.226300 -0.070061 0.112500 0.991179 1.577100 0.000000 0.000000 0.000000 1.000000
0.996274 -0.023453 0.082997 0.000000 0.033365 0.992197 -0.120129 9.226300 -0.079532 0.122451 0.989283 1.577100 0.000000 0.000000 0.000000 1.000000
0.995600 -0.018010 0.091954 0.000000 0.029888 0.991131 -0.129481 9.226300 -0.088806 0.131659 0.987309 1.577100 0.000000 0.000000 0.000000 1.000000</float_array><technique_common><accessor source="#arissa_Spine-Matrix-animation-output-transform-array" count="23" stride="16"><param type="float4x4"/></accessor></technique_common></source><source id="arissa_Spine-Interpolations"><Name_array id="arissa_Spine-Interpolations-array" count="23">
 LINEAR LINEAR LINEAR LINEAR LINEAR LINEAR LINEAR LINEAR LINEAR LINEAR LINEAR
LINEAR LINEAR LINEAR LINEAR LINEAR LINEAR LINEAR LINEAR LINEAR LINEAR LINEAR LINEAR</Name_array><technique_common><accessor source="#arissa_Spine-Interpolations-array" count="23"><param type="name"/></accessor></technique_common></source><sampler id="arissa_Spine-Matrix-animation-transform"><input semantic="INPUT" source="#arissa_Spine-Matrix-animation-input"/><input semantic="OUTPUT" source="#arissa_Spine-Matrix-animation-output-transform"/><input semantic="INTERPOLATION" source="#arissa_Spine-Interpolations"/></sampler><channel source="#arissa_Spine-Matrix-animation-transform" target="arissa_Spine/matrix"/></animation>
    <animation id="arissa_Spine1-anim" name="arissa_Spine1"><source id="arissa_Spine1-Matrix-animation-input"><float_array id="arissa_Spine1-Matrix-animation-input-array" count="23">

0.000000 0.033333 0.066667 0.100000 0.133333 0.166667 0.200000 0.233333 0.266667 0.300000 0.333333 0.366667 0.400000 0.433333 0.466667 0.500000
0.533333 0.566667 0.600000 0.633333 0.666667 0.700000 0.733333</float_array><technique_common><accessor source="#arissa_Spine1-Matrix-animation-input-array" count="23"><param name="TIME" type="float"/></accessor></technique_common></source><source id="arissa_Spine1-Matrix-animation-output-transform"><float_array id="arissa_Spine1-Matrix-animation-output-transform-array" count="368">

0.995950 -0.083332 -0.033750 -0.000000 0.082831 0.996435 -0.015985 16.254000 0.034962 0.013125 0.999302 -0.165600 0.000000 0.000000 0.000000 1.000000
0.996169 -0.079815 -0.035723 0.000000 0.079357 0.996747 -0.014064 16.254000 0.036729 0.011175 0.999263 -0.165600 0.000000 0.000000 0.000000 1.000000
0.996322 -0.077170 -0.037254 0.000000 0.076742 0.996969 -0.012787 16.254000 0.038128 0.009881 0.999224 -0.165600 0.000000 0.000000 0.000000 1.000000
0.996316 -0.077066 -0.037612 -0.000000 0.076621 0.996974 -0.013132 16.254000 0.038510 0.010202 0.999206 -0.165600 0.000000 0.000000 0.000000 1.000000
0.996109 -0.079773 -0.037458 0.000000 0.079255 0.996740 -0.015116 16.254000 0.038542 0.012089 0.999184 -0.165600 0.000000 0.000000 0.000000 1.000000
0.995761 -0.083253 -0.039099 0.000000 0.082619 0.996426 -0.017561 16.254000 0.040421 0.014256 0.999081 -0.165600 0.000000 0.000000 0.000000 1.000000
0.995445 -0.084665 -0.043822 0.000000 0.083890 0.996289 -0.019236 16.254000 0.045288 0.015472 0.998854 -0.165600 0.000000 0.000000 0.000000 1.000000
0.995335 -0.082937 -0.049287 0.000000 0.082051 0.996433 -0.019734 16.254000 0.050748 0.015598 0.998590 -0.165600 0.000000 0.000000 0.000000 1.000000
0.995476 -0.079880 -0.051450 0.000000 0.078983 0.996691 -0.019226 16.254000 0.052815 0.015075 0.998490 -0.165600 0.000000 0.000000 0.000000 1.000000
0.995661 -0.078782 -0.049514 0.000000 0.077985 0.996795 -0.017833 16.254000 0.050761 0.013894 0.998614 -0.165600 0.000000 0.000000 0.000000 1.000000
0.995526 -0.081824 -0.047255 0.000000 0.081172 0.996579 -0.015551 16.254000 0.048366 0.011645 0.998762 -0.165600 0.000000 0.000000 0.000000 1.000000
0.994885 -0.088604 -0.048512 0.000000 0.088083 0.996031 -0.012765 16.254000 0.049451 0.008426 0.998741 -0.165600 0.000000 0.000000 0.000000 1.000000
0.993914 -0.096706 -0.052759 0.000000 0.096291 0.995299 -0.010353 16.254000 0.053512 0.005210 0.998554 -0.165600 0.000000 0.000000 0.000000 1.000000
0.993065 -0.103202 -0.056317 0.000000 0.102858 0.994655 -0.008996 16.254000 0.056944 0.003141 0.998372 -0.165600 0.000000 0.000000 0.000000 1.000000
0.992754 -0.105861 -0.056865 -0.000000 0.105550 0.994378 -0.008441 16.254000 0.057439 0.002378 0.998346 -0.165600 0.000000 0.000000 0.000000 1.000000
0.993042 -0.104036 -0.055166 0.000000 0.103787 0.994572 -0.007360 16.254000 0.055633 0.001583 0.998450 -0.165600 0.000000 0.000000 0.000000 1.000000
0.993665 -0.099195 -0.052815 -0.000000 0.099107 0.995068 -0.004285 16.254000 0.052979 -0.000976 0.998595 -0.165600 0.000000 0.000000 0.000000 1.000000
0.994299 -0.094124 -0.050094 0.000000 0.094269 0.995547 0.000523 16.254000 0.049821 -0.005242 0.998744 -0.165600 0.000000 0.000000 0.000000 1.000000
0.994779 -0.090785 -0.046615 0.000000 0.091081 0.995834 0.004262 16.254000 0.046033 -0.008485 0.998904 -0.165600 0.000000 0.000000 0.000000 1.000000
0.995115 -0.088984 -0.042745 -0.000000 0.089226 0.996004 0.003771 16.254000 0.042239 -0.007566 0.999079 -0.165600 0.000000 0.000000 0.000000 1.000000
0.995394 -0.087441 -0.039295 -0.000000 0.087456 0.996167 -0.001353 16.254000 0.039263 -0.002090 0.999227 -0.165600 0.000000 0.000000 0.000000 1.000000
0.995672 -0.085497 -0.036443 0.000000 0.085231 0.996322 -0.008800 16.254000 0.037062 0.005655 0.999297 -0.165600 0.000000 0.000000 0.000000 1.000000
0.995950 -0.083332 -0.033750 0.000000 0.082831 0.996435 -0.015985 16.254000 0.034962 0.013125 0.999302 -0.165600 0.000000 0.000000 0.000000 1.000000</float_array><technique_common><accessor source="#arissa_Spine1-Matrix-animation-output-transform-array" count="23" stride="16"><param type="float4x4"/></accessor></technique_common></source><source id="arissa_Spine1-Interpolations"><Name_array id="arissa_Spine1-Interpolations-array" count="23">
 LINEAR LINEAR LINEAR LINEAR LINEAR LINEAR LINEAR LINEAR LINEAR LINEAR LINEAR
LINEAR LINEAR LINEAR LINEAR LINEAR LINEAR LINEAR LINEAR LINEAR LINEAR LINEAR LINEAR</Name_array><technique_common><accessor source="#arissa_Spine1-Interpolations-array" count="23"><param type="name"/></accessor></technique_common></source><sampler id="arissa_Spine1-Matrix-animation-transform"><input semantic="INPUT" source="#arissa_Spine1-Matrix-animation-input"/><input semantic="OUTPUT" source="#arissa_Spine1-Matrix-animation-output-transform"/><input semantic="INTERPOLATION" source="#arissa_Spine1-Interpolations"/></sampler><channel source="#arissa_Spine1-Matrix-animation-transform" target="arissa_Spine1/matrix"/></animation>
    <animation id="arissa_Spine2-anim" name="arissa_Spine2"><source id="arissa_Spine2-Matrix-animation-input"><float_array id="arissa_Spine2-Matrix-animation-input-array" count="23">

0.000000 0.033333 0.066667 0.100000 0.133333 0.166667 0.200000 0.233333 0.266667 0.300000 0.333333 0.366667 0.400000 0.433333 0.466667 0.500000
0.533333 0.566667 0.600000 0.633333 0.666667 0.700000 0.733333</float_array><technique_common><accessor source="#arissa_Spine2-Matrix-animation-input-array" count="23"><param name="TIME" type="float"/></accessor></technique_common></source><source id="arissa_Spine2-Matrix-animation-output-transform"><float_array id="arissa_Spine2-Matrix-animation-output-transform-array" count="368">

0.993442 0.055982 -0.099695 -0.000000 -0.051422 0.997535 0.047737 13.639600 0.102122 -0.042298 0.993872 -1.292300 0.000000 0.000000 0.000000 1.000000
0.993063 0.059586 -0.101370 0.000000 -0.054733 0.997248 0.050003 13.639600 0.104071 -0.044108 0.993591 -1.292300 0.000000 0.000000 0.000000 1.000000
0.992762 0.062313 -0.102663 -0.000000 -0.057252 0.997029 0.051532 13.639600 0.105569 -0.045282 0.993380 -1.292300 0.000000 0.000000 0.000000 1.000000
0.992720 0.062486 -0.102965 0.000000 -0.057453 0.997037 0.051152 13.639600 0.105856 -0.044864 0.993369 -1.292300 0.000000 0.000000 0.000000 1.000000
0.992882 0.059870 -0.102958 0.000000 -0.055071 0.997287 0.048843 13.639600 0.105603 -0.042826 0.993486 -1.292300 0.000000 0.000000 0.000000 1.000000
0.992882 0.056572 -0.104811 0.000000 -0.051975 0.997584 0.046093 13.639600 0.107166 -0.040317 0.993423 -1.292300 0.000000 0.000000 0.000000 1.000000
0.992423 0.055458 -0.109643 0.000000 -0.050838 0.997715 0.044492 13.639600 0.111860 -0.038580 0.992975 -1.292300 0.000000 0.000000 0.000000 1.000000
0.991694 0.057479 -0.115058 0.000000 -0.052670 0.997624 0.044415 13.639600 0.117338 -0.037986 0.992365 -1.292300 0.000000 0.000000 0.000000 1.000000
0.991266 0.060639 -0.117107 0.000000 -0.055670 0.997423 0.045252 13.639600 0.119549 -0.038338 0.992088 -1.292300 0.000000 0.000000 0.000000 1.000000
0.991439 0.061602 -0.115125 0.000000 -0.056565 0.997314 0.046524 13.639600 0.117682 -0.039614 0.992261 -1.292300 0.000000 0.000000 0.000000 1.000000
0.991886 0.058359 -0.112945 0.000000 -0.053184 0.997416 0.048300 13.639600 0.115472 -0.041902 0.992427 -1.292300 0.000000 0.000000 0.000000 1.000000
0.992097 0.051516 -0.114412 -0.000000 -0.045983 0.997666 0.050489 13.639600 0.116745 -0.044829 0.992150 -1.292300 0.000000 0.000000 0.000000 1.000000
0.991942 0.043522 -0.118982 0.000000 -0.037500 0.997923 0.052386 13.639600 0.121014 -0.047502 0.991514 -1.292300 0.000000 0.000000 0.000000 1.000000
0.991722 0.037181 -0.122904 0.000000 -0.030810 0.998101 0.053337 13.639600 0.124654 -0.049109 0.990984 -1.292300 0.000000 0.000000 0.000000 1.000000
0.991715 0.034614 -0.123702 0.000000 -0.028143 0.998162 0.053678 13.639600 0.125333 -0.049751 0.990867 -1.292300 0.000000 0.000000 0.000000 1.000000
0.991863 0.036436 -0.121983 0.000000 -0.029913 0.998045 0.054884 13.639600 0.123744 -0.050788 0.991014 -1.292300 0.000000 0.000000 0.000000 1.000000
0.992002 0.041167 -0.119324 -0.000000 -0.034382 0.997702 0.058380 13.639600 0.121453 -0.053811 0.991137 -1.292300 0.000000 0.000000 0.000000 1.000000
0.992161 0.046006 -0.116193 0.000000 -0.038792 0.997221 0.063609 13.639600 0.118796 -0.058603 0.991188 -1.292300 0.000000 0.000000 0.000000 1.000000
0.992448 0.049041 -0.112434 0.000000 -0.041607 0.996849 0.067540 13.639600 0.115392 -0.062352 0.991361 -1.292300 0.000000 0.000000 0.000000 1.000000
0.992809 0.050583 -0.108500 0.000000 -0.043455 0.996801 0.067081 13.639600 0.111546 -0.061884 0.991831 -1.292300 0.000000 0.000000 0.000000 1.000000
0.993101 0.051985 -0.105111 0.000000 -0.045626 0.997031 0.062023 13.639600 0.108024 -0.056799 0.992524 -1.292300 0.000000 0.000000 0.000000 1.000000
0.993290 0.053872 -0.102338 0.000000 -0.048451 0.997325 0.054735 13.639600 0.105013 -0.049409 0.993243 -1.292300 0.000000 0.000000 0.000000 1.000000
0.993442 0.055982 -0.099695 0.000000 -0.051422 0.997535 0.047737 13.639600 0.102122 -0.042298 0.993872 -1.292300 0.000000 0.000000 0.000000 1.000000</float_array><technique_common><accessor source="#arissa_Spine2-Matrix-animation-output-transform-array" count="23" stride="16"><param type="float4x4"/></accessor></technique_common></source><source id="arissa_Spine2-Interpolations"><Name_array id="arissa_Spine2-Interpolations-array" count="23">
 LINEAR LINEAR LINEAR LINEAR LINEAR LINEAR LINEAR LINEAR LINEAR LINEAR LINEAR
LINEAR LINEAR LINEAR LINEAR LINEAR LINEAR LINEAR LINEAR LINEAR LINEAR LINEAR LINEAR</Name_array><technique_common><accessor source="#arissa_Spine2-Interpolations-array" count="23"><param type="name"/></accessor></technique_common></source><sampler id="arissa_Spine2-Matrix-animation-transform"><input semantic="INPUT" source="#arissa_Spine2-Matrix-animation-input"/><input semantic="OUTPUT" source="#arissa_Spine2-Matrix-animation-output-transform"/><input semantic="INTERPOLATION" source="#arissa_Spine2-Interpolations"/></sampler><channel source="#arissa_Spine2-Matrix-animation-transform" target="arissa_Spine2/matrix"/></animation>
    <animation id="arissa_Neck-anim" name="arissa_Neck"><source id="arissa_Neck-Matrix-animation-input"><float_array id="arissa_Neck-Matrix-animation-input-array" count="23">

0.000000 0.033333 0.066667 0.100000 0.133333 0.166667 0.200000 0.233333 0.266667 0.300000 0.333333 0.366667 0.400000 0.433333 0.466667 0.500000
0.533333 0.566667 0.600000 0.633333 0.666667 0.700000 0.733333</float_array><technique_common><accessor source="#arissa_Neck-Matrix-animation-input-array" count="23"><param name="TIME" type="float"/></accessor></technique_common></source><source id="arissa_Neck-Matrix-animation-output-transform"><float_array id="arissa_Neck-Matrix-animation-output-transform-array" count="368">

0.999962 -0.007094 0.005040 0.000000 0.007455 0.997114 -0.075547 13.877400 -0.004489 0.075582 0.997129 -4.354200 0.000000 0.000000 0.000000 1.000000
0.999964 -0.007014 0.004834 0.000000 0.007368 0.996950 -0.077690 13.877400 -0.004274 0.077722 0.996966 -4.354200 0.000000 0.000000 0.000000 1.000000
0.999965 -0.007065 0.004492 0.000000 0.007402 0.996762 -0.080071 13.877400 -0.003912 0.080101 0.996779 -4.354200 0.000000 0.000000 0.000000 1.000000
0.999963 -0.007667 0.003839 -0.000000 0.007958 0.996558 -0.082520 13.877400 -0.003194 0.082547 0.996582 -4.354200 0.000000 0.000000 0.000000 1.000000
0.999955 -0.009071 0.002843 -0.000000 0.009279 0.996381 -0.084496 13.877400 -0.002067 0.084519 0.996420 -4.354200 0.000000 0.000000 0.000000 1.000000
0.999938 -0.011000 0.001644 0.000000 0.011100 0.996271 -0.085564 13.877400 -0.000696 0.085577 0.996331 -4.354200 0.000000 0.000000 0.000000 1.000000
0.999920 -0.012623 0.000443 0.000000 0.012614 0.996219 -0.085958 13.877400 0.000644 0.085956 0.996299 -4.354200 0.000000 0.000000 0.000000 1.000000
0.999915 -0.013023 -0.000553 0.000000 0.012926 0.996179 -0.086369 13.877400 0.001676 0.086355 0.996263 -4.354200 0.000000 0.000000 0.000000 1.000000
0.999928 -0.011911 -0.001153 0.000000 0.011765 0.996121 -0.087202 13.877400 0.002187 0.087182 0.996190 -4.354200 0.000000 0.000000 0.000000 1.000000
0.999949 -0.010027 -0.001288 -0.000000 0.009874 0.996056 -0.088175 13.877400 0.002167 0.088157 0.996104 -4.354200 0.000000 0.000000 0.000000 1.000000
0.999961 -0.008803 -0.001145 0.000000 0.008667 0.996023 -0.088671 13.877400 0.001921 0.088658 0.996060 -4.354200 0.000000 0.000000 0.000000 1.000000
0.999955 -0.009448 -0.001109 -0.000000 0.009313 0.996045 -0.088364 13.877400 0.001939 0.088350 0.996088 -4.354200 0.000000 0.000000 0.000000 1.000000
0.999925 -0.012152 -0.001485 0.000000 0.011976 0.996096 -0.087460 13.877400 0.002542 0.087436 0.996167 -4.354200 0.000000 0.000000 0.000000 1.000000
0.999869 -0.016033 -0.002271 0.000000 0.015777 0.996132 -0.086444 13.877400 0.003648 0.086397 0.996254 -4.354200 0.000000 0.000000 0.000000 1.000000
0.999799 -0.019802 -0.003208 -0.000000 0.019454 0.996130 -0.085706 13.877400 0.004893 0.085627 0.996315 -4.354200 0.000000 0.000000 0.000000 1.000000
0.999738 -0.022525 -0.004050 0.000000 0.022097 0.996103 -0.085389 13.877400 0.005958 0.085277 0.996339 -4.354200 0.000000 0.000000 0.000000 1.000000
0.999704 -0.023863 -0.004669 0.000000 0.023377 0.996070 -0.085425 13.877400 0.006689 0.085291 0.996334 -4.354200 0.000000 0.000000 0.000000 1.000000
0.999706 -0.023770 -0.004883 0.000000 0.023265 0.996066 -0.085509 13.877400 0.006897 0.085370 0.996325 -4.354200 0.000000 0.000000 0.000000 1.000000
0.999744 -0.022208 -0.004337 0.000000 0.021759 0.996136 -0.085082 13.877400 0.006210 0.084966 0.996365 -4.354200 0.000000 0.000000 0.000000 1.000000
0.999810 -0.019282 -0.002773 0.000000 0.018982 0.996315 -0.083648 13.877400 0.004376 0.083579 0.996492 -4.354200 0.000000 0.000000 0.000000 1.000000
0.999881 -0.015427 -0.000374 -0.000000 0.015346 0.996577 -0.081234 13.877400 0.001626 0.081219 0.996695 -4.354200 0.000000 0.000000 0.000000 1.000000
0.999934 -0.011226 0.002370 -0.000000 0.011377 0.996861 -0.078355 13.877400 -0.001483 0.078377 0.996923 -4.354200 0.000000 0.000000 0.000000 1.000000
0.999962 -0.007094 0.005040 0.000000 0.007455 0.997114 -0.075547 13.877400 -0.004489 0.075581 0.997130 -4.354200 0.000000 0.000000 0.000000 1.000000</float_array><technique_common><accessor source="#arissa_Neck-Matrix-animation-output-transform-array" count="23" stride="16"><param type="float4x4"/></accessor></technique_common></source><source id="arissa_Neck-Interpolations"><Name_array id="arissa_Neck-Interpolations-array" count="23">
 LINEAR LINEAR LINEAR LINEAR LINEAR LINEAR LINEAR LINEAR LINEAR LINEAR LINEAR
LINEAR LINEAR LINEAR LINEAR LINEAR LINEAR LINEAR LINEAR LINEAR LINEAR LINEAR LINEAR</Name_array><technique_common><accessor source="#arissa_Neck-Interpolations-array" count="23"><param type="name"/></accessor></technique_common></source><sampler id="arissa_Neck-Matrix-animation-transform"><input semantic="INPUT" source="#arissa_Neck-Matrix-animation-input"/><input semantic="OUTPUT" source="#arissa_Neck-Matrix-animation-output-transform"/><input semantic="INTERPOLATION" source="#arissa_Neck-Interpolations"/></sampler><channel source="#arissa_Neck-Matrix-animation-transform" target="arissa_Neck/matrix"/></animation>
    <animation id="arissa_Neck1-anim" name="arissa_Neck1"><source id="arissa_Neck1-Matrix-animation-input"><float_array id="arissa_Neck1-Matrix-animation-input-array" count="23">

0.000000 0.033333 0.066667 0.100000 0.133333 0.166667 0.200000 0.233333 0.266667 0.300000 0.333333 0.366667 0.400000 0.433333 0.466667 0.500000
0.533333 0.566667 0.600000 0.633333 0.666667 0.700000 0.733333</float_array><technique_common><accessor source="#arissa_Neck1-Matrix-animation-input-array" count="23"><param name="TIME" type="float"/></accessor></technique_common></source><source id="arissa_Neck1-Matrix-animation-output-transform"><float_array id="arissa_Neck1-Matrix-animation-output-transform-array" count="368">

0.999962 -0.007094 0.005040 -0.000000 0.007455 0.997114 -0.075547 4.340000 -0.004489 0.075582 0.997129 0.926900 0.000000 0.000000 0.000000 1.000000
0.999964 -0.007013 0.004834 0.000000 0.007368 0.996950 -0.077690 4.340000 -0.004274 0.077722 0.996966 0.926900 0.000000 0.000000 0.000000 1.000000
0.999965 -0.007065 0.004492 0.000000 0.007402 0.996762 -0.080071 4.340000 -0.003912 0.080102 0.996779 0.926900 0.000000 0.000000 0.000000 1.000000
0.999963 -0.007667 0.003839 0.000000 0.007958 0.996558 -0.082520 4.340000 -0.003194 0.082547 0.996582 0.926900 0.000000 0.000000 0.000000 1.000000
0.999955 -0.009071 0.002843 -0.000000 0.009279 0.996380 -0.084499 4.340000 -0.002067 0.084521 0.996420 0.926900 0.000000 0.000000 0.000000 1.000000
0.999938 -0.011000 0.001644 0.000000 0.011100 0.996271 -0.085564 4.340000 -0.000697 0.085577 0.996331 0.926900 0.000000 0.000000 0.000000 1.000000
0.999920 -0.012623 0.000442 0.000000 0.012614 0.996219 -0.085958 4.340000 0.000644 0.085956 0.996299 0.926900 0.000000 0.000000 0.000000 1.000000
0.999915 -0.013023 -0.000553 0.000000 0.012926 0.996179 -0.086369 4.340000 0.001676 0.086355 0.996263 0.926900 0.000000 0.000000 0.000000 1.000000
0.999928 -0.011911 -0.001153 0.000000 0.011765 0.996121 -0.087202 4.340000 0.002187 0.087182 0.996190 0.926900 0.000000 0.000000 0.000000 1.000000
0.999949 -0.010027 -0.001288 0.000000 0.009874 0.996056 -0.088175 4.340000 0.002167 0.088157 0.996104 0.926900 0.000000 0.000000 0.000000 1.000000
0.999961 -0.008802 -0.001145 0.000000 0.008666 0.996023 -0.088673 4.340000 0.001921 0.088659 0.996060 0.926900 0.000000 0.000000 0.000000 1.000000
0.999955 -0.009448 -0.001109 0.000000 0.009313 0.996045 -0.088365 4.340000 0.001939 0.088350 0.996088 0.926900 0.000000 0.000000 0.000000 1.000000
0.999925 -0.012152 -0.001485 0.000000 0.011976 0.996096 -0.087460 4.340000 0.002543 0.087436 0.996167 0.926900 0.000000 0.000000 0.000000 1.000000
0.999869 -0.016033 -0.002271 0.000000 0.015777 0.996132 -0.086444 4.340000 0.003648 0.086397 0.996254 0.926900 0.000000 0.000000 0.000000 1.000000
0.999799 -0.019802 -0.003208 -0.000000 0.019454 0.996130 -0.085706 4.340000 0.004893 0.085627 0.996315 0.926900 0.000000 0.000000 0.000000 1.000000
0.999738 -0.022525 -0.004050 -0.000000 0.022097 0.996103 -0.085386 4.340000 0.005958 0.085275 0.996340 0.926900 0.000000 0.000000 0.000000 1.000000
0.999704 -0.023863 -0.004669 -0.000000 0.023377 0.996070 -0.085426 4.340000 0.006689 0.085291 0.996334 0.926900 0.000000 0.000000 0.000000 1.000000
0.999706 -0.023769 -0.004883 0.000000 0.023265 0.996066 -0.085506 4.340000 0.006896 0.085368 0.996326 0.926900 0.000000 0.000000 0.000000 1.000000
0.999744 -0.022209 -0.004337 -0.000000 0.021759 0.996136 -0.085082 4.340000 0.006210 0.084966 0.996365 0.926900 0.000000 0.000000 0.000000 1.000000
0.999810 -0.019281 -0.002773 0.000000 0.018982 0.996315 -0.083648 4.340000 0.004376 0.083579 0.996492 0.926900 0.000000 0.000000 0.000000 1.000000
0.999881 -0.015427 -0.000374 -0.000000 0.015346 0.996577 -0.081234 4.340000 0.001626 0.081219 0.996695 0.926900 0.000000 0.000000 0.000000 1.000000
0.999934 -0.011226 0.002370 0.000000 0.011377 0.996861 -0.078355 4.340000 -0.001483 0.078377 0.996923 0.926900 0.000000 0.000000 0.000000 1.000000
0.999962 -0.007094 0.005040 0.000000 0.007455 0.997114 -0.075547 4.340000 -0.004489 0.075581 0.997130 0.926900 0.000000 0.000000 0.000000 1.000000</float_array><technique_common><accessor source="#arissa_Neck1-Matrix-animation-output-transform-array" count="23" stride="16"><param type="float4x4"/></accessor></technique_common></source><source id="arissa_Neck1-Interpolations"><Name_array id="arissa_Neck1-Interpolations-array" count="23">
 LINEAR LINEAR LINEAR LINEAR LINEAR LINEAR LINEAR LINEAR LINEAR LINEAR LINEAR
LINEAR LINEAR LINEAR LINEAR LINEAR LINEAR LINEAR LINEAR LINEAR LINEAR LINEAR LINEAR</Name_array><technique_common><accessor source="#arissa_Neck1-Interpolations-array" count="23"><param type="name"/></accessor></technique_common></source><sampler id="arissa_Neck1-Matrix-animation-transform"><input semantic="INPUT" source="#arissa_Neck1-Matrix-animation-input"/><input semantic="OUTPUT" source="#arissa_Neck1-Matrix-animation-output-transform"/><input semantic="INTERPOLATION" source="#arissa_Neck1-Interpolations"/></sampler><channel source="#arissa_Neck1-Matrix-animation-transform" target="arissa_Neck1/matrix"/></animation>
    <animation id="arissa_Head-anim" name="arissa_Head"><source id="arissa_Head-Matrix-animation-input"><float_array id="arissa_Head-Matrix-animation-input-array" count="23">

0.000000 0.033333 0.066667 0.100000 0.133333 0.166667 0.200000 0.233333 0.266667 0.300000 0.333333 0.366667 0.400000 0.433333 0.466667 0.500000
0.533333 0.566667 0.600000 0.633333 0.666667 0.700000 0.733333</float_array><technique_common><accessor source="#arissa_Head-Matrix-animation-input-array" count="23"><param name="TIME" type="float"/></accessor></technique_common></source><source id="arissa_Head-Matrix-animation-output-transform"><float_array id="arissa_Head-Matrix-animation-output-transform-array" count="368">

0.999962 -0.007094 0.005040 0.000000 0.007455 0.997114 -0.075547 4.026600 -0.004489 0.075582 0.997129 0.858500 0.000000 0.000000 0.000000 1.000000
0.999964 -0.007014 0.004834 0.000000 0.007368 0.996950 -0.077690 4.026600 -0.004274 0.077722 0.996966 0.858500 0.000000 0.000000 0.000000 1.000000
0.999965 -0.007065 0.004492 0.000000 0.007402 0.996762 -0.080071 4.026600 -0.003912 0.080101 0.996779 0.858500 0.000000 0.000000 0.000000 1.000000
0.999963 -0.007667 0.003839 0.000000 0.007958 0.996558 -0.082519 4.026600 -0.003194 0.082547 0.996582 0.858500 0.000000 0.000000 0.000000 1.000000
0.999955 -0.009071 0.002843 0.000000 0.009279 0.996381 -0.084494 4.026600 -0.002067 0.084516 0.996420 0.858500 0.000000 0.000000 0.000000 1.000000
0.999938 -0.011000 0.001644 0.000000 0.011100 0.996271 -0.085564 4.026600 -0.000697 0.085577 0.996331 0.858500 0.000000 0.000000 0.000000 1.000000
0.999920 -0.012622 0.000443 0.000000 0.012614 0.996219 -0.085958 4.026600 0.000644 0.085956 0.996299 0.858500 0.000000 0.000000 0.000000 1.000000
0.999915 -0.013023 -0.000553 0.000000 0.012926 0.996179 -0.086370 4.026600 0.001676 0.086355 0.996263 0.858500 0.000000 0.000000 0.000000 1.000000
0.999928 -0.011911 -0.001153 0.000000 0.011765 0.996121 -0.087202 4.026600 0.002187 0.087182 0.996190 0.858500 0.000000 0.000000 0.000000 1.000000
0.999949 -0.010027 -0.001288 0.000000 0.009874 0.996056 -0.088175 4.026600 0.002167 0.088158 0.996104 0.858500 0.000000 0.000000 0.000000 1.000000
0.999961 -0.008803 -0.001145 0.000000 0.008667 0.996023 -0.088670 4.026600 0.001921 0.088656 0.996060 0.858500 0.000000 0.000000 0.000000 1.000000
0.999955 -0.009448 -0.001109 -0.000000 0.009313 0.996045 -0.088365 4.026600 0.001939 0.088350 0.996088 0.858500 0.000000 0.000000 0.000000 1.000000
0.999925 -0.012152 -0.001485 -0.000000 0.011976 0.996096 -0.087460 4.026600 0.002542 0.087436 0.996167 0.858500 0.000000 0.000000 0.000000 1.000000
0.999869 -0.016033 -0.002271 0.000000 0.015777 0.996132 -0.086444 4.026600 0.003648 0.086397 0.996254 0.858500 0.000000 0.000000 0.000000 1.000000
0.999799 -0.019802 -0.003208 0.000000 0.019454 0.996130 -0.085707 4.026600 0.004893 0.085627 0.996315 0.858500 0.000000 0.000000 0.000000 1.000000
0.999738 -0.022525 -0.004050 0.000000 0.022097 0.996102 -0.085392 4.026600 0.005958 0.085280 0.996339 0.858500 0.000000 0.000000 0.000000 1.000000
0.999704 -0.023863 -0.004669 0.000000 0.023377 0.996070 -0.085425 4.026600 0.006689 0.085291 0.996334 0.858500 0.000000 0.000000 0.000000 1.000000
0.999706 -0.023770 -0.004883 0.000000 0.023265 0.996066 -0.085511 4.026600 0.006897 0.085372 0.996325 0.858500 0.000000 0.000000 0.000000 1.000000
0.999744 -0.022208 -0.004337 0.000000 0.021759 0.996136 -0.085082 4.026600 0.006210 0.084966 0.996365 0.858500 0.000000 0.000000 0.000000 1.000000
0.999810 -0.019282 -0.002773 0.000000 0.018982 0.996315 -0.083647 4.026600 0.004376 0.083579 0.996492 0.858500 0.000000 0.000000 0.000000 1.000000
0.999881 -0.015427 -0.000374 0.000000 0.015346 0.996577 -0.081234 4.026600 0.001626 0.081218 0.996695 0.858500 0.000000 0.000000 0.000000 1.000000
0.999934 -0.011226 0.002370 0.000000 0.011377 0.996861 -0.078355 4.026600 -0.001483 0.078377 0.996923 0.858500 0.000000 0.000000 0.000000 1.000000
0.999962 -0.007094 0.005040 0.000000 0.007455 0.997114 -0.075546 4.026600 -0.004489 0.075581 0.997130 0.858500 0.000000 0.000000 0.000000 1.000000</float_array><technique_common><accessor source="#arissa_Head-Matrix-animation-output-transform-array" count="23" stride="16"><param type="float4x4"/></accessor></technique_common></source><source id="arissa_Head-Interpolations"><Name_array id="arissa_Head-Interpolations-array" count="23">
 LINEAR LINEAR LINEAR LINEAR LINEAR LINEAR LINEAR LINEAR LINEAR LINEAR LINEAR
LINEAR LINEAR LINEAR LINEAR LINEAR LINEAR LINEAR LINEAR LINEAR LINEAR LINEAR LINEAR</Name_array><technique_common><accessor source="#arissa_Head-Interpolations-array" count="23"><param type="name"/></accessor></technique_common></source><sampler id="arissa_Head-Matrix-animation-transform"><input semantic="INPUT" source="#arissa_Head-Matrix-animation-input"/><input semantic="OUTPUT" source="#arissa_Head-Matrix-animation-output-transform"/><input semantic="INTERPOLATION" source="#arissa_Head-Interpolations"/></sampler><channel source="#arissa_Head-Matrix-animation-transform" target="arissa_Head/matrix"/></animation>
    <animation id="arissa_LeftShoulder-anim" name="arissa_LeftShoulder"><source id="arissa_LeftShoulder-Matrix-animation-input"><float_array id="arissa_LeftShoulder-Matrix-animation-input-array" count="23">

0.000000 0.033333 0.066667 0.100000 0.133333 0.166667 0.200000 0.233333 0.266667 0.300000 0.333333 0.366667 0.400000 0.433333 0.466667 0.500000
0.533333 0.566667 0.600000 0.633333 0.666667 0.700000 0.733333</float_array><technique_common><accessor source="#arissa_LeftShoulder-Matrix-animation-input-array" count="23"><param name="TIME" type="float"/></accessor></technique_common></source><source id="arissa_LeftShoulder-Matrix-animation-output-transform"><float_array id="arissa_LeftShoulder-Matrix-animation-output-transform-array" count="368">

0.988123 0.026135 -0.151424 6.144200 -0.037966 0.996402 -0.075779 10.187000 0.148898 0.080628 0.985560 -3.793200 0.000000 0.000000 0.000000 1.000000
0.984280 0.017532 -0.175742 6.144200 -0.031886 0.996349 -0.079192 10.187000 0.173712 0.083551 0.981246 -3.793200 0.000000 0.000000 0.000000 1.000000
0.979377 0.008803 -0.201851 6.144200 -0.026087 0.996197 -0.083128 10.187000 0.200352 0.086679 0.975882 -3.793200 0.000000 0.000000 0.000000 1.000000
0.972907 -0.000079 -0.231197 6.144200 -0.020762 0.995930 -0.087709 10.187000 0.230263 0.090132 0.968945 -3.793200 0.000000 0.000000 0.000000 1.000000
0.964842 -0.009288 -0.262667 6.144200 -0.015680 0.995561 -0.092799 10.187000 0.262363 0.093655 0.960414 -3.793200 0.000000 0.000000 0.000000 1.000000
0.955847 -0.018863 -0.293258 6.144200 -0.010452 0.995124 -0.098076 10.187000 0.293678 0.096810 0.950989 -3.793200 0.000000 0.000000 0.000000 1.000000
0.946770 -0.028002 -0.320691 6.144200 -0.005521 0.994650 -0.103151 10.187000 0.321863 0.099431 0.941550 -3.793200 0.000000 0.000000 0.000000 1.000000
0.938299 -0.034628 -0.344088 6.144200 -0.002692 0.994213 -0.107396 10.187000 0.345816 0.101696 0.932775 -3.793200 0.000000 0.000000 0.000000 1.000000
0.931147 -0.036315 -0.362832 6.144200 -0.004070 0.993931 -0.109926 10.187000 0.364622 0.103834 0.925348 -3.793200 0.000000 0.000000 0.000000 1.000000
0.926040 -0.032538 -0.376021 6.144200 -0.009864 0.993850 -0.110292 10.187000 0.377297 0.105844 0.920024 -3.793200 0.000000 0.000000 0.000000 1.000000
0.923341 -0.026225 -0.383085 6.144200 -0.017107 0.993865 -0.109269 10.187000 0.383600 0.107446 0.917227 -3.793200 0.000000 0.000000 0.000000 1.000000
0.922938 -0.022484 -0.384291 6.144200 -0.020991 0.993868 -0.108561 10.187000 0.384375 0.108262 0.916807 -3.793200 0.000000 0.000000 0.000000 1.000000
0.924475 -0.024867 -0.380432 6.144200 -0.018283 0.993831 -0.109390 10.187000 0.380805 0.108084 0.918317 -3.793200 0.000000 0.000000 0.000000 1.000000
0.927437 -0.032429 -0.372570 6.144200 -0.010021 0.993721 -0.111440 10.187000 0.373844 0.107087 0.921289 -3.793200 0.000000 0.000000 0.000000 1.000000
0.931033 -0.040466 -0.362685 6.144200 -0.000965 0.993557 -0.113332 10.187000 0.364934 0.105866 0.924995 -3.793200 0.000000 0.000000 0.000000 1.000000
0.934197 -0.044182 -0.354011 6.144200 0.003766 0.993468 -0.114049 10.187000 0.356737 0.105211 0.928261 -3.793200 0.000000 0.000000 0.000000 1.000000
0.936297 -0.041642 -0.348733 6.144200 0.001929 0.993541 -0.113460 10.187000 0.351205 0.105559 0.930329 -3.793200 0.000000 0.000000 0.000000 1.000000
0.938421 -0.033702 -0.343846 6.144200 -0.005139 0.993759 -0.111427 10.187000 0.345456 0.106333 0.932391 -3.793200 0.000000 0.000000 0.000000 1.000000
0.943502 -0.022212 -0.330621 6.144200 -0.014190 0.994127 -0.107281 10.187000 0.331062 0.105911 0.937646 -3.793200 0.000000 0.000000 0.000000 1.000000
