<?xml version="1.0" encoding="utf-8"?>
<COLLADA xmlns="http://www.collada.org/2005/11/COLLADASchema" version="1.4.1">
  <asset><contributor><author>Mixamo</author><authoring_tool>COLLADA Mixamo exporter</authoring_tool><comments></comments></contributor><created>2018-04-11T19:06:11Z</created><modified>2018-04-11T19:06:11Z</modified><revision></revision><title></title><unit meter="0.010000"/><up_axis>Y_UP</up_axis></asset>
  <library_animations>
    <animation id="arissa_Hips-anim" name="arissa_Hips"><source id="arissa_Hips-Matrix-animation-input"><float_array id="arissa_Hips-Matrix-animation-input-array" count="16">

0.000000 0.033333 0.066667 0.100000 0.133333 0.166667 0.200000 0.233333 0.266667 0.300000 0.333333 0.366667 0.400000 0.433333 0.466667 0.500000</float_array><technique_common><accessor source="#arissa_Hips-Matrix-animation-input-array" count="16"><param name="TIME" type="float"/></accessor></technique_common></source><source id="arissa_Hips-Matrix-animation-output-transform"><float_array id="arissa_Hips-Matrix-animation-output-transform-array" count="256">

0.825328 0.097200 -0.556224 0.106200 -0.127769 0.991670 -0.016290 79.640701 0.550007 0.084513 0.830873 0.021920 0.000000 0.000000 0.000000 1.000000
0.855075 0.085643 -0.511383 -1.266802 -0.083006 0.996155 0.028038 81.483215 0.511818 0.018473 0.858896 15.282292 0.000000 0.000000 0.000000 1.000000
0.863190 0.088253 -0.497106 -2.203442 -0.093217 0.995535 0.014876 84.045853 0.496199 0.033498 0.867562 30.820910 0.000000 0.000000 0.000000 1.000000
0.846603 0.117321 -0.519134 -2.473847 -0.129413 0.991505 0.013028 87.208694 0.516252 0.056153 0.854594 46.318821 0.000000 0.000000 0.000000 1.000000
0.809771 0.162531 -0.563786 -1.888755 -0.182343 0.983000 0.021483 88.626152 0.557693 0.085406 0.825642 61.801777 0.000000 0.000000 0.000000 1.000000
0.775403 0.193874 -0.600968 -0.249212 -0.217475 0.975470 0.034092 86.923355 0.592836 0.104260 0.798546 76.999207 0.000000 0.000000 0.000000 1.000000
0.751804 0.209448 -0.625238 1.493516 -0.221911 0.973268 0.059202 83.520172 0.620924 0.094239 0.778185 92.436501 0.000000 0.000000 0.000000 1.000000
0.734289 0.219213 -0.642468 3.185238 -0.211182 0.973229 0.090707 80.670219 0.645152 0.069073 0.760925 107.754402 0.000000 0.000000 0.000000 1.000000
0.724181 0.214822 -0.655296 4.637277 -0.203367 0.974510 0.094723 80.389862 0.658941 0.064669 0.749410 123.063278 0.000000 0.000000 0.000000 1.000000
0.724203 0.186032 -0.664020 5.651643 -0.207447 0.977093 0.047493 82.671593 0.657644 0.103355 0.746205 138.590027 0.000000 0.000000 0.000000 1.000000
0.732188 0.143387 -0.665839 6.063629 -0.211967 0.977013 -0.022690 85.983665 0.647280 0.157749 0.745750 154.229126 0.000000 0.000000 0.000000 1.000000
0.750671 0.107081 -0.651941 5.683632 -0.196774 0.978232 -0.065899 88.310013 0.630693 0.177753 0.755401 169.679688 0.000000 0.000000 0.000000 1.000000
0.783956 0.084000 -0.615108 4.717734 -0.156941 0.985437 -0.065449 88.309395 0.600652 0.147845 0.785722 184.663971 0.000000 0.000000 0.000000 1.000000
0.819547 0.078714 -0.567580 3.321024 -0.107227 0.994090 -0.016965 84.618355 0.562891 0.074764 0.823143 199.550751 0.000000 0.000000 0.000000 1.000000
0.832683 0.081832 -0.547669 1.752772 -0.096266 0.995353 0.002361 81.450798 0.545317 0.050756 0.836692 214.889465 0.000000 0.000000 0.000000 1.000000
0.825328 0.097201 -0.556224 0.106215 -0.127769 0.991670 -0.016290 79.640709 0.550007 0.084513 0.830873 230.394821 0.000000 0.000000 0.000000 1.000000</float_array><technique_common><accessor source="#arissa_Hips-Matrix-animation-output-transform-array" count="16" stride="16"><param type="float4x4"/></accessor></technique_common></source><source id="arissa_Hips-Interpolations"><Name_array id="arissa_Hips-Interpolations-array" count="16">
 LINEAR LINEAR LINEAR LINEAR LINEAR LINEAR LINEAR LINEAR LINEAR LINEAR LINEAR
LINEAR LINEAR LINEAR LINEAR LINEAR</Name_array><technique_common><accessor source="#arissa_Hips-Interpolations-array" count="16"><param type="name"/></accessor></technique_common></source><sampler id="arissa_Hips-Matrix-animation-transform"><input semantic="INPUT" source="#arissa_Hips-Matrix-animation-input"/><input semantic="OUTPUT" source="#arissa_Hips-Matrix-animation-output-transform"/><input semantic="INTERPOLATION" source="#arissa_Hips-Interpolations"/></sampler><channel source="#arissa_Hips-Matrix-animation-transform" target="arissa_Hips/matrix"/></animation>
    <animation id="arissa_Spine-anim" name="arissa_Spine"><source id="arissa_Spine-Matrix-animation-input"><float_array id="arissa_Spine-Matrix-animation-input-array" count="16">

0.000000 0.033333 0.066667 0.100000 0.133333 0.166667 0.200000 0.233333 0.266667 0.300000 0.333333 0.366667 0.400000 0.433333 0.466667 0.500000</float_array><technique_common><accessor source="#arissa_Spine-Matrix-animation-input-array" count="16"><param name="TIME" type="float"/></accessor></technique_common></source><source id="arissa_Spine-Matrix-animation-output-transform"><float_array id="arissa_Spine-Matrix-animation-output-transform-array" count="256">

0.999443 -0.019550 -0.027039 0.000000 0.014094 0.981878 -0.188987 9.226300 0.030243 0.188501 0.981607 1.577100 0.000000 0.000000 0.000000 1.000000
0.998849 0.041233 -0.024517 0.000000 -0.045474 0.976591 -0.210241 9.226300 0.015274 0.211114 0.977342 1.577100 0.000000 0.000000 0.000000 1.000000
0.997447 0.070531 -0.011148 0.000000 -0.071249 0.972671 -0.220985 9.226300 -0.004743 0.221215 0.975214 1.577100 0.000000 0.000000 0.000000 1.000000
0.997600 0.069199 -0.002417 0.000000 -0.067982 0.972249 -0.223851 9.226300 -0.013140 0.223478 0.974620 1.577100 0.000000 0.000000 0.000000 1.000000
0.998626 0.052391 -0.000571 0.000000 -0.051166 0.972805 -0.225906 9.226300 -0.011280 0.225625 0.974149 1.577100 0.000000 0.000000 0.000000 1.000000
0.998952 0.045742 0.001762 0.000000 -0.043996 0.970033 -0.238958 9.226300 -0.012640 0.238630 0.971028 1.577100 0.000000 0.000000 0.000000 1.000000
0.999170 0.040513 0.004163 -0.000000 -0.037930 0.962910 -0.267145 9.226300 -0.014832 0.266765 0.963647 1.577100 0.000000 0.000000 0.000000 1.000000
0.999716 0.023841 0.000328 -0.000000 -0.022654 0.954081 -0.298690 9.226300 -0.007434 0.298597 0.954350 1.577100 0.000000 0.000000 0.000000 1.000000
0.999866 -0.013928 -0.008559 -0.000000 0.010594 0.950820 -0.309562 9.226300 0.012450 0.309430 0.950841 1.577100 0.000000 0.000000 0.000000 1.000000
0.997697 -0.064724 -0.020307 0.000000 0.056346 0.957403 -0.283205 9.226300 0.037772 0.281409 0.958844 1.577100 0.000000 0.000000 0.000000 1.000000
0.994077 -0.102289 -0.036714 0.000000 0.091120 0.968583 -0.231394 9.226300 0.059229 0.226679 0.972167 1.577100 0.000000 0.000000 0.000000 1.000000
0.992677 -0.108801 -0.052480 0.000000 0.097246 0.977512 -0.187117 9.226300 0.071658 0.180644 0.980935 1.577100 0.000000 0.000000 0.000000 1.000000
0.994155 -0.092527 -0.055635 0.000000 0.081439 0.980978 -0.176211 9.226300 0.070881 0.170650 0.982779 1.577100 0.000000 0.000000 0.000000 1.000000
0.996855 -0.064823 -0.045576 0.000000 0.054930 0.979824 -0.192164 9.226300 0.057113 0.189056 0.980304 1.577100 0.000000 0.000000 0.000000 1.000000
0.998602 -0.040532 -0.033917 0.000000 0.032866 0.978822 -0.202057 9.226300 0.041388 0.200660 0.978786 1.577100 0.000000 0.000000 0.000000 1.000000
0.999443 -0.019546 -0.027060 0.000000 0.014084 0.981864 -0.189061 9.226300 0.030264 0.188575 0.981592 1.577100 0.000000 0.000000 0.000000 1.000000</float_array><technique_common><accessor source="#arissa_Spine-Matrix-animation-output-transform-array" count="16" stride="16"><param type="float4x4"/></accessor></technique_common></source><source id="arissa_Spine-Interpolations"><Name_array id="arissa_Spine-Interpolations-array" count="16">
 LINEAR LINEAR LINEAR LINEAR LINEAR LINEAR LINEAR LINEAR LINEAR LINEAR LINEAR
LINEAR LINEAR LINEAR LINEAR LINEAR</Name_array><technique_common><accessor source="#arissa_Spine-Interpolations-array" count="16"><param type="name"/></accessor></technique_common></source><sampler id="arissa_Spine-Matrix-animation-transform"><input semantic="INPUT" source="#arissa_Spine-Matrix-animation-input"/><input semantic="OUTPUT" source="#arissa_Spine-Matrix-animation-output-transform"/><input semantic="INTERPOLATION" source="#arissa_Spine-Interpolations"/></sampler><channel source="#arissa_Spine-Matrix-animation-transform" target="arissa_Spine/matrix"/></animation>
    <animation id="arissa_Spine1-anim" name="arissa_Spine1"><source id="arissa_Spine1-Matrix-animation-input"><float_array id="arissa_Spine1-Matrix-animation-input-array" count="16">

0.000000 0.033333 0.066667 0.100000 0.133333 0.166667 0.200000 0.233333 0.266667 0.300000 0.333333 0.366667 0.400000 0.433333 0.466667 0.500000</float_array><technique_common><accessor source="#arissa_Spine1-Matrix-animation-input-array" count="16"><param name="TIME" type="float"/></accessor></technique_common></source><source id="arissa_Spine1-Matrix-animation-output-transform"><float_array id="arissa_Spine1-Matrix-animation-output-transform-array" count="256">

0.993443 -0.113958 -0.009192 0.000000 0.108107 0.962507 -0.248783 16.254000 0.037198 0.246158 0.968516 -0.165600 0.000000 0.000000 0.000000 1.000000
0.992617 -0.121281 -0.001780 0.000000 0.117197 0.962767 -0.243608 16.254000 0.031259 0.241600 0.969872 -0.165600 0.000000 0.000000 0.000000 1.000000
0.992708 -0.119496 0.015832 -0.000000 0.119715 0.962031 -0.245286 16.254000 0.014079 0.245393 0.969321 -0.165600 0.000000 0.000000 0.000000 1.000000
0.993256 -0.114221 0.019923 0.000000 0.115544 0.960820 -0.251942 16.254000 0.009635 0.252545 0.967537 -0.165600 0.000000 0.000000 0.000000 1.000000
0.993672 -0.111941 0.009282 0.000000 0.110541 0.959876 -0.257720 16.254000 0.019940 0.257115 0.966175 -0.165600 0.000000 0.000000 0.000000 1.000000
0.993312 -0.115418 0.002997 -0.000000 0.112209 0.958927 -0.260515 16.254000 0.027194 0.259110 0.965465 -0.165600 0.000000 0.000000 0.000000 1.000000
0.992700 -0.120607 -0.000042 0.000000 0.116323 0.957528 -0.263836 16.254000 0.031861 0.261905 0.964567 -0.165600 0.000000 0.000000 0.000000 1.000000
0.992508 -0.121360 -0.014130 0.000000 0.113230 0.957079 -0.266795 16.254000 0.045901 0.263196 0.963650 -0.165600 0.000000 0.000000 0.000000 1.000000
0.992238 -0.117890 -0.039568 0.000000 0.103511 0.959344 -0.262572 16.254000 0.068914 0.256438 0.964101 -0.165600 0.000000 0.000000 0.000000 1.000000
0.990714 -0.118645 -0.066402 -0.000000 0.098350 0.962579 -0.252524 16.254000 0.093878 0.243649 0.965309 -0.165600 0.000000 0.000000 0.000000 1.000000
0.987443 -0.130534 -0.088974 -0.000000 0.105117 0.963360 -0.246757 16.254000 0.117924 0.234306 0.964984 -0.165600 0.000000 0.000000 0.000000 1.000000
0.984584 -0.142408 -0.101561 0.000000 0.112649 0.960449 -0.254651 16.254000 0.133809 0.239284 0.961685 -0.165600 0.000000 0.000000 0.000000 1.000000
0.986089 -0.137844 -0.092883 0.000000 0.109000 0.958139 -0.264744 16.254000 0.125488 0.250937 0.959835 -0.165600 0.000000 0.000000 0.000000 1.000000
0.990677 -0.120367 -0.063797 0.000000 0.099759 0.959909 -0.261960 16.254000 0.092771 0.253153 0.962968 -0.165600 0.000000 0.000000 0.000000 1.000000
0.993576 -0.108099 -0.033490 0.000000 0.096212 0.962685 -0.252944 16.254000 0.059583 0.248096 0.966901 -0.165600 0.000000 0.000000 0.000000 1.000000
0.993442 -0.113962 -0.009231 0.000000 0.108105 0.962529 -0.248699 16.254000 0.037227 0.246070 0.968537 -0.165600 0.000000 0.000000 0.000000 1.000000</float_array><technique_common><accessor source="#arissa_Spine1-Matrix-animation-output-transform-array" count="16" stride="16"><param type="float4x4"/></accessor></technique_common></source><source id="arissa_Spine1-Interpolations"><Name_array id="arissa_Spine1-Interpolations-array" count="16">
 LINEAR LINEAR LINEAR LINEAR LINEAR LINEAR LINEAR LINEAR LINEAR LINEAR LINEAR
LINEAR LINEAR LINEAR LINEAR LINEAR</Name_array><technique_common><accessor source="#arissa_Spine1-Interpolations-array" count="16"><param type="name"/></accessor></technique_common></source><sampler id="arissa_Spine1-Matrix-animation-transform"><input semantic="INPUT" source="#arissa_Spine1-Matrix-animation-input"/><input semantic="OUTPUT" source="#arissa_Spine1-Matrix-animation-output-transform"/><input semantic="INTERPOLATION" source="#arissa_Spine1-Interpolations"/></sampler><channel source="#arissa_Spine1-Matrix-animation-transform" target="arissa_Spine1/matrix"/></animation>
    <animation id="arissa_Spine2-anim" name="arissa_Spine2"><source id="arissa_Spine2-Matrix-animation-input"><float_array id="arissa_Spine2-Matrix-animation-input-array" count="16">

0.000000 0.033333 0.066667 0.100000 0.133333 0.166667 0.200000 0.233333 0.266667 0.300000 0.333333 0.366667 0.400000 0.433333 0.466667 0.500000</float_array><technique_common><accessor source="#arissa_Spine2-Matrix-animation-input-array" count="16"><param name="TIME" type="float"/></accessor></technique_common></source><source id="arissa_Spine2-Matrix-animation-output-transform"><float_array id="arissa_Spine2-Matrix-animation-output-transform-array" count="256">

0.994864 -0.100469 0.012300 0.000000 0.100350 0.963132 -0.249615 13.639600 0.013232 0.249567 0.968267 -1.292300 0.000000 0.000000 0.000000 1.000000
0.994556 -0.101579 0.023228 0.000000 0.104167 0.963506 -0.246589 13.639600 0.002668 0.247666 0.968842 -1.292300 0.000000 0.000000 0.000000 1.000000
0.994023 -0.100636 0.042321 0.000000 0.108013 0.962900 -0.247299 13.639600 -0.015864 0.250392 0.968015 -1.292300 0.000000 0.000000 0.000000 1.000000
0.993651 -0.102731 0.045868 0.000000 0.111002 0.961621 -0.250924 13.639600 -0.018330 0.254422 0.966919 -1.292300 0.000000 0.000000 0.000000 1.000000
0.993164 -0.111510 0.034522 0.000000 0.116624 0.960534 -0.252533 13.639600 -0.004999 0.254832 0.966972 -1.292300 0.000000 0.000000 0.000000 1.000000
0.991864 -0.124040 0.028634 0.000000 0.127248 0.959505 -0.251314 13.639600 0.003699 0.252913 0.967482 -1.292300 0.000000 0.000000 0.000000 1.000000
0.990478 -0.135181 0.026070 0.000000 0.137375 0.958012 -0.251676 13.639600 0.009046 0.252861 0.967460 -1.292300 0.000000 0.000000 0.000000 1.000000
0.990021 -0.140486 0.011057 0.000000 0.138689 0.957431 -0.253163 13.639600 0.024980 0.252171 0.967360 -1.292300 0.000000 0.000000 0.000000 1.000000
0.989982 -0.140243 -0.016332 0.000000 0.131820 0.959513 -0.248916 13.639600 0.050580 0.244269 0.968387 -1.292300 0.000000 0.000000 0.000000 1.000000
0.988886 -0.141719 -0.044940 0.000000 0.127093 0.962644 -0.239090 13.639600 0.077145 0.230721 0.969957 -1.292300 0.000000 0.000000 0.000000 1.000000
0.986159 -0.151130 -0.068195 0.000000 0.131541 0.963517 -0.233091 13.639600 0.100934 0.220895 0.970061 -1.292300 0.000000 0.000000 0.000000 1.000000
0.984153 -0.157539 -0.081386 0.000000 0.133856 0.961073 -0.241706 13.639600 0.116296 0.226981 0.966930 -1.292300 0.000000 0.000000 0.000000 1.000000
0.986741 -0.144673 -0.073562 0.000000 0.121589 0.959159 -0.255401 13.639600 0.107508 0.243070 0.964033 -1.292300 0.000000 0.000000 0.000000 1.000000
0.992072 -0.117428 -0.044760 0.000000 0.102125 0.960898 -0.257382 13.639600 0.073233 0.250770 0.965273 -1.292300 0.000000 0.000000 0.000000 1.000000
0.995056 -0.098348 -0.013826 0.000000 0.091730 0.963475 -0.251598 13.639600 0.038065 0.249086 0.967733 -1.292300 0.000000 0.000000 0.000000 1.000000
0.994863 -0.100481 0.012260 0.000000 0.100353 0.963153 -0.249531 13.639600 0.013265 0.249480 0.968289 -1.292300 0.000000 0.000000 0.000000 1.000000</float_array><technique_common><accessor source="#arissa_Spine2-Matrix-animation-output-transform-array" count="16" stride="16"><param type="float4x4"/></accessor></technique_common></source><source id="arissa_Spine2-Interpolations"><Name_array id="arissa_Spine2-Interpolations-array" count="16">
 LINEAR LINEAR LINEAR LINEAR LINEAR LINEAR LINEAR LINEAR LINEAR LINEAR LINEAR
LINEAR LINEAR LINEAR LINEAR LINEAR</Name_array><technique_common><accessor source="#arissa_Spine2-Interpolations-array" count="16"><param type="name"/></accessor></technique_common></source><sampler id="arissa_Spine2-Matrix-animation-transform"><input semantic="INPUT" source="#arissa_Spine2-Matrix-animation-input"/><input semantic="OUTPUT" source="#arissa_Spine2-Matrix-animation-output-transform"/><input semantic="INTERPOLATION" source="#arissa_Spine2-Interpolations"/></sampler><channel source="#arissa_Spine2-Matrix-animation-transform" target="arissa_Spine2/matrix"/></animation>
    <animation id="arissa_Neck-anim" name="arissa_Neck"><source id="arissa_Neck-Matrix-animation-input"><float_array id="arissa_Neck-Matrix-animation-input-array" count="16">

0.000000 0.033333 0.066667 0.100000 0.133333 0.166667 0.200000 0.233333 0.266667 0.300000 0.333333 0.366667 0.400000 0.433333 0.466667 0.500000</float_array><technique_common><accessor source="#arissa_Neck-Matrix-animation-input-array" count="16"><param name="TIME" type="float"/></accessor></technique_common></source><source id="arissa_Neck-Matrix-animation-output-transform"><float_array id="arissa_Neck-Matrix-animation-output-transform-array" count="256">

0.999292 0.018833 0.032568 -0.000000 -0.021464 0.996369 0.082394 13.877400 -0.030898 -0.083034 0.996068 -4.354200 0.000000 0.000000 0.000000 1.000000
0.999465 0.017899 0.027356 0.000000 -0.019957 0.996836 0.076941 13.877400 -0.025893 -0.077446 0.996660 -4.354200 0.000000 0.000000 0.000000 1.000000
0.999588 0.015212 0.024331 -0.000000 -0.017033 0.996923 0.076514 13.877400 -0.023092 -0.076896 0.996772 -4.354200 0.000000 0.000000 0.000000 1.000000
0.999556 0.013628 0.026486 -0.000000 -0.015640 0.996882 0.077335 13.877400 -0.025350 -0.077715 0.996653 -4.354200 0.000000 0.000000 0.000000 1.000000
0.999369 0.012172 0.033359 -0.000000 -0.014790 0.996734 0.079387 13.877400 -0.032283 -0.079831 0.996286 -4.354200 0.000000 0.000000 0.000000 1.000000
0.999186 0.011182 0.038768 0.000000 -0.014338 0.996520 0.082107 13.877400 -0.037715 -0.082596 0.995869 -4.354200 0.000000 0.000000 0.000000 1.000000
0.999055 0.012433 0.041638 0.000000 -0.015897 0.996346 0.083914 13.877400 -0.040443 -0.084497 0.995603 -4.354200 0.000000 0.000000 0.000000 1.000000
0.998861 0.016388 0.044810 0.000000 -0.020040 0.996405 0.082310 13.877400 -0.043300 -0.083115 0.995599 -4.354200 0.000000 0.000000 0.000000 1.000000
0.998565 0.022370 0.048654 0.000000 -0.026127 0.996609 0.078019 13.877400 -0.046744 -0.079178 0.995764 -4.354200 0.000000 0.000000 0.000000 1.000000
0.998263 0.026603 0.052574 0.000000 -0.030598 0.996584 0.076706 13.877400 -0.050354 -0.078181 0.995667 -4.354200 0.000000 0.000000 0.000000 1.000000
0.997985 0.030009 0.055908 0.000000 -0.034294 0.996414 0.077347 13.877400 -0.053386 -0.079109 0.995435 -4.354200 0.000000 0.000000 0.000000 1.000000
0.997886 0.031697 0.056741 0.000000 -0.036166 0.996174 0.079561 13.877400 -0.054002 -0.081445 0.995214 -4.354200 0.000000 0.000000 0.000000 1.000000
0.998210 0.029706 0.051908 0.000000 -0.033974 0.995940 0.083362 13.877400 -0.049220 -0.084976 0.995167 -4.354200 0.000000 0.000000 0.000000 1.000000
0.998804 0.025612 0.041646 -0.000000 -0.029042 0.996045 0.083964 13.877400 -0.039331 -0.085073 0.995598 -4.354200 0.000000 0.000000 0.000000 1.000000
0.999172 0.021505 0.034541 0.000000 -0.024319 0.996233 0.083237 13.877400 -0.032620 -0.084008 0.995931 -4.354200 0.000000 0.000000 0.000000 1.000000
0.999292 0.018838 0.032568 0.000000 -0.021468 0.996369 0.082388 13.877400 -0.030897 -0.083029 0.996068 -4.354200 0.000000 0.000000 0.000000 1.000000</float_array><technique_common><accessor source="#arissa_Neck-Matrix-animation-output-transform-array" count="16" stride="16"><param type="float4x4"/></accessor></technique_common></source><source id="arissa_Neck-Interpolations"><Name_array id="arissa_Neck-Interpolations-array" count="16">
 LINEAR LINEAR LINEAR LINEAR LINEAR LINEAR LINEAR LINEAR LINEAR LINEAR LINEAR
LINEAR LINEAR LINEAR LINEAR LINEAR</Name_array><technique_common><accessor source="#arissa_Neck-Interpolations-array" count="16"><param type="name"/></accessor></technique_common></source><sampler id="arissa_Neck-Matrix-animation-transform"><input semantic="INPUT" source="#arissa_Neck-Matrix-animation-input"/><input semantic="OUTPUT" source="#arissa_Neck-Matrix-animation-output-transform"/><input semantic="INTERPOLATION" source="#arissa_Neck-Interpolations"/></sampler><channel source="#arissa_Neck-Matrix-animation-transform" target="arissa_Neck/matrix"/></animation>
    <animation id="arissa_Neck1-anim" name="arissa_Neck1"><source id="arissa_Neck1-Matrix-animation-input"><float_array id="arissa_Neck1-Matrix-animation-input-array" count="16">

0.000000 0.033333 0.066667 0.100000 0.133333 0.166667 0.200000 0.233333 0.266667 0.300000 0.333333 0.366667 0.400000 0.433333 0.466667 0.500000</float_array><technique_common><accessor source="#arissa_Neck1-Matrix-animation-input-array" count="16"><param name="TIME" type="float"/></accessor></technique_common></source><source id="arissa_Neck1-Matrix-animation-output-transform"><float_array id="arissa_Neck1-Matrix-animation-output-transform-array" count="256">

0.999292 0.018834 0.032568 0.000000 -0.021464 0.996369 0.082394 4.340000 -0.030898 -0.083034 0.996068 0.926900 0.000000 0.000000 0.000000 1.000000
0.999465 0.017899 0.027357 0.000000 -0.019958 0.996836 0.076941 4.340000 -0.025893 -0.077446 0.996660 0.926900 0.000000 0.000000 0.000000 1.000000
0.999588 0.015211 0.024331 -0.000000 -0.017033 0.996923 0.076511 4.340000 -0.023092 -0.076894 0.996772 0.926900 0.000000 0.000000 0.000000 1.000000
0.999556 0.013628 0.026487 0.000000 -0.015640 0.996882 0.077335 4.340000 -0.025350 -0.077715 0.996653 0.926900 0.000000 0.000000 0.000000 1.000000
0.999369 0.012172 0.033358 -0.000000 -0.014790 0.996734 0.079388 4.340000 -0.032283 -0.079831 0.996286 0.926900 0.000000 0.000000 0.000000 1.000000
0.999186 0.011182 0.038768 0.000000 -0.014338 0.996520 0.082107 4.340000 -0.037715 -0.082596 0.995869 0.926900 0.000000 0.000000 0.000000 1.000000
0.999055 0.012433 0.041638 0.000000 -0.015897 0.996346 0.083914 4.340000 -0.040443 -0.084497 0.995603 0.926900 0.000000 0.000000 0.000000 1.000000
0.998861 0.016388 0.044810 0.000000 -0.020040 0.996405 0.082311 4.340000 -0.043300 -0.083115 0.995599 0.926900 0.000000 0.000000 0.000000 1.000000
0.998565 0.022370 0.048654 0.000000 -0.026128 0.996609 0.078019 4.340000 -0.046744 -0.079178 0.995764 0.926900 0.000000 0.000000 0.000000 1.000000
0.998263 0.026603 0.052574 0.000000 -0.030598 0.996584 0.076706 4.340000 -0.050354 -0.078181 0.995667 0.926900 0.000000 0.000000 0.000000 1.000000
0.997985 0.030009 0.055908 0.000000 -0.034294 0.996414 0.077347 4.340000 -0.053386 -0.079109 0.995435 0.926900 0.000000 0.000000 0.000000 1.000000
0.997886 0.031697 0.056741 0.000000 -0.036167 0.996174 0.079561 4.340000 -0.054002 -0.081445 0.995214 0.926900 0.000000 0.000000 0.000000 1.000000
0.998210 0.029707 0.051908 0.000000 -0.033974 0.995940 0.083364 4.340000 -0.049220 -0.084978 0.995166 0.926900 0.000000 0.000000 0.000000 1.000000
0.998804 0.025613 0.041647 0.000000 -0.029043 0.996045 0.083965 4.340000 -0.039332 -0.085074 0.995598 0.926900 0.000000 0.000000 0.000000 1.000000
0.999172 0.021505 0.034540 0.000000 -0.024319 0.996233 0.083237 4.340000 -0.032620 -0.084008 0.995931 0.926900 0.000000 0.000000 0.000000 1.000000
0.999292 0.018838 0.032568 -0.000000 -0.021468 0.996369 0.082388 4.340000 -0.030898 -0.083029 0.996068 0.926900 0.000000 0.000000 0.000000 1.000000</float_array><technique_common><accessor source="#arissa_Neck1-Matrix-animation-output-transform-array" count="16" stride="16"><param type="float4x4"/></accessor></technique_common></source><source id="arissa_Neck1-Interpolations"><Name_array id="arissa_Neck1-Interpolations-array" count="16">
 LINEAR LINEAR LINEAR LINEAR LINEAR LINEAR LINEAR LINEAR LINEAR LINEAR LINEAR
LINEAR LINEAR LINEAR LINEAR LINEAR</Name_array><technique_common><accessor source="#arissa_Neck1-Interpolations-array" count="16"><param type="name"/></accessor></technique_common></source><sampler id="arissa_Neck1-Matrix-animation-transform"><input semantic="INPUT" source="#arissa_Neck1-Matrix-animation-input"/><input semantic="OUTPUT" source="#arissa_Neck1-Matrix-animation-output-transform"/><input semantic="INTERPOLATION" source="#arissa_Neck1-Interpolations"/></sampler><channel source="#arissa_Neck1-Matrix-animation-transform" target="arissa_Neck1/matrix"/></animation>
    <animation id="arissa_Head-anim" name="arissa_Head"><source id="arissa_Head-Matrix-animation-input"><float_array id="arissa_Head-Matrix-animation-input-array" count="16">

0.000000 0.033333 0.066667 0.100000 0.133333 0.166667 0.200000 0.233333 0.266667 0.300000 0.333333 0.366667 0.400000 0.433333 0.466667 0.500000</float_array><technique_common><accessor source="#arissa_Head-Matrix-animation-input-array" count="16"><param name="TIME" type="float"/></accessor></technique_common></source><source id="arissa_Head-Matrix-animation-output-transform"><float_array id="arissa_Head-Matrix-animation-output-transform-array" count="256">

0.999292 0.018834 0.032568 0.000000 -0.021464 0.996369 0.082393 4.026600 -0.030898 -0.083034 0.996068 0.858500 0.000000 0.000000 0.000000 1.000000
0.999465 0.017898 0.027356 0.000000 -0.019957 0.996836 0.076941 4.026600 -0.025893 -0.077446 0.996660 0.858500 0.000000 0.000000 0.000000 1.000000
0.999588 0.015212 0.024331 0.000000 -0.017034 0.996923 0.076517 4.026600 -0.023092 -0.076900 0.996771 0.858500 0.000000 0.000000 0.000000 1.000000
0.999556 0.013627 0.026486 -0.000000 -0.015640 0.996882 0.077335 4.026600 -0.025350 -0.077715 0.996653 0.858500 0.000000 0.000000 0.000000 1.000000
0.999369 0.012172 0.033358 -0.000000 -0.014790 0.996734 0.079387 4.026600 -0.032283 -0.079831 0.996286 0.858500 0.000000 0.000000 0.000000 1.000000
0.999186 0.011182 0.038768 0.000000 -0.014337 0.996520 0.082107 4.026600 -0.037715 -0.082596 0.995869 0.858500 0.000000 0.000000 0.000000 1.000000
0.999055 0.012433 0.041638 0.000000 -0.015896 0.996346 0.083913 4.026600 -0.040443 -0.084496 0.995603 0.858500 0.000000 0.000000 0.000000 1.000000
0.998861 0.016387 0.044810 0.000000 -0.020039 0.996405 0.082310 4.026600 -0.043300 -0.083114 0.995599 0.858500 0.000000 0.000000 0.000000 1.000000
0.998565 0.022370 0.048654 -0.000000 -0.026127 0.996609 0.078019 4.026600 -0.046744 -0.079178 0.995764 0.858500 0.000000 0.000000 0.000000 1.000000
0.998263 0.026603 0.052574 0.000000 -0.030598 0.996584 0.076706 4.026600 -0.050354 -0.078181 0.995667 0.858500 0.000000 0.000000 0.000000 1.000000
0.997985 0.030009 0.055908 -0.000000 -0.034294 0.996414 0.077347 4.026600 -0.053386 -0.079109 0.995435 0.858500 0.000000 0.000000 0.000000 1.000000
0.997886 0.031697 0.056741 0.000000 -0.036166 0.996174 0.079560 4.026600 -0.054002 -0.081444 0.995214 0.858500 0.000000 0.000000 0.000000 1.000000
0.998210 0.029706 0.051907 0.000000 -0.033973 0.995940 0.083359 4.026600 -0.049220 -0.084973 0.995167 0.858500 0.000000 0.000000 0.000000 1.000000
0.998804 0.025612 0.041647 0.000000 -0.029042 0.996046 0.083963 4.026600 -0.039332 -0.085072 0.995598 0.858500 0.000000 0.000000 0.000000 1.000000
0.999172 0.021505 0.034540 0.000000 -0.024319 0.996233 0.083237 4.026600 -0.032620 -0.084008 0.995931 0.858500 0.000000 0.000000 0.000000 1.000000
0.999292 0.018838 0.032568 0.000000 -0.021468 0.996369 0.082389 4.026600 -0.030897 -0.083029 0.996068 0.858500 0.000000 0.000000 0.000000 1.000000</float_array><technique_common><accessor source="#arissa_Head-Matrix-animation-output-transform-array" count="16" stride="16"><param type="float4x4"/></accessor></technique_common></source><source id="arissa_Head-Interpolations"><Name_array id="arissa_Head-Interpolations-array" count="16">
 LINEAR LINEAR LINEAR LINEAR LINEAR LINEAR LINEAR LINEAR LINEAR LINEAR LINEAR
LINEAR LINEAR LINEAR LINEAR LINEAR</Name_array><technique_common><accessor source="#arissa_Head-Interpolations-array" count="16"><param type="name"/></accessor></technique_common></source><sampler id="arissa_Head-Matrix-animation-transform"><input semantic="INPUT" source="#arissa_Head-Matrix-animation-input"/><input semantic="OUTPUT" source="#arissa_Head-Matrix-animation-output-transform"/><input semantic="INTERPOLATION" source="#arissa_Head-Interpolations"/></sampler><channel source="#arissa_Head-Matrix-animation-transform" target="arissa_Head/matrix"/></animation>
    <animation id="arissa_LeftShoulder-anim" name="arissa_LeftShoulder"><source id="arissa_LeftShoulder-Matrix-animation-input"><float_array id="arissa_LeftShoulder-Matrix-animation-input-array" count="16">

0.000000 0.033333 0.066667 0.100000 0.133333 0.166667 0.200000 0.233333 0.266667 0.300000 0.333333 0.366667 0.400000 0.433333 0.466667 0.500000</float_array><technique_common><accessor source="#arissa_LeftShoulder-Matrix-animation-input-array" count="16"><param name="TIME" type="float"/></accessor></technique_common></source><source id="arissa_LeftShoulder-Matrix-animation-output-transform"><float_array id="arissa_LeftShoulder-Matrix-animation-output-transform-array" count="256">

0.973070 -0.009034 -0.230332 6.144200 -0.018076 0.993164 -0.115317 10.187000 0.229800 0.116375 0.966255 -3.793200 0.000000 0.000000 0.000000 1.000000
0.926575 -0.025092 -0.375272 6.144200 -0.013507 0.994908 -0.099873 10.187000 0.375867 0.097609 0.921519 -3.793200 0.000000 0.000000 0.000000 1.000000
0.901343 -0.030747 -0.432013 6.144200 -0.011118 0.995506 -0.094047 10.187000 0.432963 0.089571 0.896950 -3.793200 0.000000 0.000000 0.000000 1.000000
0.896925 -0.031179 -0.441083 6.144200 -0.010478 0.995732 -0.091691 10.187000 0.442059 0.086862 0.892770 -3.793200 0.000000 0.000000 0.000000 1.000000
0.891200 -0.032269 -0.452461 6.144200 -0.009956 0.995835 -0.090631 10.187000 0.453501 0.085275 0.887167 -3.793200 0.000000 0.000000 0.000000 1.000000
0.918556 -0.020016 -0.394784 6.144200 -0.008449 0.997495 -0.070232 10.187000 0.395201 0.067847 0.916086 -3.793200 0.000000 0.000000 0.000000 1.000000
0.945421 -0.009120 -0.325724 6.144200 -0.006230 0.998920 -0.046053 10.187000 0.325792 0.045569 0.944343 -3.793200 0.000000 0.000000 0.000000 1.000000
0.967363 -0.001964 -0.253387 6.144200 -0.003487 0.999772 -0.021059 10.187000 0.253371 0.021256 0.967136 -3.793200 0.000000 0.000000 0.000000 1.000000
0.983844 0.000670 -0.179026 6.144200 -0.001731 0.999982 -0.005772 10.187000 0.179018 0.005989 0.983827 -3.793200 0.000000 0.000000 0.000000 1.000000
0.997001 0.001334 -0.077380 6.144200 -0.002020 0.999959 -0.008795 10.187000 0.077365 0.008925 0.996963 -3.793200 0.000000 0.000000 0.000000 1.000000
0.999728 0.003717 0.023011 6.144200 -0.003165 0.999707 -0.024009 10.187000 -0.023093 0.023929 0.999447 -3.793200 0.000000 0.000000 0.000000 1.000000
0.996218 0.008541 0.086465 6.144200 -0.004820 0.999057 -0.043155 10.187000 -0.086752 0.042575 0.995320 -3.793200 0.000000 0.000000 0.000000 1.000000
0.996777 0.010596 0.079520 6.144200 -0.006399 0.998582 -0.052850 10.187000 -0.079967 0.052171 0.995431 -3.793200 0.000000 0.000000 0.000000 1.000000
0.994582 0.002522 -0.103922 6.144200 -0.006617 0.999214 -0.039080 10.187000 0.103742 0.039556 0.993817 -3.793200 0.000000 0.000000 0.000000 1.000000
0.978701 -0.003165 -0.205268 6.144200 -0.010601 0.997768 -0.065930 10.187000 0.205018 0.066702 0.976483 -3.793200 0.000000 0.000000 0.000000 1.000000
0.973070 -0.009034 -0.230332 6.144200 -0.018076 0.993164 -0.115317 10.187000 0.229799 0.116375 0.966255 -3.793200 0.000000 0.000000 0.000000 1.000000</float_array><technique_common><accessor source="#arissa_LeftShoulder-Matrix-animation-output-transform-array" count="16" stride="16"><param type="float4x4"/></accessor></technique_common></source><source id="arissa_LeftShoulder-Interpolations"><Name_array id="arissa_LeftShoulder-Interpolations-array" count="16">
 LINEAR LINEAR LINEAR LINEAR LINEAR LINEAR LINEAR LINEAR LINEAR LINEAR LINEAR
LINEAR LINEAR LINEAR LINEAR LINEAR</Name_array><technique_common><accessor source="#arissa_LeftShoulder-Interpolations-array" count="16"><param type="name"/></accessor></technique_common></source><sampler id="arissa_LeftShoulder-Matrix-animation-transform"><input semantic="INPUT" source="#arissa_LeftShoulder-Matrix-animation-input"/><input semantic="OUTPUT" source="#arissa_LeftShoulder-Matrix-animation-output-transform"/><input semantic="INTERPOLATION" source="#arissa_LeftShoulder-Interpolations"/></sampler><channel source="#arissa_LeftShoulder-Matrix-animation-transform" target="arissa_LeftShoulder/matrix"/></animation>
    <animation id="arissa_LeftArm-anim" name="arissa_LeftArm"><source id="arissa_LeftArm-Matrix-animation-input"><float_array id="arissa_LeftArm-Matrix-animation-input-array" count="16">

0.000000 0.033333 0.066667 0.100000 0.133333 0.166667 0.200000 0.233333 0.266667 0.300000 0.333333 0.366667 0.400000 0.433333 0.466667 0.500000</float_array><technique_common><accessor source="#arissa_LeftArm-Matrix-animation-input-array" count="16"><param name="TIME" type="float"/></accessor></technique_common></source><source id="arissa_LeftArm-Matrix-animation-output-transform"><float_array id="arissa_LeftArm-Matrix-animation-output-transform-array" count="256">

0.657766 0.725593 -0.202136 9.019100 -0.262122 0.472093 0.841677 -1.113000 0.706142 -0.500642 0.500721 -1.793500 0.000000 0.000000 0.000000 1.000000
0.724325 0.669327 -0.165393 9.019100 -0.257311 0.484986 0.835811 -1.113000 0.639644 -0.562841 0.523512 -1.793500 0.000000 0.000000 0.000000 1.000000
0.745345 0.644779 -0.169474 9.019100 -0.233636 0.490708 0.839416 -1.113000 0.624400 -0.586059 0.516391 -1.793500 0.000000 0.000000 0.000000 1.000000
0.768237 0.628217 -0.123109 9.019100 -0.252935 0.474532 0.843115 -1.113000 0.588079 -0.616574 0.523451 -1.793500 0.000000 0.000000 0.000000 1.000000
0.814542 0.579459 0.027368 9.019100 -0.339346 0.437691 0.832629 -1.113000 0.470496 -0.687498 0.553154 -1.793500 0.000000 0.000000 0.000000 1.000000
0.801878 0.595752 0.045508 9.019100 -0.379840 0.449504 0.808497 -1.113000 0.461208 -0.665602 0.586738 -1.793500 0.000000 0.000000 0.000000 1.000000
0.777630 0.628183 0.026025 9.019100 -0.405054 0.468900 0.784897 -1.113000 0.480856 -0.620901 0.619079 -1.793500 0.000000 0.000000 0.000000 1.000000
0.758200 0.651607 0.023243 9.019100 -0.440774 0.485958 0.754694 -1.113000 0.480469 -0.582454 0.655665 -1.793500 0.000000 0.000000 0.000000 1.000000
0.729350 0.682468 0.047814 9.019100 -0.501065 0.485284 0.716543 -1.113000 0.465814 -0.546569 0.695902 -1.793500 0.000000 0.000000 0.000000 1.000000
0.642208 0.763225 0.071108 9.019100 -0.586740 0.429763 0.686323 -1.113000 0.493260 -0.482484 0.723812 -1.793500 0.000000 0.000000 0.000000 1.000000
0.528820 0.844382 0.085838 9.019100 -0.658261 0.344198 0.669492 -1.113000 0.535762 -0.410545 0.737843 -1.793500 0.000000 0.000000 0.000000 1.000000
0.440067 0.893783 0.086559 9.019100 -0.670752 0.263097 0.693449 -1.113000 0.597020 -0.363224 0.715287 -1.793500 0.000000 0.000000 0.000000 1.000000
0.416083 0.908524 0.038211 9.019100 -0.600951 0.243199 0.761388 -1.113000 0.682446 -0.339763 0.647169 -1.793500 0.000000 0.000000 0.000000 1.000000
0.537414 0.842707 -0.032102 9.019100 -0.472398 0.332357 0.816321 -1.113000 0.698589 -0.423537 0.576706 -1.793500 0.000000 0.000000 0.000000 1.000000
0.611291 0.779116 -0.138930 9.019100 -0.342106 0.418442 0.841350 -1.113000 0.713644 -0.466781 0.522330 -1.793500 0.000000 0.000000 0.000000 1.000000
0.657818 0.725580 -0.202013 9.019100 -0.262271 0.472100 0.841627 -1.113000 0.706038 -0.500655 0.500854 -1.793500 0.000000 0.000000 0.000000 1.000000</float_array><technique_common><accessor source="#arissa_LeftArm-Matrix-animation-output-transform-array" count="16" stride="16"><param type="float4x4"/></accessor></technique_common></source><source id="arissa_LeftArm-Interpolations"><Name_array id="arissa_LeftArm-Interpolations-array" count="16">
 LINEAR LINEAR LINEAR LINEAR LINEAR LINEAR LINEAR LINEAR LINEAR LINEAR LINEAR
LINEAR LINEAR LINEAR LINEAR LINEAR</Name_array><technique_common><accessor source="#arissa_LeftArm-Interpolations-array" count="16"><param type="name"/></accessor></technique_common></source><sampler id="arissa_LeftArm-Matrix-animation-transform"><input semantic="INPUT" source="#arissa_LeftArm-Matrix-animation-input"/><input semantic="OUTPUT" source="#arissa_LeftArm-Matrix-animation-output-transform"/><input semantic="INTERPOLATION" source="#arissa_LeftArm-Interpolations"/></sampler><channel source="#arissa_LeftArm-Matrix-animation-transform" target="arissa_LeftArm/matrix"/></animation>
    <animation id="arissa_LeftForeArm-anim" name="arissa_LeftForeArm"><source id="arissa_LeftForeArm-Matrix-animation-input"><float_array id="arissa_LeftForeArm-Matrix-animation-input-array" count="16">

0.000000 0.033333 0.066667 0.100000 0.133333 0.166667 0.200000 0.233333 0.266667 0.300000 0.333333 0.366667 0.400000 0.433333 0.466667 0.500000</float_array><technique_common><accessor source="#arissa_LeftForeArm-Matrix-animation-input-array" count="16"><param name="TIME" type="float"/></accessor></technique_common></source><source id="arissa_LeftForeArm-Matrix-animation-output-transform"><float_array id="arissa_LeftForeArm-Matrix-animation-output-transform-array" count="256">

0.127897 0.950539 0.283049 27.687000 -0.068351 -0.276267 0.958647 0.000000 0.989429 -0.141955 0.029636 0.000000 0.000000 0.000000 0.000000 1.000000
0.177347 0.932386 0.314967 27.687000 -0.063306 -0.308570 0.949093 0.000000 0.982110 -0.188258 0.004302 -0.000000 0.000000 0.000000 0.000000 1.000000
0.129934 0.940040 0.315343 27.687000 -0.062253 -0.309677 0.948802 0.000000 0.989566 -0.142913 0.018283 0.000000 0.000000 0.000000 0.000000 1.000000
0.083141 0.947031 0.310193 27.687000 -0.067753 -0.305179 0.949882 0.000000 0.994232 -0.099991 0.038791 0.000000 0.000000 0.000000 0.000000 1.000000
-0.040590 0.943141 0.329905 27.687000 -0.070307 -0.332054 0.940636 0.000000 0.996699 0.014986 0.079787 0.000000 0.000000 0.000000 0.000000 1.000000
-0.094323 0.935876 0.339469 27.687000 -0.070096 -0.346386 0.935470 -0.000000 0.993071 0.064441 0.098273 0.000000 0.000000 0.000000 0.000000 1.000000
-0.109311 0.935487 0.336029 27.687000 -0.070565 -0.344505 0.936129 0.000000 0.991500 0.078617 0.103670 -0.000000 0.000000 0.000000 0.000000 1.000000
-0.120574 0.931581 0.342956 27.687000 -0.068859 -0.352493 0.933278 0.000000 0.990313 0.088913 0.106649 0.000000 0.000000 0.000000 0.000000 1.000000
-0.145327 0.916970 0.371546 27.687000 -0.063987 -0.383457 0.921339 0.000000 0.987312 0.110121 0.114401 0.000000 0.000000 0.000000 0.000000 1.000000
-0.155396 0.912388 0.378683 27.687000 -0.065011 -0.391954 0.917685 0.000000 0.985711 0.117986 0.120224 0.000000 0.000000 0.000000 0.000000 1.000000
-0.131827 0.915206 0.380814 27.687000 -0.067961 -0.391607 0.917619 0.000000 0.988940 0.095086 0.113822 0.000000 0.000000 0.000000 0.000000 1.000000
-0.069216 0.922274 0.380288 27.687000 -0.071150 -0.384795 0.920256 0.000000 0.995061 0.036639 0.092254 0.000000 0.000000 0.000000 0.000000 1.000000
0.016588 0.927295 0.373964 27.687000 -0.072727 -0.371906 0.925417 0.000000 0.997214 -0.042548 0.061270 0.000000 0.000000 0.000000 0.000000 1.000000
0.118946 0.931968 0.342471 27.687000 -0.072463 -0.335852 0.939123 0.000000 0.990253 -0.136521 0.027585 0.000000 0.000000 0.000000 0.000000 1.000000
0.175714 0.934349 0.310026 27.687000 -0.069435 -0.302379 0.950655 0.000000 0.981989 -0.188570 0.011744 -0.000000 0.000000 0.000000 0.000000 1.000000
0.127831 0.950549 0.283049 27.687000 -0.068352 -0.276268 0.958647 -0.000000 0.989438 -0.141891 0.029657 0.000000 0.000000 0.000000 0.000000 1.000000</float_array><technique_common><accessor source="#arissa_LeftForeArm-Matrix-animation-output-transform-array" count="16" stride="16"><param type="float4x4"/></accessor></technique_common></source><source id="arissa_LeftForeArm-Interpolations"><Name_array id="arissa_LeftForeArm-Interpolations-array" count="16">
 LINEAR LINEAR LINEAR LINEAR LINEAR LINEAR LINEAR LINEAR LINEAR LINEAR LINEAR
