<?xml version="1.0" encoding="utf-8"?>
<COLLADA xmlns="http://www.collada.org/2005/11/COLLADASchema" version="1.4.1">
  <asset><contributor><author>Mixamo</author><authoring_tool>COLLADA Mixamo exporter</authoring_tool><comments></comments></contributor><created>2018-04-11T19:06:26Z</created><modified>2018-04-11T19:06:26Z</modified><revision></revision><title></title><unit meter="0.010000"/><up_axis>Y_UP</up_axis></asset>
  <library_animations>
    <animation id="arissa_Hips-anim" name="arissa_Hips"><source id="arissa_Hips-Matrix-animation-input"><float_array id="arissa_Hips-Matrix-animation-input-array" count="17">

0.000000 0.033333 0.066667 0.100000 0.133333 0.166667 0.200000 0.233333 0.266667 0.300000 0.333333 0.366667 0.400000 0.433333 0.466667 0.500000
0.533333</float_array><technique_common><accessor source="#arissa_Hips-Matrix-animation-input-array" count="17"><param name="TIME" type="float"/></accessor></technique_common></source><source id="arissa_Hips-Matrix-animation-output-transform"><float_array id="arissa_Hips-Matrix-animation-output-transform-array" count="272">

0.878135 0.076806 -0.472208 0.056268 0.017234 0.981310 0.191662 90.058281 0.478103 -0.176443 0.860398 0.091854 0.000000 0.000000 0.000000 1.000000
0.848639 0.097157 -0.519973 0.328539 0.009116 0.980156 0.198020 90.719574 0.528894 -0.172787 0.830913 -8.359429 0.000000 0.000000 0.000000 1.000000
0.818640 0.107105 -0.564231 0.516294 0.001179 0.982141 0.188145 91.459312 0.574306 -0.154688 0.803893 -16.807095 0.000000 0.000000 0.000000 1.000000
0.791108 0.106000 -0.602422 0.619367 -0.011245 0.987224 0.158941 92.036621 0.611573 -0.118965 0.782193 -25.242907 0.000000 0.000000 0.000000 1.000000
0.765426 0.101727 -0.635432 0.660914 -0.029967 0.991990 0.122712 92.142624 0.642825 -0.074885 0.762344 -34.031025 0.000000 0.000000 0.000000 1.000000
0.748034 0.102363 -0.655719 0.665319 -0.048319 0.993812 0.100019 91.769707 0.661899 -0.043134 0.748351 -43.400112 0.000000 0.000000 0.000000 1.000000
0.756051 0.106506 -0.645789 0.630904 -0.054562 0.993493 0.099974 91.008873 0.652235 -0.040350 0.756942 -52.993000 0.000000 0.000000 0.000000 1.000000
0.795314 0.107790 -0.596538 0.541628 -0.046413 0.992003 0.117369 90.302254 0.604419 -0.065658 0.793957 -62.369049 0.000000 0.000000 0.000000 1.000000
0.845076 0.093994 -0.526319 0.296624 -0.026028 0.990490 0.135097 90.531120 0.534013 -0.100469 0.839486 -71.293388 0.000000 0.000000 0.000000 1.000000
0.877851 0.076297 -0.472818 0.009405 -0.007410 0.989275 0.145879 91.602379 0.478877 -0.124557 0.869001 -79.771431 0.000000 0.000000 0.000000 1.000000
0.890508 0.059675 -0.451036 -0.262151 0.007445 0.989317 0.145593 92.772583 0.454906 -0.133009 0.880551 -88.189400 0.000000 0.000000 0.000000 1.000000
0.897535 0.035139 -0.439542 -0.518642 0.027396 0.990450 0.135124 93.589828 0.440092 -0.133320 0.888000 -96.952934 0.000000 0.000000 0.000000 1.000000
0.909208 0.011360 -0.416188 -0.710545 0.045259 0.991007 0.125923 93.523048 0.413875 -0.133326 0.900517 -105.776131 0.000000 0.000000 0.000000 1.000000
0.921453 0.003158 -0.388477 -0.777940 0.052044 0.989950 0.131494 92.353745 0.384988 -0.141383 0.912028 -114.352623 0.000000 0.000000 0.000000 1.000000
0.921960 0.014610 -0.387010 -0.691676 0.048172 0.987202 0.152025 90.818954 0.384278 -0.158804 0.909457 -122.812675 0.000000 0.000000 0.000000 1.000000
0.906063 0.045346 -0.420706 -0.397797 0.032566 0.983819 0.176178 89.998222 0.421888 -0.173329 0.889926 -131.417755 0.000000 0.000000 0.000000 1.000000
0.878135 0.076806 -0.472208 0.056265 0.017234 0.981310 0.191661 90.058273 0.478103 -0.176442 0.860399 -140.110031 0.000000 0.000000 0.000000 1.000000</float_array><technique_common><accessor source="#arissa_Hips-Matrix-animation-output-transform-array" count="17" stride="16"><param type="float4x4"/></accessor></technique_common></source><source id="arissa_Hips-Interpolations"><Name_array id="arissa_Hips-Interpolations-array" count="17">
 LINEAR LINEAR LINEAR LINEAR LINEAR LINEAR LINEAR LINEAR LINEAR LINEAR LINEAR
LINEAR LINEAR LINEAR LINEAR LINEAR LINEAR</Name_array><technique_common><accessor source="#arissa_Hips-Interpolations-array" count="17"><param type="name"/></accessor></technique_common></source><sampler id="arissa_Hips-Matrix-animation-transform"><input semantic="INPUT" source="#arissa_Hips-Matrix-animation-input"/><input semantic="OUTPUT" source="#arissa_Hips-Matrix-animation-output-transform"/><input semantic="INTERPOLATION" source="#arissa_Hips-Interpolations"/></sampler><channel source="#arissa_Hips-Matrix-animation-transform" target="arissa_Hips/matrix"/></animation>
    <animation id="arissa_Spine-anim" name="arissa_Spine"><source id="arissa_Spine-Matrix-animation-input"><float_array id="arissa_Spine-Matrix-animation-input-array" count="17">

0.000000 0.033333 0.066667 0.100000 0.133333 0.166667 0.200000 0.233333 0.266667 0.300000 0.333333 0.366667 0.400000 0.433333 0.466667 0.500000
0.533333</float_array><technique_common><accessor source="#arissa_Spine-Matrix-animation-input-array" count="17"><param name="TIME" type="float"/></accessor></technique_common></source><source id="arissa_Spine-Matrix-animation-output-transform"><float_array id="arissa_Spine-Matrix-animation-output-transform-array" count="272">

0.987932 -0.050525 -0.146417 -0.000000 0.001822 0.949026 -0.315193 9.226300 0.154879 0.311123 0.937665 1.577100 0.000000 0.000000 0.000000 1.000000
0.987907 -0.051863 -0.146115 -0.000000 0.001573 0.945701 -0.325035 9.226300 0.155038 0.320875 0.934346 1.577100 0.000000 0.000000 0.000000 1.000000
0.987938 -0.054664 -0.144878 0.000000 0.005646 0.947711 -0.319080 9.226300 0.154745 0.314414 0.936589 1.577100 0.000000 0.000000 0.000000 1.000000
0.988449 -0.065645 -0.136598 0.000000 0.022366 0.954638 -0.296926 9.226300 0.149893 0.290441 0.945080 1.577100 0.000000 0.000000 0.000000 1.000000
0.990141 -0.082179 -0.113439 0.000000 0.047985 0.959819 -0.276488 9.226300 0.131602 0.268319 0.954299 1.577100 0.000000 0.000000 0.000000 1.000000
0.992245 -0.089693 -0.086052 0.000000 0.062333 0.958028 -0.279817 9.226300 0.107538 0.272284 0.956189 1.577100 0.000000 0.000000 0.000000 1.000000
0.993804 -0.077682 -0.079492 0.000000 0.049932 0.951006 -0.305115 9.226300 0.099299 0.299256 0.948992 1.577100 0.000000 0.000000 0.000000 1.000000
0.993078 -0.056295 -0.103084 0.000000 0.018750 0.942383 -0.334009 9.226300 0.115948 0.329764 0.936916 1.577100 0.000000 0.000000 0.000000 1.000000
0.990050 -0.037378 -0.135662 0.000000 -0.012418 0.937108 -0.348820 9.226300 0.140168 0.347033 0.927319 1.577100 0.000000 0.000000 0.000000 1.000000
0.989188 -0.037755 -0.141711 0.000000 -0.013400 0.938984 -0.343701 9.226300 0.146040 0.341884 0.928325 1.577100 0.000000 0.000000 0.000000 1.000000
0.991647 -0.045264 -0.120779 0.000000 0.003519 0.945546 -0.325469 9.226300 0.128934 0.322326 0.937807 1.577100 0.000000 0.000000 0.000000 1.000000
0.993592 -0.040086 -0.105676 0.000000 0.006391 0.953421 -0.301574 9.226300 0.112842 0.298966 0.947568 1.577100 0.000000 0.000000 0.000000 1.000000
0.992931 -0.029685 -0.114923 0.000000 -0.003837 0.959687 -0.281044 9.226300 0.118633 0.279498 0.952789 1.577100 0.000000 0.000000 0.000000 1.000000
0.990057 -0.028517 -0.137744 -0.000000 -0.010055 0.962383 -0.271511 9.226300 0.140305 0.270197 0.952527 1.577100 0.000000 0.000000 0.000000 1.000000
0.987907 -0.035178 -0.151004 0.000000 -0.008340 0.960454 -0.278315 9.226300 0.154823 0.276209 0.948545 1.577100 0.000000 0.000000 0.000000 1.000000
0.987593 -0.047667 -0.149626 0.000000 0.000742 0.954222 -0.299098 9.226300 0.157034 0.295276 0.942418 1.577100 0.000000 0.000000 0.000000 1.000000
0.987932 -0.050525 -0.146417 -0.000000 0.001822 0.949026 -0.315193 9.226300 0.154878 0.311123 0.937665 1.577100 0.000000 0.000000 0.000000 1.000000</float_array><technique_common><accessor source="#arissa_Spine-Matrix-animation-output-transform-array" count="17" stride="16"><param type="float4x4"/></accessor></technique_common></source><source id="arissa_Spine-Interpolations"><Name_array id="arissa_Spine-Interpolations-array" count="17">
 LINEAR LINEAR LINEAR LINEAR LINEAR LINEAR LINEAR LINEAR LINEAR LINEAR LINEAR
LINEAR LINEAR LINEAR LINEAR LINEAR LINEAR</Name_array><technique_common><accessor source="#arissa_Spine-Interpolations-array" count="17"><param type="name"/></accessor></technique_common></source><sampler id="arissa_Spine-Matrix-animation-transform"><input semantic="INPUT" source="#arissa_Spine-Matrix-animation-input"/><input semantic="OUTPUT" source="#arissa_Spine-Matrix-animation-output-transform"/><input semantic="INTERPOLATION" source="#arissa_Spine-Interpolations"/></sampler><channel source="#arissa_Spine-Matrix-animation-transform" target="arissa_Spine/matrix"/></animation>
    <animation id="arissa_Spine1-anim" name="arissa_Spine1"><source id="arissa_Spine1-Matrix-animation-input"><float_array id="arissa_Spine1-Matrix-animation-input-array" count="17">

0.000000 0.033333 0.066667 0.100000 0.133333 0.166667 0.200000 0.233333 0.266667 0.300000 0.333333 0.366667 0.400000 0.433333 0.466667 0.500000
0.533333</float_array><technique_common><accessor source="#arissa_Spine1-Matrix-animation-input-array" count="17"><param name="TIME" type="float"/></accessor></technique_common></source><source id="arissa_Spine1-Matrix-animation-output-transform"><float_array id="arissa_Spine1-Matrix-animation-output-transform-array" count="272">

0.998190 0.001420 -0.060117 0.000000 -0.002181 0.999918 -0.012592 16.254000 0.060094 0.012701 0.998112 -0.165600 0.000000 0.000000 0.000000 1.000000
0.998296 0.005502 -0.058089 0.000000 -0.006189 0.999913 -0.011657 16.254000 0.058019 0.011997 0.998243 -0.165600 0.000000 0.000000 0.000000 1.000000
0.998272 0.005807 -0.058475 0.000000 -0.007032 0.999760 -0.020766 16.254000 0.058340 0.021142 0.998073 -0.165600 0.000000 0.000000 0.000000 1.000000
0.998307 0.004739 -0.057967 0.000000 -0.006659 0.999434 -0.032976 16.254000 0.057778 0.033306 0.997774 -0.165600 0.000000 0.000000 0.000000 1.000000
0.998473 0.003152 -0.055146 0.000000 -0.005298 0.999232 -0.038817 16.254000 0.054981 0.039050 0.997724 -0.165600 0.000000 0.000000 0.000000 1.000000
0.998671 -0.000392 -0.051541 0.000000 -0.001315 0.999452 -0.033079 16.254000 0.051526 0.033103 0.998123 -0.165600 0.000000 0.000000 0.000000 1.000000
0.998733 -0.006840 -0.049846 -0.000000 0.005955 0.999823 -0.017868 16.254000 0.049960 0.017549 0.998597 -0.165600 0.000000 0.000000 0.000000 1.000000
0.998565 -0.014122 -0.051665 0.000000 0.014114 0.999900 -0.000521 16.254000 0.051667 -0.000209 0.998664 -0.165600 0.000000 0.000000 0.000000 1.000000
0.998322 -0.016504 -0.055509 0.000000 0.017079 0.999805 0.009900 16.254000 0.055335 -0.010831 0.998409 -0.165600 0.000000 0.000000 0.000000 1.000000
0.998277 -0.012416 -0.057350 0.000000 0.012814 0.999896 0.006568 16.254000 0.057263 -0.007291 0.998333 -0.165600 0.000000 0.000000 0.000000 1.000000
0.998363 -0.008637 -0.056536 0.000000 0.008265 0.999943 -0.006805 16.254000 0.056592 0.006326 0.998377 -0.165600 0.000000 0.000000 0.000000 1.000000
0.998329 -0.009352 -0.057027 0.000000 0.008118 0.999729 -0.021822 16.254000 0.057216 0.021322 0.998134 -0.165600 0.000000 0.000000 0.000000 1.000000
0.998075 -0.012766 -0.060684 0.000000 0.010884 0.999453 -0.031245 16.254000 0.061050 0.030524 0.997668 -0.165600 0.000000 0.000000 0.000000 1.000000
0.997843 -0.013305 -0.064283 0.000000 0.011261 0.999422 -0.032065 16.254000 0.064673 0.031272 0.997416 -0.165600 0.000000 0.000000 0.000000 1.000000
0.997867 -0.008132 -0.064776 -0.000000 0.006560 0.999680 -0.024431 16.254000 0.064954 0.023954 0.997601 -0.165600 0.000000 0.000000 0.000000 1.000000
0.998025 -0.001915 -0.062785 0.000000 0.001026 0.999899 -0.014190 16.254000 0.062806 0.014097 0.997926 -0.165600 0.000000 0.000000 0.000000 1.000000
0.998190 0.001420 -0.060117 0.000000 -0.002181 0.999918 -0.012592 16.254000 0.060094 0.012701 0.998112 -0.165600 0.000000 0.000000 0.000000 1.000000</float_array><technique_common><accessor source="#arissa_Spine1-Matrix-animation-output-transform-array" count="17" stride="16"><param type="float4x4"/></accessor></technique_common></source><source id="arissa_Spine1-Interpolations"><Name_array id="arissa_Spine1-Interpolations-array" count="17">
 LINEAR LINEAR LINEAR LINEAR LINEAR LINEAR LINEAR LINEAR LINEAR LINEAR LINEAR
LINEAR LINEAR LINEAR LINEAR LINEAR LINEAR</Name_array><technique_common><accessor source="#arissa_Spine1-Interpolations-array" count="17"><param type="name"/></accessor></technique_common></source><sampler id="arissa_Spine1-Matrix-animation-transform"><input semantic="INPUT" source="#arissa_Spine1-Matrix-animation-input"/><input semantic="OUTPUT" source="#arissa_Spine1-Matrix-animation-output-transform"/><input semantic="INTERPOLATION" source="#arissa_Spine1-Interpolations"/></sampler><channel source="#arissa_Spine1-Matrix-animation-transform" target="arissa_Spine1/matrix"/></animation>
    <animation id="arissa_Spine2-anim" name="arissa_Spine2"><source id="arissa_Spine2-Matrix-animation-input"><float_array id="arissa_Spine2-Matrix-animation-input-array" count="17">

0.000000 0.033333 0.066667 0.100000 0.133333 0.166667 0.200000 0.233333 0.266667 0.300000 0.333333 0.366667 0.400000 0.433333 0.466667 0.500000
0.533333</float_array><technique_common><accessor source="#arissa_Spine2-Matrix-animation-input-array" count="17"><param name="TIME" type="float"/></accessor></technique_common></source><source id="arissa_Spine2-Matrix-animation-output-transform"><float_array id="arissa_Spine2-Matrix-animation-output-transform-array" count="272">

0.998178 0.000743 -0.060328 -0.000000 -0.001530 0.999914 -0.013006 13.639600 0.060313 0.013074 0.998094 -1.292300 0.000000 0.000000 0.000000 1.000000
0.998278 0.004843 -0.058467 -0.000000 -0.005559 0.999911 -0.012091 13.639600 0.058404 0.012395 0.998216 -1.292300 0.000000 0.000000 0.000000 1.000000
0.998255 0.004885 -0.058841 0.000000 -0.006141 0.999757 -0.021185 13.639600 0.058724 0.021510 0.998043 -1.292300 0.000000 0.000000 0.000000 1.000000
0.998292 0.003456 -0.058322 0.000000 -0.005409 0.999429 -0.033357 13.639600 0.058173 0.033616 0.997740 -1.292300 0.000000 0.000000 0.000000 1.000000
0.998454 0.001635 -0.055560 0.000000 -0.003815 0.999226 -0.039158 13.639600 0.055453 0.039310 0.997687 -1.292300 0.000000 0.000000 0.000000 1.000000
0.998650 -0.001737 -0.051909 0.000000 0.000006 0.999445 -0.033322 13.639600 0.051938 0.033277 0.998096 -1.292300 0.000000 0.000000 0.000000 1.000000
0.998721 -0.007614 -0.049981 0.000000 0.006726 0.999817 -0.017903 13.639600 0.050108 0.017543 0.998590 -1.292300 0.000000 0.000000 0.000000 1.000000
0.998567 -0.014398 -0.051551 0.000000 0.014397 0.999896 -0.000392 13.639600 0.051551 -0.000350 0.998670 -1.292300 0.000000 0.000000 0.000000 1.000000
0.998328 -0.016647 -0.055359 0.000000 0.017226 0.999802 0.009996 13.639600 0.055182 -0.010933 0.998416 -1.292300 0.000000 0.000000 0.000000 1.000000
0.998276 -0.012646 -0.057321 0.000000 0.013041 0.999894 0.006516 13.639600 0.057233 -0.007252 0.998335 -1.292300 0.000000 0.000000 0.000000 1.000000
0.998359 -0.009139 -0.056535 -0.000000 0.008757 0.999937 -0.006998 13.639600 0.056595 0.006491 0.998376 -1.292300 0.000000 0.000000 0.000000 1.000000
0.998329 -0.010267 -0.056867 0.000000 0.009026 0.999716 -0.022034 13.639600 0.057077 0.021484 0.998139 -1.292300 0.000000 0.000000 0.000000 1.000000
0.998081 -0.013983 -0.060314 0.000000 0.012106 0.999434 -0.031383 13.639600 0.060719 0.030593 0.997686 -1.292300 0.000000 0.000000 0.000000 1.000000
0.997853 -0.014513 -0.063871 0.000000 0.012473 0.999403 -0.032221 13.639600 0.064300 0.031355 0.997438 -1.292300 0.000000 0.000000 0.000000 1.000000
0.997865 -0.009126 -0.064662 0.000000 0.007542 0.999667 -0.024697 13.639600 0.064866 0.024157 0.997602 -1.292300 0.000000 0.000000 0.000000 1.000000
0.998002 -0.002823 -0.063122 0.000000 0.001907 0.999892 -0.014561 13.639600 0.063157 0.014411 0.997900 -1.292300 0.000000 0.000000 0.000000 1.000000
0.998178 0.000743 -0.060328 -0.000000 -0.001530 0.999914 -0.013006 13.639600 0.060313 0.013074 0.998094 -1.292300 0.000000 0.000000 0.000000 1.000000</float_array><technique_common><accessor source="#arissa_Spine2-Matrix-animation-output-transform-array" count="17" stride="16"><param type="float4x4"/></accessor></technique_common></source><source id="arissa_Spine2-Interpolations"><Name_array id="arissa_Spine2-Interpolations-array" count="17">
 LINEAR LINEAR LINEAR LINEAR LINEAR LINEAR LINEAR LINEAR LINEAR LINEAR LINEAR
LINEAR LINEAR LINEAR LINEAR LINEAR LINEAR</Name_array><technique_common><accessor source="#arissa_Spine2-Interpolations-array" count="17"><param type="name"/></accessor></technique_common></source><sampler id="arissa_Spine2-Matrix-animation-transform"><input semantic="INPUT" source="#arissa_Spine2-Matrix-animation-input"/><input semantic="OUTPUT" source="#arissa_Spine2-Matrix-animation-output-transform"/><input semantic="INTERPOLATION" source="#arissa_Spine2-Interpolations"/></sampler><channel source="#arissa_Spine2-Matrix-animation-transform" target="arissa_Spine2/matrix"/></animation>
    <animation id="arissa_Neck-anim" name="arissa_Neck"><source id="arissa_Neck-Matrix-animation-input"><float_array id="arissa_Neck-Matrix-animation-input-array" count="17">

0.000000 0.033333 0.066667 0.100000 0.133333 0.166667 0.200000 0.233333 0.266667 0.300000 0.333333 0.366667 0.400000 0.433333 0.466667 0.500000
0.533333</float_array><technique_common><accessor source="#arissa_Neck-Matrix-animation-input-array" count="17"><param name="TIME" type="float"/></accessor></technique_common></source><source id="arissa_Neck-Matrix-animation-output-transform"><float_array id="arissa_Neck-Matrix-animation-output-transform-array" count="272">

0.998367 -0.026058 0.050829 0.000000 0.026208 0.999654 -0.002281 13.877400 -0.050752 0.003610 0.998705 -4.354200 0.000000 0.000000 0.000000 1.000000
0.998154 -0.029070 0.053324 0.000000 0.029521 0.999535 -0.007679 13.877400 -0.053076 0.009239 0.998548 -4.354200 0.000000 0.000000 0.000000 1.000000
0.998047 -0.027492 0.056090 0.000000 0.027782 0.999604 -0.004403 13.877400 -0.055947 0.005953 0.998416 -4.354200 0.000000 0.000000 0.000000 1.000000
0.998063 -0.023171 0.057738 0.000000 0.022612 0.999691 0.010308 13.877400 -0.057959 -0.008982 0.998279 -4.354200 0.000000 0.000000 0.000000 1.000000
0.998132 -0.020126 0.057688 -0.000000 0.018182 0.999255 0.034034 13.877400 -0.058330 -0.032922 0.997754 -4.354200 0.000000 0.000000 0.000000 1.000000
0.998191 -0.021603 0.056100 -0.000000 0.018560 0.998357 0.054204 13.877400 -0.057179 -0.053064 0.996953 -4.354200 0.000000 0.000000 0.000000 1.000000
0.998170 -0.026668 0.054268 0.000000 0.023647 0.998175 0.055559 13.877400 -0.055651 -0.054175 0.996979 -4.354200 0.000000 0.000000 0.000000 1.000000
0.998087 -0.030948 0.053520 0.000000 0.028831 0.998788 0.039897 13.877400 -0.054690 -0.038277 0.997769 -4.354200 0.000000 0.000000 0.000000 1.000000
0.998081 -0.031666 0.053218 0.000000 0.030578 0.999309 0.021137 13.877400 -0.053851 -0.019469 0.998359 -4.354200 0.000000 0.000000 0.000000 1.000000
0.998243 -0.028680 0.051859 0.000000 0.028191 0.999551 0.010123 13.877400 -0.052126 -0.008644 0.998603 -4.354200 0.000000 0.000000 0.000000 1.000000
0.998510 -0.022389 0.049756 0.000000 0.021880 0.999703 0.010750 13.877400 -0.049982 -0.009646 0.998704 -4.354200 0.000000 0.000000 0.000000 1.000000
0.998735 -0.014312 0.048195 0.000000 0.013260 0.999668 0.022084 13.877400 -0.048496 -0.021417 0.998594 -4.354200 0.000000 0.000000 0.000000 1.000000
0.998840 -0.008213 0.047442 0.000000 0.006500 0.999325 0.036164 13.877400 -0.047707 -0.035813 0.998219 -4.354200 0.000000 0.000000 0.000000 1.000000
0.998857 -0.007471 0.047221 0.000000 0.005665 0.999252 0.038254 13.877400 -0.047472 -0.037943 0.998152 -4.354200 0.000000 0.000000 0.000000 1.000000
0.998783 -0.011816 0.047877 0.000000 0.010635 0.999635 0.024839 13.877400 -0.048153 -0.024300 0.998544 -4.354200 0.000000 0.000000 0.000000 1.000000
0.998601 -0.018893 0.049380 0.000000 0.018542 0.999800 0.007552 13.877400 -0.049513 -0.006626 0.998751 -4.354200 0.000000 0.000000 0.000000 1.000000
0.998367 -0.026059 0.050829 0.000000 0.026208 0.999654 -0.002281 13.877400 -0.050752 0.003610 0.998705 -4.354200 0.000000 0.000000 0.000000 1.000000</float_array><technique_common><accessor source="#arissa_Neck-Matrix-animation-output-transform-array" count="17" stride="16"><param type="float4x4"/></accessor></technique_common></source><source id="arissa_Neck-Interpolations"><Name_array id="arissa_Neck-Interpolations-array" count="17">
 LINEAR LINEAR LINEAR LINEAR LINEAR LINEAR LINEAR LINEAR LINEAR LINEAR LINEAR
LINEAR LINEAR LINEAR LINEAR LINEAR LINEAR</Name_array><technique_common><accessor source="#arissa_Neck-Interpolations-array" count="17"><param type="name"/></accessor></technique_common></source><sampler id="arissa_Neck-Matrix-animation-transform"><input semantic="INPUT" source="#arissa_Neck-Matrix-animation-input"/><input semantic="OUTPUT" source="#arissa_Neck-Matrix-animation-output-transform"/><input semantic="INTERPOLATION" source="#arissa_Neck-Interpolations"/></sampler><channel source="#arissa_Neck-Matrix-animation-transform" target="arissa_Neck/matrix"/></animation>
    <animation id="arissa_Neck1-anim" name="arissa_Neck1"><source id="arissa_Neck1-Matrix-animation-input"><float_array id="arissa_Neck1-Matrix-animation-input-array" count="17">

0.000000 0.033333 0.066667 0.100000 0.133333 0.166667 0.200000 0.233333 0.266667 0.300000 0.333333 0.366667 0.400000 0.433333 0.466667 0.500000
0.533333</float_array><technique_common><accessor source="#arissa_Neck1-Matrix-animation-input-array" count="17"><param name="TIME" type="float"/></accessor></technique_common></source><source id="arissa_Neck1-Matrix-animation-output-transform"><float_array id="arissa_Neck1-Matrix-animation-output-transform-array" count="272">

0.998367 -0.026058 0.050829 0.000000 0.026208 0.999654 -0.002282 4.340000 -0.050752 0.003610 0.998705 0.926900 0.000000 0.000000 0.000000 1.000000
0.998154 -0.029070 0.053324 0.000000 0.029521 0.999535 -0.007679 4.340000 -0.053076 0.009239 0.998548 0.926900 0.000000 0.000000 0.000000 1.000000
0.998047 -0.027492 0.056090 -0.000000 0.027783 0.999604 -0.004405 4.340000 -0.055947 0.005955 0.998416 0.926900 0.000000 0.000000 0.000000 1.000000
0.998063 -0.023171 0.057738 -0.000000 0.022613 0.999691 0.010308 4.340000 -0.057959 -0.008983 0.998279 0.926900 0.000000 0.000000 0.000000 1.000000
0.998132 -0.020127 0.057689 0.000000 0.018182 0.999255 0.034033 4.340000 -0.058331 -0.032921 0.997754 0.926900 0.000000 0.000000 0.000000 1.000000
0.998191 -0.021603 0.056100 0.000000 0.018560 0.998357 0.054204 4.340000 -0.057178 -0.053064 0.996953 0.926900 0.000000 0.000000 0.000000 1.000000
0.998170 -0.026668 0.054269 0.000000 0.023647 0.998175 0.055559 4.340000 -0.055651 -0.054175 0.996979 0.926900 0.000000 0.000000 0.000000 1.000000
0.998087 -0.030948 0.053520 0.000000 0.028831 0.998788 0.039897 4.340000 -0.054690 -0.038277 0.997769 0.926900 0.000000 0.000000 0.000000 1.000000
0.998081 -0.031666 0.053219 0.000000 0.030578 0.999309 0.021137 4.340000 -0.053851 -0.019469 0.998359 0.926900 0.000000 0.000000 0.000000 1.000000
0.998243 -0.028679 0.051859 0.000000 0.028191 0.999551 0.010123 4.340000 -0.052126 -0.008644 0.998603 0.926900 0.000000 0.000000 0.000000 1.000000
0.998510 -0.022389 0.049756 0.000000 0.021880 0.999703 0.010750 4.340000 -0.049982 -0.009646 0.998704 0.926900 0.000000 0.000000 0.000000 1.000000
0.998735 -0.014312 0.048196 0.000000 0.013260 0.999668 0.022084 4.340000 -0.048496 -0.021417 0.998594 0.926900 0.000000 0.000000 0.000000 1.000000
0.998840 -0.008213 0.047441 0.000000 0.006500 0.999325 0.036163 4.340000 -0.047706 -0.035813 0.998219 0.926900 0.000000 0.000000 0.000000 1.000000
0.998857 -0.007471 0.047222 0.000000 0.005665 0.999252 0.038256 4.340000 -0.047472 -0.037944 0.998152 0.926900 0.000000 0.000000 0.000000 1.000000
0.998783 -0.011816 0.047877 -0.000000 0.010635 0.999635 0.024839 4.340000 -0.048153 -0.024300 0.998544 0.926900 0.000000 0.000000 0.000000 1.000000
0.998601 -0.018893 0.049380 0.000000 0.018542 0.999800 0.007552 4.340000 -0.049513 -0.006626 0.998751 0.926900 0.000000 0.000000 0.000000 1.000000
0.998367 -0.026059 0.050829 0.000000 0.026209 0.999654 -0.002283 4.340000 -0.050752 0.003611 0.998705 0.926900 0.000000 0.000000 0.000000 1.000000</float_array><technique_common><accessor source="#arissa_Neck1-Matrix-animation-output-transform-array" count="17" stride="16"><param type="float4x4"/></accessor></technique_common></source><source id="arissa_Neck1-Interpolations"><Name_array id="arissa_Neck1-Interpolations-array" count="17">
 LINEAR LINEAR LINEAR LINEAR LINEAR LINEAR LINEAR LINEAR LINEAR LINEAR LINEAR
LINEAR LINEAR LINEAR LINEAR LINEAR LINEAR</Name_array><technique_common><accessor source="#arissa_Neck1-Interpolations-array" count="17"><param type="name"/></accessor></technique_common></source><sampler id="arissa_Neck1-Matrix-animation-transform"><input semantic="INPUT" source="#arissa_Neck1-Matrix-animation-input"/><input semantic="OUTPUT" source="#arissa_Neck1-Matrix-animation-output-transform"/><input semantic="INTERPOLATION" source="#arissa_Neck1-Interpolations"/></sampler><channel source="#arissa_Neck1-Matrix-animation-transform" target="arissa_Neck1/matrix"/></animation>
    <animation id="arissa_Head-anim" name="arissa_Head"><source id="arissa_Head-Matrix-animation-input"><float_array id="arissa_Head-Matrix-animation-input-array" count="17">

0.000000 0.033333 0.066667 0.100000 0.133333 0.166667 0.200000 0.233333 0.266667 0.300000 0.333333 0.366667 0.400000 0.433333 0.466667 0.500000
0.533333</float_array><technique_common><accessor source="#arissa_Head-Matrix-animation-input-array" count="17"><param name="TIME" type="float"/></accessor></technique_common></source><source id="arissa_Head-Matrix-animation-output-transform"><float_array id="arissa_Head-Matrix-animation-output-transform-array" count="272">

0.998367 -0.026058 0.050829 0.000000 0.026208 0.999654 -0.002281 4.026600 -0.050752 0.003609 0.998705 0.858500 0.000000 0.000000 0.000000 1.000000
0.998154 -0.029070 0.053324 -0.000000 0.029521 0.999535 -0.007679 4.026600 -0.053076 0.009239 0.998548 0.858500 0.000000 0.000000 0.000000 1.000000
0.998047 -0.027492 0.056090 0.000000 0.027782 0.999604 -0.004402 4.026600 -0.055947 0.005952 0.998416 0.858500 0.000000 0.000000 0.000000 1.000000
0.998063 -0.023170 0.057738 0.000000 0.022612 0.999691 0.010308 4.026600 -0.057959 -0.008982 0.998279 0.858500 0.000000 0.000000 0.000000 1.000000
0.998132 -0.020126 0.057689 0.000000 0.018182 0.999255 0.034036 4.026600 -0.058331 -0.032923 0.997754 0.858500 0.000000 0.000000 0.000000 1.000000
0.998191 -0.021603 0.056100 0.000000 0.018560 0.998357 0.054203 4.026600 -0.057179 -0.053064 0.996953 0.858500 0.000000 0.000000 0.000000 1.000000
0.998170 -0.026668 0.054269 0.000000 0.023647 0.998175 0.055560 4.026600 -0.055651 -0.054175 0.996979 0.858500 0.000000 0.000000 0.000000 1.000000
0.998087 -0.030948 0.053520 0.000000 0.028831 0.998788 0.039897 4.026600 -0.054690 -0.038277 0.997769 0.858500 0.000000 0.000000 0.000000 1.000000
0.998081 -0.031666 0.053218 0.000000 0.030578 0.999309 0.021137 4.026600 -0.053851 -0.019469 0.998359 0.858500 0.000000 0.000000 0.000000 1.000000
0.998243 -0.028680 0.051859 0.000000 0.028191 0.999551 0.010123 4.026600 -0.052126 -0.008643 0.998603 0.858500 0.000000 0.000000 0.000000 1.000000
0.998510 -0.022389 0.049756 -0.000000 0.021880 0.999703 0.010750 4.026600 -0.049982 -0.009645 0.998704 0.858500 0.000000 0.000000 0.000000 1.000000
0.998735 -0.014312 0.048195 0.000000 0.013260 0.999668 0.022084 4.026600 -0.048496 -0.021417 0.998594 0.858500 0.000000 0.000000 0.000000 1.000000
0.998840 -0.008214 0.047442 0.000000 0.006500 0.999325 0.036163 4.026600 -0.047707 -0.035813 0.998219 0.858500 0.000000 0.000000 0.000000 1.000000
0.998857 -0.007471 0.047222 0.000000 0.005666 0.999252 0.038253 4.026600 -0.047472 -0.037941 0.998152 0.858500 0.000000 0.000000 0.000000 1.000000
0.998783 -0.011816 0.047877 0.000000 0.010635 0.999635 0.024839 4.026600 -0.048153 -0.024300 0.998544 0.858500 0.000000 0.000000 0.000000 1.000000
0.998601 -0.018893 0.049380 -0.000000 0.018542 0.999800 0.007552 4.026600 -0.049513 -0.006626 0.998751 0.858500 0.000000 0.000000 0.000000 1.000000
0.998367 -0.026058 0.050829 0.000000 0.026208 0.999654 -0.002280 4.026600 -0.050752 0.003608 0.998705 0.858500 0.000000 0.000000 0.000000 1.000000</float_array><technique_common><accessor source="#arissa_Head-Matrix-animation-output-transform-array" count="17" stride="16"><param type="float4x4"/></accessor></technique_common></source><source id="arissa_Head-Interpolations"><Name_array id="arissa_Head-Interpolations-array" count="17">
 LINEAR LINEAR LINEAR LINEAR LINEAR LINEAR LINEAR LINEAR LINEAR LINEAR LINEAR
LINEAR LINEAR LINEAR LINEAR LINEAR LINEAR</Name_array><technique_common><accessor source="#arissa_Head-Interpolations-array" count="17"><param type="name"/></accessor></technique_common></source><sampler id="arissa_Head-Matrix-animation-transform"><input semantic="INPUT" source="#arissa_Head-Matrix-animation-input"/><input semantic="OUTPUT" source="#arissa_Head-Matrix-animation-output-transform"/><input semantic="INTERPOLATION" source="#arissa_Head-Interpolations"/></sampler><channel source="#arissa_Head-Matrix-animation-transform" target="arissa_Head/matrix"/></animation>
    <animation id="arissa_LeftShoulder-anim" name="arissa_LeftShoulder"><source id="arissa_LeftShoulder-Matrix-animation-input"><float_array id="arissa_LeftShoulder-Matrix-animation-input-array" count="17">

0.000000 0.033333 0.066667 0.100000 0.133333 0.166667 0.200000 0.233333 0.266667 0.300000 0.333333 0.366667 0.400000 0.433333 0.466667 0.500000
0.533333</float_array><technique_common><accessor source="#arissa_LeftShoulder-Matrix-animation-input-array" count="17"><param name="TIME" type="float"/></accessor></technique_common></source><source id="arissa_LeftShoulder-Matrix-animation-output-transform"><float_array id="arissa_LeftShoulder-Matrix-animation-output-transform-array" count="272">

0.996097 -0.026881 -0.084069 6.144200 0.072624 0.790926 0.607586 10.187000 0.050160 -0.611321 0.789792 -3.793200 0.000000 0.000000 0.000000 1.000000
0.995372 -0.062647 -0.072865 6.144200 0.094106 0.788914 0.607254 10.187000 0.019442 -0.611301 0.791159 -3.793200 0.000000 0.000000 0.000000 1.000000
0.995974 -0.062206 -0.064542 6.144200 0.088666 0.789445 0.607384 10.187000 0.013169 -0.610661 0.791782 -3.793200 0.000000 0.000000 0.000000 1.000000
0.997730 -0.028054 -0.061216 6.144200 0.059549 0.792009 0.607598 10.187000 0.031438 -0.609864 0.791882 -3.793200 0.000000 0.000000 0.000000 1.000000
0.997755 0.004040 -0.066855 6.144200 0.037517 0.793170 0.607844 10.187000 0.055483 -0.608987 0.791237 -3.793200 0.000000 0.000000 0.000000 1.000000
0.996764 0.003356 -0.080316 6.144200 0.046315 0.792649 0.607916 10.187000 0.065702 -0.609669 0.789929 -3.793200 0.000000 0.000000 0.000000 1.000000
0.995431 -0.025327 -0.092065 6.144200 0.076291 0.790767 0.607345 10.187000 0.057420 -0.611594 0.789086 -3.793200 0.000000 0.000000 0.000000 1.000000
0.993709 -0.056587 -0.096646 6.144200 0.103882 0.788165 0.606634 10.187000 0.041845 -0.612858 0.789085 -3.793200 0.000000 0.000000 0.000000 1.000000
0.992712 -0.071854 -0.096749 6.144200 0.116037 0.786654 0.606392 10.187000 0.032536 -0.613199 0.789258 -3.793200 0.000000 0.000000 0.000000 1.000000
0.993202 -0.063278 -0.097702 6.144200 0.109838 0.787357 0.606634 10.187000 0.038540 -0.613241 0.788955 -3.793200 0.000000 0.000000 0.000000 1.000000
0.994268 -0.027463 -0.103331 6.144200 0.084925 0.789995 0.607203 10.187000 0.064956 -0.612497 0.787799 -3.793200 0.000000 0.000000 0.000000 1.000000
0.993321 0.022194 -0.113225 6.144200 0.051604 0.792249 0.608013 10.187000 0.103197 -0.609795 0.785812 -3.793200 0.000000 0.000000 0.000000 1.000000
0.990689 0.057886 -0.123223 6.144200 0.029366 0.792940 0.608592 10.187000 0.132937 -0.606544 0.783857 -3.793200 0.000000 0.000000 0.000000 1.000000
0.989983 0.061104 -0.127283 6.144200 0.029267 0.793107 0.608378 10.187000 0.138123 -0.606009 0.783374 -3.793200 0.000000 0.000000 0.000000 1.000000
0.992152 0.035446 -0.119904 6.144200 0.045109 0.792913 0.607662 10.187000 0.116613 -0.608303 0.785092 -3.793200 0.000000 0.000000 0.000000 1.000000
0.994778 -0.002131 -0.102039 6.144200 0.063993 0.791867 0.607331 10.187000 0.079507 -0.610689 0.787869 -3.793200 0.000000 0.000000 0.000000 1.000000
0.996097 -0.026881 -0.084069 6.144200 0.072624 0.790926 0.607586 10.187000 0.050160 -0.611321 0.789792 -3.793200 0.000000 0.000000 0.000000 1.000000</float_array><technique_common><accessor source="#arissa_LeftShoulder-Matrix-animation-output-transform-array" count="17" stride="16"><param type="float4x4"/></accessor></technique_common></source><source id="arissa_LeftShoulder-Interpolations"><Name_array id="arissa_LeftShoulder-Interpolations-array" count="17">
 LINEAR LINEAR LINEAR LINEAR LINEAR LINEAR LINEAR LINEAR LINEAR LINEAR LINEAR
LINEAR LINEAR LINEAR LINEAR LINEAR LINEAR</Name_array><technique_common><accessor source="#arissa_LeftShoulder-Interpolations-array" count="17"><param type="name"/></accessor></technique_common></source><sampler id="arissa_LeftShoulder-Matrix-animation-transform"><input semantic="INPUT" source="#arissa_LeftShoulder-Matrix-animation-input"/><input semantic="OUTPUT" source="#arissa_LeftShoulder-Matrix-animation-output-transform"/><input semantic="INTERPOLATION" source="#arissa_LeftShoulder-Interpolations"/></sampler><channel source="#arissa_LeftShoulder-Matrix-animation-transform" target="arissa_LeftShoulder/matrix"/></animation>
    <animation id="arissa_LeftArm-anim" name="arissa_LeftArm"><source id="arissa_LeftArm-Matrix-animation-input"><float_array id="arissa_LeftArm-Matrix-animation-input-array" count="17">

0.000000 0.033333 0.066667 0.100000 0.133333 0.166667 0.200000 0.233333 0.266667 0.300000 0.333333 0.366667 0.400000 0.433333 0.466667 0.500000
0.533333</float_array><technique_common><accessor source="#arissa_LeftArm-Matrix-animation-input-array" count="17"><param name="TIME" type="float"/></accessor></technique_common></source><source id="arissa_LeftArm-Matrix-animation-output-transform"><float_array id="arissa_LeftArm-Matrix-animation-output-transform-array" count="272">

0.497578 0.867115 0.022974 9.019100 -0.801129 0.449236 0.395448 -1.113000 0.332578 -0.215171 0.918201 -1.793500 0.000000 0.000000 0.000000 1.000000
0.490016 0.869537 0.061554 9.019100 -0.821199 0.436779 0.367228 -1.113000 0.292433 -0.230496 0.928092 -1.793500 0.000000 0.000000 0.000000 1.000000
0.501579 0.855412 0.129183 9.019100 -0.827552 0.430902 0.359834 -1.113000 0.252141 -0.287391 0.924030 -1.793500 0.000000 0.000000 0.000000 1.000000
0.525759 0.828019 0.194836 9.019100 -0.818963 0.430809 0.379082 -1.113000 0.229950 -0.358870 0.904619 -1.793500 0.000000 0.000000 0.000000 1.000000
0.548075 0.804732 0.228079 9.019100 -0.801771 0.427775 0.417338 -1.113000 0.238279 -0.411600 0.879664 -1.793500 0.000000 0.000000 0.000000 1.000000
0.557822 0.798258 0.227199 9.019100 -0.786415 0.420859 0.452139 -1.113000 0.265305 -0.430885 0.862526 -1.793500 0.000000 0.000000 0.000000 1.000000
0.553599 0.810585 0.190997 9.019100 -0.775788 0.418576 0.472173 -1.113000 0.302790 -0.409568 0.860565 -1.793500 0.000000 0.000000 0.000000 1.000000
0.537576 0.834709 0.119470 9.019100 -0.768328 0.426519 0.477235 -1.113000 0.347396 -0.348342 0.870617 -1.793500 0.000000 0.000000 0.000000 1.000000
0.516981 0.855264 0.035418 9.019100 -0.765664 0.443528 0.465878 -1.113000 0.382739 -0.267969 0.884140 -1.793500 0.000000 0.000000 0.000000 1.000000
0.503367 0.863513 -0.031107 9.019100 -0.766060 0.462633 0.446232 -1.113000 0.399718 -0.200789 0.894377 -1.793500 0.000000 0.000000 0.000000 1.000000
0.508886 0.859081 -0.054914 9.019100 -0.762488 0.479439 0.434454 -1.113000 0.399559 -0.179216 0.899019 -1.793500 0.000000 0.000000 0.000000 1.000000
0.527983 0.848455 -0.036853 9.019100 -0.753840 0.488206 0.439750 -1.113000 0.391100 -0.204400 0.897364 -1.793500 0.000000 0.000000 0.000000 1.000000
0.542054 0.840327 -0.005342 9.019100 -0.748654 0.485788 0.451140 -1.113000 0.381701 -0.240543 0.892437 -1.793500 0.000000 0.000000 0.000000 1.000000
0.539166 0.842140 0.010038 9.019100 -0.754351 0.477592 0.450400 -1.113000 0.374506 -0.250413 0.892770 -1.793500 0.000000 0.000000 0.000000 1.000000
0.523053 0.852289 0.004329 9.019100 -0.769690 0.470168 0.431880 -1.113000 0.366051 -0.229228 0.901921 -1.793500 0.000000 0.000000 0.000000 1.000000
0.505662 0.862731 -0.001113 9.019100 -0.788052 0.462416 0.406382 -1.113000 0.351113 -0.204615 0.913703 -1.793500 0.000000 0.000000 0.000000 1.000000
0.497578 0.867115 0.022974 9.019100 -0.801129 0.449236 0.395448 -1.113000 0.332578 -0.215171 0.918201 -1.793500 0.000000 0.000000 0.000000 1.000000</float_array><technique_common><accessor source="#arissa_LeftArm-Matrix-animation-output-transform-array" count="17" stride="16"><param type="float4x4"/></accessor></technique_common></source><source id="arissa_LeftArm-Interpolations"><Name_array id="arissa_LeftArm-Interpolations-array" count="17">
 LINEAR LINEAR LINEAR LINEAR LINEAR LINEAR LINEAR LINEAR LINEAR LINEAR LINEAR
LINEAR LINEAR LINEAR LINEAR LINEAR LINEAR</Name_array><technique_common><accessor source="#arissa_LeftArm-Interpolations-array" count="17"><param type="name"/></accessor></technique_common></source><sampler id="arissa_LeftArm-Matrix-animation-transform"><input semantic="INPUT" source="#arissa_LeftArm-Matrix-animation-input"/><input semantic="OUTPUT" source="#arissa_LeftArm-Matrix-animation-output-transform"/><input semantic="INTERPOLATION" source="#arissa_LeftArm-Interpolations"/></sampler><channel source="#arissa_LeftArm-Matrix-animation-transform" target="arissa_LeftArm/matrix"/></animation>
    <animation id="arissa_LeftForeArm-anim" name="arissa_LeftForeArm"><source id="arissa_LeftForeArm-Matrix-animation-input"><float_array id="arissa_LeftForeArm-Matrix-animation-input-array" count="17">

0.000000 0.033333 0.066667 0.100000 0.133333 0.166667 0.200000 0.233333 0.266667 0.300000 0.333333 0.366667 0.400000 0.433333 0.466667 0.500000
0.533333</float_array><technique_common><accessor source="#arissa_LeftForeArm-Matrix-animation-input-array" count="17"><param name="TIME" type="float"/></accessor></technique_common></source><source id="arissa_LeftForeArm-Matrix-animation-output-transform"><float_array id="arissa_LeftForeArm-Matrix-animation-output-transform-array" count="272">

0.432227 0.000000 -0.901765 27.687000 -0.000000 1.000000 0.000000 0.000000 0.901765 -0.000000 0.432227 -0.000000 0.000000 0.000000 0.000000 1.000000
0.399880 -0.000001 -0.916567 27.687000 0.000000 1.000000 -0.000001 0.000000 0.916567 0.000000 0.399880 -0.000000 0.000000 0.000000 0.000000 1.000000
0.340157 -0.000000 -0.940368 27.687000 0.000000 1.000000 -0.000000 -0.000000 0.940368 -0.000000 0.340157 -0.000000 0.000000 0.000000 0.000000 1.000000
0.276730 -0.000000 -0.960948 27.687000 -0.000000 1.000000 -0.000000 0.000000 0.960948 0.000000 0.276730 0.000000 0.000000 0.000000 0.000000 1.000000
0.249281 -0.000001 -0.968431 27.687000 0.000000 1.000000 -0.000001 0.000000 0.968431 0.000000 0.249281 0.000000 0.000000 0.000000 0.000000 1.000000
0.272483 0.000000 -0.962161 27.687000 0.000000 1.000000 0.000000 -0.000000 0.962161 -0.000000 0.272483 0.000000 0.000000 0.000000 0.000000 1.000000
0.341736 -0.000001 -0.939796 27.687000 0.000000 1.000000 -0.000001 0.000000 0.939796 0.000000 0.341736 0.000000 0.000000 0.000000 0.000000 1.000000
0.441064 -0.000001 -0.897475 27.687000 0.000000 1.000000 -0.000001 -0.000000 0.897475 0.000000 0.441064 0.000000 0.000000 0.000000 0.000000 1.000000
0.520774 -0.000000 -0.853694 27.687000 0.000000 1.000000 -0.000000 0.000000 0.853694 0.000000 0.520774 0.000000 0.000000 0.000000 0.000000 1.000000
