<?xml version="1.0" encoding="utf-8"?>
<COLLADA xmlns="http://www.collada.org/2005/11/COLLADASchema" version="1.4.1">
  <asset><contributor><author>Mixamo</author><authoring_tool>COLLADA Mixamo exporter</authoring_tool><comments></comments></contributor><created>2018-04-27T17:58:37Z</created><modified>2018-04-27T17:58:37Z</modified><revision></revision><title></title><unit meter="0.010000"/><up_axis>Y_UP</up_axis></asset>
  <library_animations>
    <animation id="Hips-anim" name="Hips"><source id="Hips-Matrix-animation-input"><float_array id="Hips-Matrix-animation-input-array" count="17">

0.000000 0.033333 0.066667 0.100000 0.133333 0.166667 0.200000 0.233333 0.266667 0.300000 0.333333 0.366667 0.400000 0.433333 0.466667 0.500000
0.533333</float_array><technique_common><accessor source="#Hips-Matrix-animation-input-array" count="17"><param name="TIME" type="float"/></accessor></technique_common></source><source id="Hips-Matrix-animation-output-transform"><float_array id="Hips-Matrix-animation-output-transform-array" count="272">

0.971040 -0.049550 -0.233723 0.957222 -0.026944 0.949305 -0.313201 104.708084 0.237394 0.310428 0.920477 -2.199600 0.000000 0.000000 0.000000 1.000000
0.973042 -0.131829 -0.189235 0.952513 0.065539 0.944755 -0.321158 103.276970 0.221119 0.300098 0.927927 17.955256 0.000000 0.000000 0.000000 1.000000
0.966578 -0.244682 -0.076534 -0.298722 0.208056 0.923075 -0.323489 100.325500 0.149798 0.296754 0.943132 38.439606 0.000000 0.000000 0.000000 1.000000
0.977912 -0.209012 -0.001238 -1.395008 0.196310 0.920487 -0.337885 101.148453 0.071761 0.330179 0.941187 60.306938 0.000000 0.000000 0.000000 1.000000
0.994765 -0.096552 0.033486 -1.668351 0.102190 0.942557 -0.318031 103.648270 -0.000856 0.319788 0.947489 82.597168 0.000000 0.000000 0.000000 1.000000
0.997091 -0.048135 0.059092 -1.605923 0.063218 0.955402 -0.288464 104.469902 -0.042571 0.291360 0.955666 103.620316 0.000000 0.000000 0.000000 1.000000
0.994930 -0.050657 0.086880 -1.755398 0.073974 0.953870 -0.290962 104.257004 -0.068133 0.295914 0.952782 124.601547 0.000000 0.000000 0.000000 1.000000
0.988011 -0.032806 0.150856 -1.974600 0.078160 0.948971 -0.305525 104.006744 -0.133135 0.313653 0.940158 144.599152 0.000000 0.000000 0.000000 1.000000
0.986297 0.038435 0.160437 -1.589823 0.010633 0.955652 -0.294306 104.659904 -0.164634 0.291979 0.942148 164.227936 0.000000 0.000000 0.000000 1.000000
0.985123 0.159838 0.063121 -0.283727 -0.136194 0.950155 -0.280459 104.294571 -0.104802 0.267690 0.957788 185.877045 0.000000 0.000000 0.000000 1.000000
0.967381 0.251579 -0.029695 1.065913 -0.248583 0.920150 -0.302539 102.230629 -0.048789 0.300052 0.952674 207.855606 0.000000 0.000000 0.000000 1.000000
0.982604 0.173571 -0.066043 1.726619 -0.185671 0.925541 -0.329999 103.760406 0.003847 0.336521 0.941668 231.491730 0.000000 0.000000 0.000000 1.000000
0.994650 0.076661 -0.069242 2.100900 -0.094385 0.946845 -0.307531 104.428223 0.041986 0.312421 0.949015 254.133102 0.000000 0.000000 0.000000 1.000000
0.995987 0.018848 -0.087489 2.196969 -0.042423 0.960193 -0.276096 105.073257 0.078802 0.278700 0.957140 277.214966 0.000000 0.000000 0.000000 1.000000
0.992943 0.013710 -0.117800 2.035976 -0.046769 0.958064 -0.282711 104.056229 0.108984 0.286225 0.951944 299.983337 0.000000 0.000000 0.000000 1.000000
0.980215 0.008278 -0.197762 1.515649 -0.069747 0.949485 -0.305962 103.694565 0.185239 0.313702 0.931277 321.678986 0.000000 0.000000 0.000000 1.000000
0.971040 -0.049551 -0.233723 0.957221 -0.026944 0.949305 -0.313201 104.708099 0.237394 0.310428 0.920477 342.821106 0.000000 0.000000 0.000000 1.000000</float_array><technique_common><accessor source="#Hips-Matrix-animation-output-transform-array" count="17" stride="16"><param type="float4x4"/></accessor></technique_common></source><source id="Hips-Interpolations"><Name_array id="Hips-Interpolations-array" count="17">
 LINEAR LINEAR LINEAR LINEAR LINEAR LINEAR LINEAR LINEAR LINEAR LINEAR LINEAR
LINEAR LINEAR LINEAR LINEAR LINEAR LINEAR</Name_array><technique_common><accessor source="#Hips-Interpolations-array" count="17"><param type="name"/></accessor></technique_common></source><sampler id="Hips-Matrix-animation-transform"><input semantic="INPUT" source="#Hips-Matrix-animation-input"/><input semantic="OUTPUT" source="#Hips-Matrix-animation-output-transform"/><input semantic="INTERPOLATION" source="#Hips-Interpolations"/></sampler><channel source="#Hips-Matrix-animation-transform" target="Hips/matrix"/></animation>
    <animation id="Spine-anim" name="Spine"><source id="Spine-Matrix-animation-input"><float_array id="Spine-Matrix-animation-input-array" count="17">

0.000000 0.033333 0.066667 0.100000 0.133333 0.166667 0.200000 0.233333 0.266667 0.300000 0.333333 0.366667 0.400000 0.433333 0.466667 0.500000
0.533333</float_array><technique_common><accessor source="#Spine-Matrix-animation-input-array" count="17"><param name="TIME" type="float"/></accessor></technique_common></source><source id="Spine-Matrix-animation-output-transform"><float_array id="Spine-Matrix-animation-output-transform-array" count="272">

0.993446 0.032592 0.109555 0.030900 -0.020524 0.993771 -0.109532 11.006600 -0.112443 0.106565 0.987927 0.107900 0.000000 0.000000 0.000000 1.000000
0.979636 0.110033 0.167946 0.030900 -0.093494 0.990234 -0.103416 11.006600 -0.177685 0.085608 0.980357 0.107900 0.000000 0.000000 0.000000 1.000000
0.949571 0.237793 0.204373 0.030900 -0.213120 0.967573 -0.135583 11.006600 -0.229987 0.085190 0.969458 0.107900 0.000000 0.000000 0.000000 1.000000
0.949314 0.230319 0.213905 0.030900 -0.206874 0.970157 -0.126489 11.006600 -0.236654 0.075826 0.968631 0.107900 0.000000 0.000000 0.000000 1.000000
0.975154 0.147170 0.165579 0.030900 -0.128882 0.984818 -0.116291 11.006600 -0.180180 0.092062 0.979316 0.107900 0.000000 0.000000 0.000000 1.000000
0.990657 0.111289 0.078830 0.030900 -0.100868 0.986926 -0.125706 11.006600 -0.091789 0.116580 0.988931 0.107900 0.000000 0.000000 0.000000 1.000000
0.993912 0.109966 -0.006755 0.030900 -0.110073 0.988506 -0.103638 11.006600 -0.004719 0.103751 0.994592 0.107900 0.000000 0.000000 0.000000 1.000000
0.993573 0.077541 -0.082461 0.030900 -0.084690 0.992596 -0.087064 11.006600 0.075099 0.093488 0.992784 0.107900 0.000000 0.000000 0.000000 1.000000
0.991772 -0.006203 -0.127870 0.030900 -0.009016 0.992961 -0.118102 11.006600 0.127703 0.118283 0.984734 0.107900 0.000000 0.000000 0.000000 1.000000
0.979458 -0.131139 -0.153182 0.030900 0.107395 0.982192 -0.154162 11.006600 0.170671 0.134544 0.976099 0.107900 0.000000 0.000000 0.000000 1.000000
0.952680 -0.244467 -0.180654 0.030900 0.215080 0.962089 -0.167705 11.006600 0.214804 0.120914 0.969143 0.107900 0.000000 0.000000 0.000000 1.000000
0.963529 -0.197510 -0.180557 0.030900 0.173057 0.974542 -0.142543 11.006600 0.204114 0.106098 0.973181 0.107900 0.000000 0.000000 0.000000 1.000000
0.981553 -0.121572 -0.147561 0.030900 0.098532 0.983067 -0.154500 11.006600 0.163845 0.137111 0.976911 0.107900 0.000000 0.000000 0.000000 1.000000
0.992129 -0.074893 -0.100358 0.030900 0.057446 0.984339 -0.166664 11.006600 0.111268 0.159587 0.980893 0.107900 0.000000 0.000000 0.000000 1.000000
0.996888 -0.064700 -0.045026 0.030900 0.057903 0.988648 -0.138647 11.006600 0.053485 0.135608 0.989318 0.107900 0.000000 0.000000 0.000000 1.000000
0.998527 -0.037770 0.038949 0.030900 0.041693 0.993558 -0.105378 11.006600 -0.034718 0.106846 0.993669 0.107900 0.000000 0.000000 0.000000 1.000000
0.993446 0.032592 0.109555 0.030900 -0.020524 0.993771 -0.109532 11.006600 -0.112443 0.106565 0.987927 0.107900 0.000000 0.000000 0.000000 1.000000</float_array><technique_common><accessor source="#Spine-Matrix-animation-output-transform-array" count="17" stride="16"><param type="float4x4"/></accessor></technique_common></source><source id="Spine-Interpolations"><Name_array id="Spine-Interpolations-array" count="17">
 LINEAR LINEAR LINEAR LINEAR LINEAR LINEAR LINEAR LINEAR LINEAR LINEAR LINEAR
LINEAR LINEAR LINEAR LINEAR LINEAR LINEAR</Name_array><technique_common><accessor source="#Spine-Interpolations-array" count="17"><param type="name"/></accessor></technique_common></source><sampler id="Spine-Matrix-animation-transform"><input semantic="INPUT" source="#Spine-Matrix-animation-input"/><input semantic="OUTPUT" source="#Spine-Matrix-animation-output-transform"/><input semantic="INTERPOLATION" source="#Spine-Interpolations"/></sampler><channel source="#Spine-Matrix-animation-transform" target="Spine/matrix"/></animation>
    <animation id="Spine1-anim" name="Spine1"><source id="Spine1-Matrix-animation-input"><float_array id="Spine1-Matrix-animation-input-array" count="17">

0.000000 0.033333 0.066667 0.100000 0.133333 0.166667 0.200000 0.233333 0.266667 0.300000 0.333333 0.366667 0.400000 0.433333 0.466667 0.500000
0.533333</float_array><technique_common><accessor source="#Spine1-Matrix-animation-input-array" count="17"><param name="TIME" type="float"/></accessor></technique_common></source><source id="Spine1-Matrix-animation-output-transform"><float_array id="Spine1-Matrix-animation-output-transform-array" count="272">

0.998937 0.001287 0.046075 0.037200 0.001948 0.997539 -0.070085 11.271000 -0.046052 0.070100 0.996476 0.102300 0.000000 0.000000 0.000000 1.000000
0.997554 0.022379 0.066219 0.037200 -0.017883 0.997543 -0.067734 11.271000 -0.067572 0.066384 0.995503 0.102300 0.000000 0.000000 0.000000 1.000000
0.996406 0.039458 0.074951 0.037200 -0.033510 0.996309 -0.079026 11.271000 -0.077793 0.076231 0.994051 0.102300 0.000000 0.000000 0.000000 1.000000
0.996513 0.040915 0.072716 0.037200 -0.035669 0.996765 -0.072021 11.271000 -0.075427 0.069177 0.994749 0.102300 0.000000 0.000000 0.000000 1.000000
0.998008 0.034884 0.052567 0.037200 -0.031582 0.997553 -0.062377 11.271000 -0.054614 0.060593 0.996667 0.102300 0.000000 0.000000 0.000000 1.000000
0.999056 0.032329 0.029019 0.037200 -0.030367 0.997378 -0.065687 11.271000 -0.031067 0.064744 0.997418 0.102300 0.000000 0.000000 0.000000 1.000000
0.999381 0.035185 -0.000193 0.037200 -0.035126 0.997367 -0.063451 11.271000 -0.002040 0.063418 0.997985 0.102300 0.000000 0.000000 0.000000 1.000000
0.998930 0.028857 -0.036130 0.037200 -0.031165 0.997397 -0.065029 11.271000 0.034159 0.066085 0.997229 0.102300 0.000000 0.000000 0.000000 1.000000
0.997967 0.006167 -0.063428 0.037200 -0.011329 0.996621 -0.081350 11.271000 0.062712 0.081903 0.994665 0.102300 0.000000 0.000000 0.000000 1.000000
0.997180 -0.021611 -0.071865 0.037200 0.014872 0.995554 -0.093011 11.271000 0.073556 0.091680 0.993068 0.102300 0.000000 0.000000 0.000000 1.000000
0.996156 -0.039557 -0.078162 0.037200 0.032107 0.995020 -0.094368 11.271000 0.081506 0.091496 0.992464 0.102300 0.000000 0.000000 0.000000 1.000000
0.997064 -0.037101 -0.066987 0.037200 0.031626 0.996210 -0.081022 11.271000 0.069740 0.078666 0.994459 0.102300 0.000000 0.000000 0.000000 1.000000
0.998739 -0.028253 -0.041509 0.037200 0.024827 0.996416 -0.080861 11.271000 0.043645 0.079729 0.995861 0.102300 0.000000 0.000000 0.000000 1.000000
0.998960 -0.026117 -0.037366 0.037200 0.022865 0.996122 -0.084965 11.271000 0.039440 0.084022 0.995683 0.102300 0.000000 0.000000 0.000000 1.000000
0.999178 -0.025459 -0.031543 0.037200 0.022961 0.996754 -0.077157 11.271000 0.033405 0.076370 0.996520 0.102300 0.000000 0.000000 0.000000 1.000000
0.999762 -0.018149 0.012109 0.037200 0.018903 0.997678 -0.065430 11.271000 -0.010894 0.065644 0.997784 0.102300 0.000000 0.000000 0.000000 1.000000
0.998937 0.001287 0.046075 0.037200 0.001948 0.997539 -0.070085 11.271000 -0.046052 0.070100 0.996476 0.102300 0.000000 0.000000 0.000000 1.000000</float_array><technique_common><accessor source="#Spine1-Matrix-animation-output-transform-array" count="17" stride="16"><param type="float4x4"/></accessor></technique_common></source><source id="Spine1-Interpolations"><Name_array id="Spine1-Interpolations-array" count="17">
 LINEAR LINEAR LINEAR LINEAR LINEAR LINEAR LINEAR LINEAR LINEAR LINEAR LINEAR
LINEAR LINEAR LINEAR LINEAR LINEAR LINEAR</Name_array><technique_common><accessor source="#Spine1-Interpolations-array" count="17"><param type="name"/></accessor></technique_common></source><sampler id="Spine1-Matrix-animation-transform"><input semantic="INPUT" source="#Spine1-Matrix-animation-input"/><input semantic="OUTPUT" source="#Spine1-Matrix-animation-output-transform"/><input semantic="INTERPOLATION" source="#Spine1-Interpolations"/></sampler><channel source="#Spine1-Matrix-animation-transform" target="Spine1/matrix"/></animation>
    <animation id="Spine2-anim" name="Spine2"><source id="Spine2-Matrix-animation-input"><float_array id="Spine2-Matrix-animation-input-array" count="17">

0.000000 0.033333 0.066667 0.100000 0.133333 0.166667 0.200000 0.233333 0.266667 0.300000 0.333333 0.366667 0.400000 0.433333 0.466667 0.500000
0.533333</float_array><technique_common><accessor source="#Spine2-Matrix-animation-input-array" count="17"><param name="TIME" type="float"/></accessor></technique_common></source><source id="Spine2-Matrix-animation-output-transform"><float_array id="Spine2-Matrix-animation-output-transform-array" count="272">

0.998942 -0.000945 0.045969 0.042500 0.004169 0.997532 -0.070086 10.833500 -0.045790 0.070204 0.996481 0.116900 0.000000 0.000000 0.000000 1.000000
0.997634 0.018048 0.066339 0.042500 -0.013505 0.997573 -0.068301 10.833500 -0.067411 0.067244 0.995457 0.116900 0.000000 0.000000 0.000000 1.000000
0.996523 0.033325 0.076358 0.042500 -0.027203 0.996435 -0.079854 10.833500 -0.078747 0.077500 0.993878 0.116900 0.000000 0.000000 0.000000 1.000000
0.996537 0.036486 0.074716 0.042500 -0.031099 0.996917 -0.072042 10.833500 -0.077114 0.069469 0.994599 0.116900 0.000000 0.000000 0.000000 1.000000
0.998008 0.032959 0.053802 0.042500 -0.029590 0.997621 -0.062264 10.833500 -0.055727 0.060548 0.996608 0.116900 0.000000 0.000000 0.000000 1.000000
0.999053 0.031361 0.030153 0.042500 -0.029327 0.997409 -0.065691 10.833500 -0.032135 0.064744 0.997384 0.116900 0.000000 0.000000 0.000000 1.000000
0.999388 0.034942 0.001402 0.042500 -0.034782 0.997361 -0.063726 10.833500 -0.003625 0.063638 0.997966 0.116900 0.000000 0.000000 0.000000 1.000000
0.998969 0.029936 -0.034120 0.042500 -0.032133 0.997317 -0.065772 10.833500 0.032059 0.066800 0.997251 0.116900 0.000000 0.000000 0.000000 1.000000
0.998035 0.008698 -0.062044 0.042500 -0.013800 0.996513 -0.082289 10.833500 0.061112 0.082983 0.994675 0.116900 0.000000 0.000000 0.000000 1.000000
0.997223 -0.016605 -0.072593 0.042500 0.009752 0.995548 -0.093750 10.833500 0.073826 0.092781 0.992946 0.116900 0.000000 0.000000 0.000000 1.000000
0.996134 -0.032721 -0.081524 0.042500 0.024957 0.995212 -0.094498 10.833500 0.084225 0.092098 0.992181 0.116900 0.000000 0.000000 0.000000 1.000000
0.997042 -0.032001 -0.069883 0.042500 0.026294 0.996358 -0.081118 10.833500 0.072225 0.079041 0.994252 0.116900 0.000000 0.000000 0.000000 1.000000
0.998781 -0.025196 -0.042436 0.042500 0.021667 0.996425 -0.081657 10.833500 0.044342 0.080638 0.995757 0.116900 0.000000 0.000000 0.000000 1.000000
0.999002 -0.024634 -0.037254 0.042500 0.021372 0.996104 -0.085560 10.833500 0.039216 0.084679 0.995636 0.116900 0.000000 0.000000 0.000000 1.000000
0.999186 -0.025362 -0.031368 0.042500 0.022875 0.996749 -0.077260 10.833500 0.033225 0.076479 0.996517 0.116900 0.000000 0.000000 0.000000 1.000000
0.999754 -0.018596 0.012062 0.042500 0.019346 0.997676 -0.065334 10.833500 -0.010819 0.065551 0.997791 0.116900 0.000000 0.000000 0.000000 1.000000
0.998942 -0.000945 0.045969 0.042500 0.004169 0.997532 -0.070086 10.833500 -0.045790 0.070204 0.996481 0.116900 0.000000 0.000000 0.000000 1.000000</float_array><technique_common><accessor source="#Spine2-Matrix-animation-output-transform-array" count="17" stride="16"><param type="float4x4"/></accessor></technique_common></source><source id="Spine2-Interpolations"><Name_array id="Spine2-Interpolations-array" count="17">
 LINEAR LINEAR LINEAR LINEAR LINEAR LINEAR LINEAR LINEAR LINEAR LINEAR LINEAR
LINEAR LINEAR LINEAR LINEAR LINEAR LINEAR</Name_array><technique_common><accessor source="#Spine2-Interpolations-array" count="17"><param type="name"/></accessor></technique_common></source><sampler id="Spine2-Matrix-animation-transform"><input semantic="INPUT" source="#Spine2-Matrix-animation-input"/><input semantic="OUTPUT" source="#Spine2-Matrix-animation-output-transform"/><input semantic="INTERPOLATION" source="#Spine2-Interpolations"/></sampler><channel source="#Spine2-Matrix-animation-transform" target="Spine2/matrix"/></animation>
    <animation id="RightShoulder-anim" name="RightShoulder"><source id="RightShoulder-Matrix-animation-input"><float_array id="RightShoulder-Matrix-animation-input-array" count="17">

0.000000 0.033333 0.066667 0.100000 0.133333 0.166667 0.200000 0.233333 0.266667 0.300000 0.333333 0.366667 0.400000 0.433333 0.466667 0.500000
0.533333</float_array><technique_common><accessor source="#RightShoulder-Matrix-animation-input-array" count="17"><param name="TIME" type="float"/></accessor></technique_common></source><source id="RightShoulder-Matrix-animation-output-transform"><float_array id="RightShoulder-Matrix-animation-output-transform-array" count="272">

0.912331 -0.097951 0.397565 -8.091500 0.115272 0.993136 -0.019839 25.765600 -0.392893 0.063928 0.917360 -8.554100 0.000000 0.000000 0.000000 1.000000
0.915969 0.099412 0.388738 -8.091500 -0.084263 0.994876 -0.055875 25.765600 -0.392300 0.018424 0.919653 -8.554100 0.000000 0.000000 0.000000 1.000000
0.948896 0.092470 0.301739 -8.091500 -0.092845 0.995594 -0.013130 25.765600 -0.301623 -0.015556 0.953300 -8.554100 0.000000 0.000000 0.000000 1.000000
0.962927 0.084307 0.256248 -8.091500 -0.084984 0.996347 -0.008452 25.765600 -0.256025 -0.013638 0.966574 -8.554100 0.000000 0.000000 0.000000 1.000000
0.947070 0.077995 0.311409 -8.091500 -0.071368 0.996916 -0.032639 25.765600 -0.312994 0.008687 0.949715 -8.554100 0.000000 0.000000 0.000000 1.000000
0.936368 0.045206 0.348097 -8.091500 -0.031917 0.998530 -0.043818 25.765600 -0.349566 0.029919 0.936434 -8.554100 0.000000 0.000000 0.000000 1.000000
0.930693 -0.048585 0.362561 -8.091500 0.063065 0.997611 -0.028203 25.765600 -0.360325 0.049113 0.931533 -8.554100 0.000000 0.000000 0.000000 1.000000
0.921020 -0.121495 0.370083 -8.091500 0.136691 0.990500 -0.015009 25.765600 -0.364744 0.064411 0.928877 -8.554100 0.000000 0.000000 0.000000 1.000000
0.929100 -0.094235 0.357622 -8.091500 0.108398 0.993912 -0.019718 25.765600 -0.353587 0.057085 0.933658 -8.554100 0.000000 0.000000 0.000000 1.000000
0.918090 0.027502 0.395416 -8.091500 -0.013168 0.999156 -0.038919 25.765600 -0.396152 0.030525 0.917677 -8.554100 0.000000 0.000000 0.000000 1.000000
0.873764 0.049406 0.483833 -8.091500 -0.039004 0.998741 -0.031545 25.765600 -0.484783 0.008691 0.874591 -8.554100 0.000000 0.000000 0.000000 1.000000
0.866052 0.046756 0.497762 -8.091500 -0.031915 0.998757 -0.038286 25.765600 -0.498934 0.017272 0.866468 -8.554100 0.000000 0.000000 0.000000 1.000000
0.892745 -0.021406 0.450054 -8.091500 0.041615 0.998519 -0.035055 25.765600 -0.448637 0.050024 0.892313 -8.554100 0.000000 0.000000 0.000000 1.000000
0.894824 -0.144085 0.422528 -8.091500 0.163614 0.986473 -0.010105 25.765600 -0.415356 0.078174 0.906294 -8.554100 0.000000 0.000000 0.000000 1.000000
0.897830 -0.241624 0.368128 -8.091500 0.258156 0.966093 0.004483 25.765600 -0.356729 0.091009 0.929764 -8.554100 0.000000 0.000000 0.000000 1.000000
0.903687 -0.271081 0.331459 -8.091500 0.285208 0.958445 0.006265 25.765600 -0.319383 0.088873 0.943449 -8.554100 0.000000 0.000000 0.000000 1.000000
0.912331 -0.097951 0.397565 -8.091500 0.115272 0.993136 -0.019839 25.765600 -0.392893 0.063928 0.917360 -8.554100 0.000000 0.000000 0.000000 1.000000</float_array><technique_common><accessor source="#RightShoulder-Matrix-animation-output-transform-array" count="17" stride="16"><param type="float4x4"/></accessor></technique_common></source><source id="RightShoulder-Interpolations"><Name_array id="RightShoulder-Interpolations-array" count="17">
 LINEAR LINEAR LINEAR LINEAR LINEAR LINEAR LINEAR LINEAR LINEAR LINEAR LINEAR
LINEAR LINEAR LINEAR LINEAR LINEAR LINEAR</Name_array><technique_common><accessor source="#RightShoulder-Interpolations-array" count="17"><param type="name"/></accessor></technique_common></source><sampler id="RightShoulder-Matrix-animation-transform"><input semantic="INPUT" source="#RightShoulder-Matrix-animation-input"/><input semantic="OUTPUT" source="#RightShoulder-Matrix-animation-output-transform"/><input semantic="INTERPOLATION" source="#RightShoulder-Interpolations"/></sampler><channel source="#RightShoulder-Matrix-animation-transform" target="RightShoulder/matrix"/></animation>
    <animation id="RightArm-anim" name="RightArm"><source id="RightArm-Matrix-animation-input"><float_array id="RightArm-Matrix-animation-input-array" count="17">

0.000000 0.033333 0.066667 0.100000 0.133333 0.166667 0.200000 0.233333 0.266667 0.300000 0.333333 0.366667 0.400000 0.433333 0.466667 0.500000
0.533333</float_array><technique_common><accessor source="#RightArm-Matrix-animation-input-array" count="17"><param name="TIME" type="float"/></accessor></technique_common></source><source id="RightArm-Matrix-animation-output-transform"><float_array id="RightArm-Matrix-animation-output-transform-array" count="272">

0.374541 -0.909822 0.178726 -16.797300 0.714106 0.405998 0.570279 -5.746200 -0.591415 -0.085964 0.801772 -3.882900 0.000000 0.000000 0.000000 1.000000
0.277251 -0.941644 0.190890 -16.797300 0.603228 0.325239 0.728241 -5.746200 -0.747829 -0.086756 0.658199 -3.882900 0.000000 0.000000 0.000000 1.000000
0.399601 -0.873046 0.279480 -16.797300 0.474375 0.457826 0.751907 -5.746200 -0.784403 -0.167884 0.597099 -3.882900 0.000000 0.000000 0.000000 1.000000
0.473147 -0.844068 0.252351 -16.797300 0.545847 0.505709 0.668064 -5.746200 -0.691508 -0.178347 0.700006 -3.882900 0.000000 0.000000 0.000000 1.000000
0.463621 -0.860626 0.210661 -16.797300 0.764280 0.508729 0.396322 -5.746200 -0.448255 -0.022740 0.893617 -3.882900 0.000000 0.000000 0.000000 1.000000
0.384855 -0.889668 0.245719 -16.797300 0.883616 0.432062 0.180402 -5.746200 -0.266663 0.147692 0.952406 -3.882900 0.000000 0.000000 0.000000 1.000000
0.334401 -0.919415 0.207010 -16.797300 0.921580 0.364965 0.132250 -5.746200 -0.197144 0.146552 0.969359 -3.882900 0.000000 0.000000 0.000000 1.000000
0.409164 -0.911230 0.047368 -16.797300 0.901647 0.411739 0.132304 -5.746200 -0.140063 -0.011425 0.990077 -3.882900 0.000000 0.000000 0.000000 1.000000
0.487740 -0.872054 -0.040394 -16.797300 0.854872 0.486484 -0.180351 -5.746200 0.176927 0.053432 0.982773 -3.882900 0.000000 0.000000 0.000000 1.000000
0.518409 -0.853233 -0.056960 -16.797300 0.710553 0.466864 -0.526453 -5.746200 0.475780 0.232445 0.848294 -3.882900 0.000000 0.000000 0.000000 1.000000
0.538138 -0.803496 -0.254563 -16.797300 0.489722 0.543883 -0.681442 -5.746200 0.685988 0.242045 0.686173 -3.882900 0.000000 0.000000 0.000000 1.000000
0.447250 -0.809350 -0.380684 -16.797300 0.519668 0.581561 -0.625885 -5.746200 0.727951 0.082098 0.680696 -3.882900 0.000000 0.000000 0.000000 1.000000
0.424097 -0.829001 -0.364555 -16.797300 0.636661 0.559205 -0.530992 -5.746200 0.644054 -0.006906 0.764949 -3.882900 0.000000 0.000000 0.000000 1.000000
0.526063 -0.829330 -0.188334 -16.797300 0.722218 0.552587 -0.415990 -5.746200 0.449064 0.082819 0.889653 -3.882900 0.000000 0.000000 0.000000 1.000000
0.601931 -0.793971 0.085379 -16.797300 0.792634 0.581059 -0.184665 -5.746200 0.097009 0.178830 0.979086 -3.882900 0.000000 0.000000 0.000000 1.000000
0.527957 -0.810974 0.252154 -16.797300 0.795050 0.576351 0.188985 -5.746200 -0.298591 0.100700 0.949054 -3.882900 0.000000 0.000000 0.000000 1.000000
0.374541 -0.909822 0.178726 -16.797300 0.714106 0.405998 0.570279 -5.746200 -0.591415 -0.085963 0.801772 -3.882900 0.000000 0.000000 0.000000 1.000000</float_array><technique_common><accessor source="#RightArm-Matrix-animation-output-transform-array" count="17" stride="16"><param type="float4x4"/></accessor></technique_common></source><source id="RightArm-Interpolations"><Name_array id="RightArm-Interpolations-array" count="17">
 LINEAR LINEAR LINEAR LINEAR LINEAR LINEAR LINEAR LINEAR LINEAR LINEAR LINEAR
LINEAR LINEAR LINEAR LINEAR LINEAR LINEAR</Name_array><technique_common><accessor source="#RightArm-Interpolations-array" count="17"><param type="name"/></accessor></technique_common></source><sampler id="RightArm-Matrix-animation-transform"><input semantic="INPUT" source="#RightArm-Matrix-animation-input"/><input semantic="OUTPUT" source="#RightArm-Matrix-animation-output-transform"/><input semantic="INTERPOLATION" source="#RightArm-Interpolations"/></sampler><channel source="#RightArm-Matrix-animation-transform" target="RightArm/matrix"/></animation>
    <animation id="RightForeArm-anim" name="RightForeArm"><source id="RightForeArm-Matrix-animation-input"><float_array id="RightForeArm-Matrix-animation-input-array" count="17">

0.000000 0.033333 0.066667 0.100000 0.133333 0.166667 0.200000 0.233333 0.266667 0.300000 0.333333 0.366667 0.400000 0.433333 0.466667 0.500000
0.533333</float_array><technique_common><accessor source="#RightForeArm-Matrix-animation-input-array" count="17"><param name="TIME" type="float"/></accessor></technique_common></source><source id="RightForeArm-Matrix-animation-output-transform"><float_array id="RightForeArm-Matrix-animation-output-transform-array" count="272">

0.374001 0.008768 0.927387 -26.183201 -0.003089 0.999962 -0.008208 0.226400 -0.927423 0.000205 0.374014 -1.783800 0.000000 0.000000 0.000000 1.000000
0.115867 0.008777 0.993226 -26.183201 -0.000849 0.999961 -0.008738 0.226400 -0.993264 0.000169 0.115870 -1.783800 0.000000 0.000000 0.000000 1.000000
-0.225093 0.008773 0.974298 -26.183201 0.002092 0.999962 -0.008521 0.226400 -0.974335 0.000121 -0.225102 -1.783800 0.000000 0.000000 0.000000 1.000000
-0.444251 0.008763 0.895860 -26.183201 0.003973 0.999962 -0.007811 0.226400 -0.895894 0.000089 -0.444268 -1.783800 0.000000 0.000000 0.000000 1.000000
-0.390913 0.008766 0.920386 -26.183201 0.003516 0.999962 -0.008031 0.226400 -0.920421 0.000097 -0.390929 -1.783800 0.000000 0.000000 0.000000 1.000000
0.073119 0.008777 0.997285 -26.183201 -0.000479 0.999961 -0.008765 0.226400 -0.997323 0.000163 0.073121 -1.783800 0.000000 0.000000 0.000000 1.000000
0.722259 0.008734 0.691567 -26.183201 -0.006133 0.999962 -0.006224 0.226400 -0.691595 0.000254 0.722285 -1.783800 0.000000 0.000000 0.000000 1.000000
0.992091 0.008654 0.125221 -26.183201 -0.008549 0.999963 -0.001374 0.226400 -0.125228 0.000293 0.992128 -1.783800 0.000000 0.000000 0.000000 1.000000
0.945111 0.008682 0.326633 -26.183201 -0.008113 0.999962 -0.003106 0.226400 -0.326648 0.000286 0.945146 -1.783800 0.000000 0.000000 0.000000 1.000000
0.746854 0.008730 0.664931 -26.183201 -0.006349 0.999962 -0.005998 0.226400 -0.664958 0.000258 0.746881 -1.783800 0.000000 0.000000 0.000000 1.000000
0.546794 0.008755 0.837222 -26.183201 -0.004595 0.999962 -0.007455 0.226400 -0.837255 0.000230 0.546813 -1.783800 0.000000 0.000000 0.000000 1.000000
0.576822 0.008752 0.816823 -26.183201 -0.004857 0.999962 -0.007284 0.226400 -0.816855 0.000234 0.576842 -1.783800 0.000000 0.000000 0.000000 1.000000
0.631324 0.008746 0.775470 -26.183201 -0.005334 0.999962 -0.006935 0.226400 -0.775500 0.000242 0.631347 -1.783800 0.000000 0.000000 0.000000 1.000000
0.625646 0.008746 0.780058 -26.183201 -0.005284 0.999962 -0.006974 0.226400 -0.780089 0.000241 0.625668 -1.783800 0.000000 0.000000 0.000000 1.000000
0.609819 0.008748 0.792492 -26.183201 -0.005145 0.999962 -0.007079 0.226400 -0.792524 0.000239 0.609841 -1.783800 0.000000 0.000000 0.000000 1.000000
0.561752 0.008753 0.827260 -26.183201 -0.004726 0.999962 -0.007372 0.226400 -0.827293 0.000232 0.561771 -1.783800 0.000000 0.000000 0.000000 1.000000
0.374001 0.008767 0.927387 -26.183201 -0.003089 0.999962 -0.008208 0.226400 -0.927423 0.000205 0.374013 -1.783800 0.000000 0.000000 0.000000 1.000000</float_array><technique_common><accessor source="#RightForeArm-Matrix-animation-output-transform-array" count="17" stride="16"><param type="float4x4"/></accessor></technique_common></source><source id="RightForeArm-Interpolations"><Name_array id="RightForeArm-Interpolations-array" count="17">
 LINEAR LINEAR LINEAR LINEAR LINEAR LINEAR LINEAR LINEAR LINEAR LINEAR LINEAR
LINEAR LINEAR LINEAR LINEAR LINEAR LINEAR</Name_array><technique_common><accessor source="#RightForeArm-Interpolations-array" count="17"><param type="name"/></accessor></technique_common></source><sampler id="RightForeArm-Matrix-animation-transform"><input semantic="INPUT" source="#RightForeArm-Matrix-animation-input"/><input semantic="OUTPUT" source="#RightForeArm-Matrix-animation-output-transform"/><input semantic="INTERPOLATION" source="#RightForeArm-Interpolations"/></sampler><channel source="#RightForeArm-Matrix-animation-transform" target="RightForeArm/matrix"/></animation>
    <animation id="RightHand-anim" name="RightHand"><source id="RightHand-Matrix-animation-input"><float_array id="RightHand-Matrix-animation-input-array" count="17">

0.000000 0.033333 0.066667 0.100000 0.133333 0.166667 0.200000 0.233333 0.266667 0.300000 0.333333 0.366667 0.400000 0.433333 0.466667 0.500000
0.533333</float_array><technique_common><accessor source="#RightHand-Matrix-animation-input-array" count="17"><param name="TIME" type="float"/></accessor></technique_common></source><source id="RightHand-Matrix-animation-output-transform"><float_array id="RightHand-Matrix-animation-output-transform-array" count="272">

0.932009 0.071253 0.355362 -28.289301 -0.208650 0.907194 0.365327 0.000000 -0.296352 -0.414635 0.860380 0.000000 0.000000 0.000000 0.000000 1.000000
0.793381 0.065074 0.605237 -28.289301 -0.386813 0.821615 0.418718 0.000000 -0.470024 -0.566317 0.677025 0.000000 0.000000 0.000000 0.000000 1.000000
0.664544 0.100339 0.740482 -28.289301 -0.479398 0.817382 0.319475 0.000000 -0.573201 -0.567290 0.591289 -0.000000 0.000000 0.000000 0.000000 1.000000
0.670337 0.255302 0.696757 -28.289301 -0.501155 0.848223 0.171350 -0.000000 -0.547259 -0.464045 0.696541 0.000000 0.000000 0.000000 0.000000 1.000000
0.672781 0.353138 0.650122 -28.289301 -0.521992 0.849297 0.078858 0.000000 -0.524299 -0.392413 0.755726 -0.000000 0.000000 0.000000 0.000000 1.000000
0.848002 0.244388 0.470284 -28.289301 -0.416722 0.855719 0.306737 -0.000000 -0.327468 -0.456092 0.827493 0.000000 0.000000 0.000000 0.000000 1.000000
0.997099 0.072857 -0.022043 -28.289301 -0.061869 0.944412 0.322889 0.000000 0.044342 -0.320589 0.946180 0.000000 0.000000 0.000000 0.000000 1.000000
0.955320 -0.005559 -0.295522 -28.289301 -0.016530 0.997253 -0.072197 0.000000 0.295111 0.073856 0.952604 0.000000 0.000000 0.000000 0.000000 1.000000
0.947431 -0.084541 -0.308589 -28.289301 0.034647 0.985898 -0.163724 0.000000 0.318079 0.144425 0.936999 0.000000 0.000000 0.000000 0.000000 1.000000
0.957497 -0.142654 -0.250697 -28.289301 0.161446 0.985294 0.055960 -0.000000 0.239027 -0.094055 0.966447 -0.000000 0.000000 0.000000 0.000000 1.000000
0.985059 -0.060432 -0.161263 -28.289301 0.097841 0.966990 0.235282 0.000000 0.141722 -0.247545 0.958455 0.000000 0.000000 0.000000 0.000000 1.000000
0.990558 0.134699 -0.025506 -28.289301 -0.118218 0.933475 0.338599 0.000000 0.069418 -0.332387 0.940585 0.000000 0.000000 0.000000 0.000000 1.000000
0.950118 0.234634 0.205481 -28.289301 -0.301339 0.860507 0.410758 0.000000 -0.080440 -0.452188 0.888288 0.000000 0.000000 0.000000 0.000000 1.000000
0.850500 0.244238 0.465831 -28.289301 -0.447106 0.802184 0.395722 0.000000 -0.277032 -0.544837 0.791458 0.000000 0.000000 0.000000 0.000000 1.000000
0.670294 0.236678 0.703341 -28.289301 -0.553564 0.790692 0.261482 0.000000 -0.494239 -0.564615 0.661013 0.000000 0.000000 0.000000 0.000000 1.000000
0.759074 0.107524 0.642064 -28.289301 -0.363536 0.888174 0.281048 0.000000 -0.540045 -0.446750 0.713278 0.000000 0.000000 0.000000 0.000000 1.000000
0.932009 0.071253 0.355362 -28.289301 -0.208650 0.907194 0.365327 0.000000 -0.296352 -0.414635 0.860380 0.000000 0.000000 0.000000 0.000000 1.000000</float_array><technique_common><accessor source="#RightHand-Matrix-animation-output-transform-array" count="17" stride="16"><param type="float4x4"/></accessor></technique_common></source><source id="RightHand-Interpolations"><Name_array id="RightHand-Interpolations-array" count="17">
 LINEAR LINEAR LINEAR LINEAR LINEAR LINEAR LINEAR LINEAR LINEAR LINEAR LINEAR
LINEAR LINEAR LINEAR LINEAR LINEAR LINEAR</Name_array><technique_common><accessor source="#RightHand-Interpolations-array" count="17"><param type="name"/></accessor></technique_common></source><sampler id="RightHand-Matrix-animation-transform"><input semantic="INPUT" source="#RightHand-Matrix-animation-input"/><input semantic="OUTPUT" source="#RightHand-Matrix-animation-output-transform"/><input semantic="INTERPOLATION" source="#RightHand-Interpolations"/></sampler><channel source="#RightHand-Matrix-animation-transform" target="RightHand/matrix"/></animation>
    <animation id="RightHandThumb1-anim" name="RightHandThumb1"><source id="RightHandThumb1-Matrix-animation-input"><float_array id="RightHandThumb1-Matrix-animation-input-array" count="17">

0.000000 0.033333 0.066667 0.100000 0.133333 0.166667 0.200000 0.233333 0.266667 0.300000 0.333333 0.366667 0.400000 0.433333 0.466667 0.500000
0.533333</float_array><technique_common><accessor source="#RightHandThumb1-Matrix-animation-input-array" count="17"><param name="TIME" type="float"/></accessor></technique_common></source><source id="RightHandThumb1-Matrix-animation-output-transform"><float_array id="RightHandThumb1-Matrix-animation-output-transform-array" count="272">

0.989106 0.126343 0.075541 -6.383200 -0.128911 0.991198 0.030126 -2.634300 -0.071070 -0.039536 0.996688 4.036200 0.000000 0.000000 0.000000 1.000000
0.989106 0.126343 0.075540 -6.383200 -0.128911 0.991198 0.030126 -2.634300 -0.071069 -0.039536 0.996688 4.036200 0.000000 0.000000 0.000000 1.000000
0.989106 0.126343 0.075540 -6.383200 -0.128911 0.991198 0.030126 -2.634300 -0.071069 -0.039536 0.996688 4.036200 0.000000 0.000000 0.000000 1.000000
0.989106 0.126343 0.075540 -6.383200 -0.128911 0.991198 0.030126 -2.634300 -0.071069 -0.039536 0.996688 4.036200 0.000000 0.000000 0.000000 1.000000
0.989106 0.126343 0.075540 -6.383200 -0.128911 0.991198 0.030126 -2.634300 -0.071069 -0.039536 0.996688 4.036200 0.000000 0.000000 0.000000 1.000000
0.989106 0.126344 0.075540 -6.383200 -0.128912 0.991198 0.030126 -2.634300 -0.071069 -0.039536 0.996688 4.036200 0.000000 0.000000 0.000000 1.000000
0.989106 0.126343 0.075540 -6.383200 -0.128911 0.991198 0.030126 -2.634300 -0.071069 -0.039536 0.996688 4.036200 0.000000 0.000000 0.000000 1.000000
0.989106 0.126343 0.075540 -6.383200 -0.128911 0.991198 0.030126 -2.634300 -0.071069 -0.039536 0.996688 4.036200 0.000000 0.000000 0.000000 1.000000
0.989106 0.126343 0.075540 -6.383200 -0.128911 0.991198 0.030126 -2.634300 -0.071069 -0.039536 0.996688 4.036200 0.000000 0.000000 0.000000 1.000000
0.989106 0.126343 0.075540 -6.383200 -0.128911 0.991198 0.030126 -2.634300 -0.071069 -0.039536 0.996688 4.036200 0.000000 0.000000 0.000000 1.000000
0.989106 0.126343 0.075540 -6.383200 -0.128911 0.991198 0.030126 -2.634300 -0.071069 -0.039536 0.996688 4.036200 0.000000 0.000000 0.000000 1.000000
0.989106 0.126343 0.075540 -6.383200 -0.128911 0.991198 0.030126 -2.634300 -0.071069 -0.039536 0.996688 4.036200 0.000000 0.000000 0.000000 1.000000
0.989106 0.126343 0.075540 -6.383200 -0.128911 0.991198 0.030126 -2.634300 -0.071069 -0.039536 0.996688 4.036200 0.000000 0.000000 0.000000 1.000000
0.989106 0.126343 0.075540 -6.383200 -0.128911 0.991198 0.030126 -2.634300 -0.071069 -0.039536 0.996688 4.036200 0.000000 0.000000 0.000000 1.000000
0.989106 0.126344 0.075540 -6.383200 -0.128912 0.991198 0.030126 -2.634300 -0.071069 -0.039536 0.996688 4.036200 0.000000 0.000000 0.000000 1.000000
0.989106 0.126344 0.075540 -6.383200 -0.128912 0.991198 0.030126 -2.634300 -0.071069 -0.039536 0.996688 4.036200 0.000000 0.000000 0.000000 1.000000
0.989106 0.126343 0.075541 -6.383200 -0.128911 0.991198 0.030126 -2.634300 -0.071069 -0.039536 0.996688 4.036200 0.000000 0.000000 0.000000 1.000000</float_array><technique_common><accessor source="#RightHandThumb1-Matrix-animation-output-transform-array" count="17" stride="16"><param type="float4x4"/></accessor></technique_common></source><source id="RightHandThumb1-Interpolations"><Name_array id="RightHandThumb1-Interpolations-array" count="17">
 LINEAR LINEAR LINEAR LINEAR LINEAR LINEAR LINEAR LINEAR LINEAR LINEAR LINEAR
LINEAR LINEAR LINEAR LINEAR LINEAR LINEAR</Name_array><technique_common><accessor source="#RightHandThumb1-Interpolations-array" count="17"><param type="name"/></accessor></technique_common></source><sampler id="RightHandThumb1-Matrix-animation-transform"><input semantic="INPUT" source="#RightHandThumb1-Matrix-animation-input"/><input semantic="OUTPUT" source="#RightHandThumb1-Matrix-animation-output-transform"/><input semantic="INTERPOLATION" source="#RightHandThumb1-Interpolations"/></sampler><channel source="#RightHandThumb1-Matrix-animation-transform" target="RightHandThumb1/matrix"/></animation>
    <animation id="RightHandThumb2-anim" name="RightHandThumb2"><source id="RightHandThumb2-Matrix-animation-input"><float_array id="RightHandThumb2-Matrix-animation-input-array" count="17">

0.000000 0.033333 0.066667 0.100000 0.133333 0.166667 0.200000 0.233333 0.266667 0.300000 0.333333 0.366667 0.400000 0.433333 0.466667 0.500000
0.533333</float_array><technique_common><accessor source="#RightHandThumb2-Matrix-animation-input-array" count="17"><param name="TIME" type="float"/></accessor></technique_common></source><source id="RightHandThumb2-Matrix-animation-output-transform"><float_array id="RightHandThumb2-Matrix-animation-output-transform-array" count="272">

0.906346 0.071711 -0.416407 -3.383300 -0.165253 0.967157 -0.193129 -1.953300 0.388882 0.243854 0.888429 1.953300 0.000000 0.000000 0.000000 1.000000
0.906346 0.071711 -0.416407 -3.383300 -0.165253 0.967157 -0.193128 -1.953300 0.388882 0.243853 0.888429 1.953300 0.000000 0.000000 0.000000 1.000000
0.906346 0.071711 -0.416407 -3.383300 -0.165253 0.967157 -0.193129 -1.953300 0.388881 0.243854 0.888429 1.953300 0.000000 0.000000 0.000000 1.000000
0.906346 0.071711 -0.416407 -3.383300 -0.165253 0.967157 -0.193129 -1.953300 0.388881 0.243854 0.888429 1.953300 0.000000 0.000000 0.000000 1.000000
0.906346 0.071711 -0.416407 -3.383300 -0.165253 0.967157 -0.193129 -1.953300 0.388881 0.243854 0.888429 1.953300 0.000000 0.000000 0.000000 1.000000
0.906346 0.071711 -0.416407 -3.383300 -0.165253 0.967157 -0.193129 -1.953300 0.388881 0.243854 0.888429 1.953300 0.000000 0.000000 0.000000 1.000000
0.906346 0.071712 -0.416407 -3.383300 -0.165253 0.967157 -0.193129 -1.953300 0.388881 0.243854 0.888429 1.953300 0.000000 0.000000 0.000000 1.000000
0.906346 0.071711 -0.416407 -3.383300 -0.165253 0.967157 -0.193129 -1.953300 0.388881 0.243854 0.888429 1.953300 0.000000 0.000000 0.000000 1.000000
0.906346 0.071711 -0.416407 -3.383300 -0.165253 0.967157 -0.193129 -1.953300 0.388881 0.243854 0.888429 1.953300 0.000000 0.000000 0.000000 1.000000
0.906346 0.071711 -0.416407 -3.383300 -0.165253 0.967157 -0.193129 -1.953300 0.388881 0.243854 0.888429 1.953300 0.000000 0.000000 0.000000 1.000000
0.906346 0.071711 -0.416407 -3.383300 -0.165253 0.967157 -0.193129 -1.953300 0.388881 0.243854 0.888429 1.953300 0.000000 0.000000 0.000000 1.000000
0.906346 0.071712 -0.416407 -3.383300 -0.165253 0.967157 -0.193129 -1.953300 0.388881 0.243854 0.888429 1.953300 0.000000 0.000000 0.000000 1.000000
0.906346 0.071712 -0.416407 -3.383300 -0.165253 0.967157 -0.193129 -1.953300 0.388881 0.243854 0.888429 1.953300 0.000000 0.000000 0.000000 1.000000
