<?xml version="1.0" encoding="utf-8"?>
<COLLADA xmlns="http://www.collada.org/2005/11/COLLADASchema" version="1.4.1">
  <asset><contributor><author>Mixamo</author><authoring_tool>COLLADA Mixamo exporter</authoring_tool><comments></comments></contributor><created>2018-04-27T17:59:10Z</created><modified>2018-04-27T17:59:10Z</modified><revision></revision><title></title><unit meter="0.010000"/><up_axis>Y_UP</up_axis></asset>
  <library_animations>
    <animation id="Hips-anim" name="Hips"><source id="Hips-Matrix-animation-input"><float_array id="Hips-Matrix-animation-input-array" count="131">

0.000000 0.033333 0.066667 0.100000 0.133333 0.166667 0.200000 0.233333 0.266667 0.300000 0.333333 0.366667 0.400000 0.433333 0.466667 0.500000
0.533333 0.566667 0.600000 0.633333 0.666667 0.700000 0.733333 0.766667 0.800000 0.833333 0.866667 0.900000 0.933333 0.966667 1.000000 1.033333
1.066667 1.100000 1.133333 1.166667 1.200000 1.233333 1.266667 1.300000 1.333333 1.366667 1.400000 1.433333 1.466667 1.500000 1.533333 1.566667
1.600000 1.633333 1.666667 1.700000 1.733333 1.766667 1.800000 1.833333 1.866667 1.900000 1.933333 1.966667 2.000000 2.033333 2.066667 2.100000
2.133333 2.166667 2.200000 2.233333 2.266667 2.300000 2.333333 2.366667 2.400000 2.433333 2.466667 2.500000 2.533333 2.566667 2.600000 2.633333
2.666667 2.700000 2.733333 2.766667 2.800000 2.833333 2.866667 2.900000 2.933333 2.966667 3.000000 3.033333 3.066667 3.100000 3.133333 3.166667
3.200000 3.233333 3.266667 3.300000 3.333333 3.366667 3.400000 3.433333 3.466667 3.500000 3.533333 3.566667 3.600000 3.633333 3.666667 3.700000
3.733333 3.766667 3.800000 3.833333 3.866667 3.900000 3.933333 3.966667 4.000000 4.033333 4.066667 4.100000 4.133333 4.166667 4.200000 4.233333
4.266667 4.300000 4.333333</float_array><technique_common><accessor source="#Hips-Matrix-animation-input-array" count="131"><param name="TIME" type="float"/></accessor></technique_common></source><source id="Hips-Matrix-animation-output-transform"><float_array id="Hips-Matrix-animation-output-transform-array" count="2096">

0.999117 0.003181 0.041892 -0.019210 -0.003655 0.999930 0.011226 109.792892 -0.041854 -0.011369 0.999059 -1.679971 0.000000 0.000000 0.000000 1.000000
0.999125 0.003342 0.041688 -0.014213 -0.003799 0.999934 0.010885 109.786591 -0.041649 -0.011034 0.999071 -1.664525 0.000000 0.000000 0.000000 1.000000
0.999132 0.003453 0.041516 -0.015724 -0.003893 0.999937 0.010510 109.780777 -0.041477 -0.010663 0.999083 -1.649877 0.000000 0.000000 0.000000 1.000000
0.999138 0.003448 0.041378 -0.028137 -0.003879 0.999939 0.010340 109.767365 -0.041340 -0.010492 0.999090 -1.635517 0.000000 0.000000 0.000000 1.000000
0.999146 0.003298 0.041189 -0.042511 -0.003726 0.999940 0.010320 109.749664 -0.041152 -0.010465 0.999098 -1.621136 0.000000 0.000000 0.000000 1.000000
0.999158 0.003154 0.040896 -0.047160 -0.003569 0.999943 0.010095 109.752693 -0.040862 -0.010232 0.999112 -1.610791 0.000000 0.000000 0.000000 1.000000
0.999167 0.002993 0.040688 -0.044268 -0.003398 0.999945 0.009876 109.771790 -0.040657 -0.010006 0.999123 -1.606530 0.000000 0.000000 0.000000 1.000000
0.999175 0.002780 0.040525 -0.043792 -0.003176 0.999948 0.009697 109.776863 -0.040496 -0.009818 0.999131 -1.603841 0.000000 0.000000 0.000000 1.000000
0.999192 0.002667 0.040094 -0.049259 -0.003040 0.999953 0.009242 109.769531 -0.040068 -0.009357 0.999153 -1.599808 0.000000 0.000000 0.000000 1.000000
0.999206 0.002521 0.039762 -0.052859 -0.002896 0.999952 0.009363 109.765594 -0.039737 -0.009470 0.999165 -1.600043 0.000000 0.000000 0.000000 1.000000
0.999188 0.002137 0.040242 -0.045615 -0.002583 0.999936 0.011031 109.759094 -0.040216 -0.011126 0.999129 -1.606704 0.000000 0.000000 0.000000 1.000000
0.999159 0.001780 0.040969 -0.032211 -0.002309 0.999915 0.012857 109.746490 -0.040943 -0.012941 0.999078 -1.614989 0.000000 0.000000 0.000000 1.000000
0.999152 0.001465 0.041157 -0.025335 -0.002016 0.999909 0.013373 109.742218 -0.041133 -0.013444 0.999063 -1.625387 0.000000 0.000000 0.000000 1.000000
0.999153 0.001230 0.041120 -0.023802 -0.001779 0.999910 0.013312 109.752632 -0.041100 -0.013374 0.999066 -1.639769 0.000000 0.000000 0.000000 1.000000
0.999146 0.001937 0.041278 -0.020834 -0.002490 0.999908 0.013357 109.757431 -0.041248 -0.013449 0.999058 -1.655316 0.000000 0.000000 0.000000 1.000000
0.999133 0.003459 0.041494 -0.025363 -0.004019 0.999902 0.013429 109.746071 -0.041443 -0.013584 0.999049 -1.670495 0.000000 0.000000 0.000000 1.000000
0.999136 0.004500 0.041309 -0.041160 -0.005063 0.999896 0.013531 109.737434 -0.041244 -0.013728 0.999055 -1.681187 0.000000 0.000000 0.000000 1.000000
0.999147 0.004348 0.041053 -0.038427 -0.004918 0.999893 0.013789 109.740196 -0.040989 -0.013979 0.999062 -1.689376 0.000000 0.000000 0.000000 1.000000
0.999134 0.002366 0.041542 0.014421 -0.002957 0.999895 0.014185 109.753143 -0.041504 -0.014296 0.999036 -1.709461 0.000000 0.000000 0.000000 1.000000
0.999104 -0.000384 0.042318 0.086153 -0.000236 0.999893 0.014645 109.775551 -0.042319 -0.014642 0.998997 -1.732896 0.000000 0.000000 0.000000 1.000000
0.999096 -0.001405 0.042494 0.118513 0.000753 0.999882 0.015341 109.791740 -0.042510 -0.015296 0.998979 -1.736315 0.000000 0.000000 0.000000 1.000000
0.999107 -0.000882 0.042253 0.114232 0.000199 0.999869 0.016156 109.787361 -0.042262 -0.016133 0.998976 -1.729007 0.000000 0.000000 0.000000 1.000000
0.999121 -0.000301 0.041916 0.105568 -0.000392 0.999863 0.016533 109.773697 -0.041916 -0.016535 0.998984 -1.730529 0.000000 0.000000 0.000000 1.000000
0.999145 0.000258 0.041335 0.098921 -0.000934 0.999866 0.016341 109.767776 -0.041325 -0.016365 0.999012 -1.737402 0.000000 0.000000 0.000000 1.000000
0.999157 0.000731 0.041049 0.093739 -0.001423 0.999858 0.016814 109.762657 -0.041031 -0.016858 0.999016 -1.744687 0.000000 0.000000 0.000000 1.000000
0.999122 0.000655 0.041887 0.097811 -0.001466 0.999812 0.019337 109.744469 -0.041867 -0.019382 0.998935 -1.756224 0.000000 0.000000 0.000000 1.000000
0.999081 0.000660 0.042867 0.101005 -0.001613 0.999752 0.022208 109.724747 -0.042841 -0.022257 0.998834 -1.769812 0.000000 0.000000 0.000000 1.000000
0.999082 0.001320 0.042810 0.088714 -0.002306 0.999733 0.022983 109.718643 -0.042769 -0.023061 0.998819 -1.780821 0.000000 0.000000 0.000000 1.000000
0.999091 0.001399 0.042611 0.084586 -0.002361 0.999743 0.022531 109.722107 -0.042568 -0.022611 0.998838 -1.794422 0.000000 0.000000 0.000000 1.000000
0.999069 -0.000006 0.043141 0.108117 -0.000961 0.999749 0.022389 109.732674 -0.043130 -0.022410 0.998818 -1.814529 0.000000 0.000000 0.000000 1.000000
0.999045 -0.001524 0.043666 0.124757 0.000543 0.999747 0.022468 109.746315 -0.043689 -0.022422 0.998794 -1.832648 0.000000 0.000000 0.000000 1.000000
0.999050 -0.002001 0.043537 0.116045 0.001028 0.999749 0.022378 109.751083 -0.043570 -0.022312 0.998801 -1.844574 0.000000 0.000000 0.000000 1.000000
0.999065 -0.001966 0.043179 0.109691 0.001008 0.999753 0.022185 109.748238 -0.043212 -0.022121 0.998821 -1.854202 0.000000 0.000000 0.000000 1.000000
0.999075 -0.001892 0.042950 0.112908 0.000947 0.999757 0.022021 109.746384 -0.042982 -0.021960 0.998834 -1.862247 0.000000 0.000000 0.000000 1.000000
0.999078 -0.001814 0.042905 0.116986 0.000878 0.999762 0.021821 109.752365 -0.042934 -0.021763 0.998841 -1.868867 0.000000 0.000000 0.000000 1.000000
0.999072 -0.001788 0.043045 0.126597 0.000865 0.999769 0.021457 109.778923 -0.043074 -0.021400 0.998843 -1.873111 0.000000 0.000000 0.000000 1.000000
0.999066 -0.001782 0.043174 0.138192 0.000871 0.999777 0.021115 109.814987 -0.043202 -0.021058 0.998844 -1.873404 0.000000 0.000000 0.000000 1.000000
0.999052 -0.001592 0.043500 0.140477 0.000682 0.999781 0.020922 109.827759 -0.043524 -0.020873 0.998834 -1.872629 0.000000 0.000000 0.000000 1.000000
0.999023 -0.001198 0.044185 0.134936 0.000306 0.999796 0.020180 109.821426 -0.044200 -0.020147 0.998820 -1.871796 0.000000 0.000000 0.000000 1.000000
0.998985 -0.001044 0.045034 0.129909 0.000161 0.999808 0.019594 109.818604 -0.045046 -0.019566 0.998793 -1.871916 0.000000 0.000000 0.000000 1.000000
0.998912 -0.001504 0.046615 0.127854 0.000479 0.999758 0.021985 109.811615 -0.046637 -0.021939 0.998671 -1.883239 0.000000 0.000000 0.000000 1.000000
0.998810 -0.002148 0.048733 0.125146 0.000862 0.999651 0.026395 109.796989 -0.048772 -0.026321 0.998463 -1.908428 0.000000 0.000000 0.000000 1.000000
0.998761 -0.002343 0.049700 0.119398 0.000931 0.999596 0.028420 109.794693 -0.049747 -0.028339 0.998360 -1.930804 0.000000 0.000000 0.000000 1.000000
0.998769 -0.002182 0.049546 0.110647 0.000801 0.999611 0.027874 109.804932 -0.049587 -0.027800 0.998383 -1.942540 0.000000 0.000000 0.000000 1.000000
0.998759 -0.002024 0.049762 0.097556 0.000668 0.999629 0.027239 109.805756 -0.049799 -0.027172 0.998390 -1.953987 0.000000 0.000000 0.000000 1.000000
0.998739 -0.001852 0.050177 0.077400 0.000493 0.999633 0.027096 109.795288 -0.050209 -0.027037 0.998373 -1.972541 0.000000 0.000000 0.000000 1.000000
0.998750 -0.001640 0.049967 0.054689 0.000287 0.999634 0.027069 109.789749 -0.049994 -0.027021 0.998384 -1.998622 0.000000 0.000000 0.000000 1.000000
0.998772 -0.001458 0.049522 0.038361 0.000127 0.999639 0.026875 109.784439 -0.049543 -0.026836 0.998411 -2.028548 0.000000 0.000000 0.000000 1.000000
0.998788 -0.001228 0.049203 0.031924 -0.000081 0.999646 0.026602 109.765465 -0.049219 -0.026574 0.998434 -2.059215 0.000000 0.000000 0.000000 1.000000
0.998801 -0.001261 0.048933 0.042288 -0.000037 0.999649 0.026499 109.754509 -0.048949 -0.026469 0.998450 -2.094345 0.000000 0.000000 0.000000 1.000000
0.998803 -0.001823 0.048884 0.069373 0.000527 0.999649 0.026500 109.782913 -0.048915 -0.026442 0.998453 -2.134970 0.000000 0.000000 0.000000 1.000000
0.998787 -0.002200 0.049194 0.094696 0.000891 0.999645 0.026629 109.823807 -0.049235 -0.026553 0.998434 -2.176013 0.000000 0.000000 0.000000 1.000000
0.998765 -0.002038 0.049645 0.106248 0.000705 0.999639 0.026855 109.835594 -0.049682 -0.026786 0.998406 -2.215132 0.000000 0.000000 0.000000 1.000000
0.998764 -0.001801 0.049681 0.110628 0.000481 0.999647 0.026576 109.834419 -0.049711 -0.026519 0.998412 -2.251288 0.000000 0.000000 0.000000 1.000000
0.998773 -0.001836 0.049488 0.121247 0.000525 0.999649 0.026476 109.833672 -0.049519 -0.026417 0.998424 -2.284332 0.000000 0.000000 0.000000 1.000000
0.998734 -0.002256 0.050243 0.145208 0.000828 0.999596 0.028427 109.826836 -0.050287 -0.028349 0.998332 -2.316882 0.000000 0.000000 0.000000 1.000000
0.998670 -0.002584 0.051500 0.169030 0.000984 0.999517 0.031076 109.821800 -0.051555 -0.030984 0.998189 -2.351276 0.000000 0.000000 0.000000 1.000000
0.998668 -0.002245 0.051554 0.176053 0.000619 0.999503 0.031527 109.822449 -0.051599 -0.031453 0.998172 -2.385486 0.000000 0.000000 0.000000 1.000000
0.998720 -0.001599 0.050553 0.178154 0.000051 0.999532 0.030596 109.824173 -0.050578 -0.030555 0.998253 -2.416630 0.000000 0.000000 0.000000 1.000000
0.998774 -0.001062 0.049497 0.177973 -0.000432 0.999545 0.030159 109.825592 -0.049506 -0.030143 0.998319 -2.444976 0.000000 0.000000 0.000000 1.000000
0.998823 -0.000388 0.048507 0.158708 -0.001072 0.999548 0.030056 109.824081 -0.048497 -0.030072 0.998371 -2.468506 0.000000 0.000000 0.000000 1.000000
0.998870 0.000432 0.047520 0.134511 -0.001853 0.999553 0.029855 109.822586 -0.047486 -0.029909 0.998424 -2.483931 0.000000 0.000000 0.000000 1.000000
0.998912 0.001027 0.046633 0.127515 -0.002410 0.999559 0.029612 109.823692 -0.046582 -0.029692 0.998473 -2.490822 0.000000 0.000000 0.000000 1.000000
0.998948 0.001426 0.045839 0.127335 -0.002772 0.999566 0.029330 109.817383 -0.045777 -0.029426 0.998518 -2.490678 0.000000 0.000000 0.000000 1.000000
0.998975 0.001974 0.045231 0.121644 -0.003287 0.999575 0.028981 109.805923 -0.045155 -0.029100 0.998556 -2.488805 0.000000 0.000000 0.000000 1.000000
0.998984 0.002651 0.044979 0.119972 -0.003936 0.999586 0.028517 109.811890 -0.044884 -0.028665 0.998581 -2.487774 0.000000 0.000000 0.000000 1.000000
0.998981 0.002666 0.045043 0.142917 -0.003931 0.999600 0.028011 109.839043 -0.044950 -0.028159 0.998592 -2.485734 0.000000 0.000000 0.000000 1.000000
0.998979 0.001936 0.045126 0.179393 -0.003182 0.999615 0.027565 109.860336 -0.045055 -0.027680 0.998601 -2.482338 0.000000 0.000000 0.000000 1.000000
0.998996 0.002159 0.044749 0.178553 -0.003366 0.999632 0.026920 109.856888 -0.044674 -0.027044 0.998635 -2.469351 0.000000 0.000000 0.000000 1.000000
0.999017 0.003426 0.044204 0.149488 -0.004596 0.999641 0.026388 109.840759 -0.044098 -0.026566 0.998674 -2.447351 0.000000 0.000000 0.000000 1.000000
0.999001 0.003867 0.044525 0.147811 -0.005074 0.999622 0.027007 109.828796 -0.044403 -0.027206 0.998643 -2.430783 0.000000 0.000000 0.000000 1.000000
0.998970 0.003495 0.045245 0.164404 -0.004766 0.999597 0.027997 109.823730 -0.045129 -0.028184 0.998583 -2.418187 0.000000 0.000000 0.000000 1.000000
0.998971 0.003417 0.045221 0.163941 -0.004672 0.999606 0.027671 109.823357 -0.045108 -0.027854 0.998594 -2.397313 0.000000 0.000000 0.000000 1.000000
0.998995 0.003549 0.044690 0.150694 -0.004747 0.999632 0.026720 109.823219 -0.044579 -0.026906 0.998643 -2.367197 0.000000 0.000000 0.000000 1.000000
0.999021 0.003384 0.044101 0.135345 -0.004544 0.999645 0.026237 109.821259 -0.043997 -0.026411 0.998682 -2.337098 0.000000 0.000000 0.000000 1.000000
0.999049 0.002907 0.043494 0.110911 -0.004033 0.999658 0.025833 109.821289 -0.043404 -0.025984 0.998720 -2.309958 0.000000 0.000000 0.000000 1.000000
0.999077 0.002565 0.042887 0.076898 -0.003651 0.999675 0.025246 109.824486 -0.042808 -0.025379 0.998761 -2.278507 0.000000 0.000000 0.000000 1.000000
0.999101 0.002325 0.042319 0.052228 -0.003371 0.999690 0.024657 109.826530 -0.042249 -0.024778 0.998800 -2.241180 0.000000 0.000000 0.000000 1.000000
0.999109 0.000947 0.042195 0.060832 -0.001973 0.999703 0.024274 109.826080 -0.042159 -0.024335 0.998814 -2.211046 0.000000 0.000000 0.000000 1.000000
0.999093 -0.001652 0.042549 0.097410 0.000624 0.999708 0.024165 109.835823 -0.042577 -0.024116 0.998802 -2.193560 0.000000 0.000000 0.000000 1.000000
0.999079 -0.003398 0.042785 0.123462 0.002375 0.999710 0.023957 109.872009 -0.042854 -0.023833 0.998797 -2.171888 0.000000 0.000000 0.000000 1.000000
0.999076 -0.003674 0.042819 0.125457 0.002659 0.999714 0.023746 109.916351 -0.042894 -0.023610 0.998801 -2.139213 0.000000 0.000000 0.000000 1.000000
0.999073 -0.004001 0.042867 0.124701 0.002962 0.999701 0.024287 109.934448 -0.042951 -0.024137 0.998786 -2.106421 0.000000 0.000000 0.000000 1.000000
0.999079 -0.004814 0.042630 0.125293 0.003753 0.999682 0.024943 109.931328 -0.042737 -0.024760 0.998780 -2.075166 0.000000 0.000000 0.000000 1.000000
0.999090 -0.004755 0.042388 0.116979 0.003699 0.999682 0.024964 109.922211 -0.042493 -0.024785 0.998789 -2.047304 0.000000 0.000000 0.000000 1.000000
0.999047 -0.003361 0.043523 0.114982 0.002217 0.999652 0.026303 109.895683 -0.043596 -0.026182 0.998706 -2.031588 0.000000 0.000000 0.000000 1.000000
0.998973 -0.002228 0.045253 0.126163 0.000906 0.999573 0.029216 109.860504 -0.045298 -0.029145 0.998548 -2.019053 0.000000 0.000000 0.000000 1.000000
0.998971 -0.002247 0.045306 0.126757 0.000863 0.999533 0.030549 109.846809 -0.045353 -0.030478 0.998506 -1.994382 0.000000 0.000000 0.000000 1.000000
0.999013 -0.002521 0.044352 0.116932 0.001192 0.999550 0.029956 109.845863 -0.044408 -0.029874 0.998567 -1.964058 0.000000 0.000000 0.000000 1.000000
0.999029 -0.002172 0.044005 0.114837 0.000880 0.999568 0.029361 109.834152 -0.044050 -0.029294 0.998600 -1.939251 0.000000 0.000000 0.000000 1.000000
0.999040 -0.001355 0.043790 0.111964 0.000089 0.999582 0.028910 109.813271 -0.043811 -0.028879 0.998622 -1.911887 0.000000 0.000000 0.000000 1.000000
0.999069 -0.001032 0.043121 0.103461 -0.000186 0.999602 0.028228 109.801720 -0.043133 -0.028209 0.998671 -1.873290 0.000000 0.000000 0.000000 1.000000
0.999100 -0.001371 0.042383 0.107518 0.000203 0.999620 0.027553 109.798950 -0.042405 -0.027520 0.998721 -1.830774 0.000000 0.000000 0.000000 1.000000
0.999128 -0.001284 0.041741 0.115498 0.000157 0.999635 0.027002 109.784142 -0.041761 -0.026972 0.998764 -1.786946 0.000000 0.000000 0.000000 1.000000
0.999144 -0.000870 0.041362 0.118878 -0.000216 0.999656 0.026225 109.770065 -0.041370 -0.026211 0.998800 -1.737913 0.000000 0.000000 0.000000 1.000000
0.999128 -0.001927 0.041716 0.152314 0.000883 0.999686 0.025024 109.794174 -0.041752 -0.024965 0.998816 -1.692105 0.000000 0.000000 0.000000 1.000000
0.999077 -0.004255 0.042755 0.201518 0.003204 0.999692 0.024627 109.833633 -0.042847 -0.024468 0.998782 -1.660733 0.000000 0.000000 0.000000 1.000000
0.999015 -0.005547 0.044034 0.200239 0.004406 0.999653 0.025971 109.841187 -0.044163 -0.025751 0.998692 -1.638191 0.000000 0.000000 0.000000 1.000000
0.998968 -0.005109 0.045129 0.162387 0.003889 0.999626 0.027077 109.822983 -0.045250 -0.026873 0.998614 -1.611015 0.000000 0.000000 0.000000 1.000000
0.998943 -0.003786 0.045813 0.140694 0.002560 0.999638 0.026794 109.799042 -0.045898 -0.026648 0.998591 -1.579389 0.000000 0.000000 0.000000 1.000000
0.998906 -0.002928 0.046673 0.138064 0.001633 0.999614 0.027747 109.769997 -0.046736 -0.027640 0.998525 -1.551573 0.000000 0.000000 0.000000 1.000000
0.998844 -0.002846 0.047994 0.134625 0.001373 0.999528 0.030706 109.735939 -0.048058 -0.030604 0.998376 -1.525895 0.000000 0.000000 0.000000 1.000000
0.998808 -0.002092 0.048772 0.116603 0.000507 0.999472 0.032484 109.703575 -0.048815 -0.032420 0.998282 -1.498935 0.000000 0.000000 0.000000 1.000000
0.998820 -0.000729 0.048563 0.087590 -0.000830 0.999485 0.032067 109.681564 -0.048562 -0.032069 0.998305 -1.474092 0.000000 0.000000 0.000000 1.000000
0.998843 -0.000311 0.048086 0.058378 -0.001196 0.999509 0.031299 109.673538 -0.048072 -0.031320 0.998353 -1.454906 0.000000 0.000000 0.000000 1.000000
0.998855 -0.000781 0.047829 0.027323 -0.000695 0.999524 0.030840 109.675850 -0.047830 -0.030838 0.998379 -1.442451 0.000000 0.000000 0.000000 1.000000
0.998871 -0.001357 0.047495 -0.002012 -0.000068 0.999550 0.029985 109.687431 -0.047514 -0.029955 0.998421 -1.436586 0.000000 0.000000 0.000000 1.000000
0.998885 -0.002266 0.047150 -0.009415 0.000893 0.999575 0.029131 109.698463 -0.047196 -0.029056 0.998463 -1.433708 0.000000 0.000000 0.000000 1.000000
0.998882 -0.003469 0.047153 -0.001912 0.002109 0.999581 0.028871 109.693924 -0.047233 -0.028739 0.998470 -1.430127 0.000000 0.000000 0.000000 1.000000
0.998889 -0.004481 0.046916 -0.001534 0.003166 0.999601 0.028060 109.689255 -0.047023 -0.027880 0.998505 -1.426607 0.000000 0.000000 0.000000 1.000000
0.998916 -0.005182 0.046263 -0.004820 0.003954 0.999638 0.026605 109.706696 -0.046384 -0.026393 0.998575 -1.422105 0.000000 0.000000 0.000000 1.000000
0.998935 -0.005597 0.045809 -0.005266 0.004422 0.999660 0.025700 109.733742 -0.045937 -0.025470 0.998620 -1.414719 0.000000 0.000000 0.000000 1.000000
0.998947 -0.005993 0.045486 -0.006509 0.004854 0.999673 0.025110 109.747116 -0.045622 -0.024863 0.998649 -1.408924 0.000000 0.000000 0.000000 1.000000
0.998959 -0.006228 0.045188 -0.008057 0.005133 0.999692 0.024289 109.745247 -0.045325 -0.024032 0.998683 -1.409965 0.000000 0.000000 0.000000 1.000000
0.998939 -0.005717 0.045699 0.000934 0.004627 0.999703 0.023922 109.734528 -0.045822 -0.023685 0.998669 -1.422801 0.000000 0.000000 0.000000 1.000000
0.998877 -0.005013 0.047115 0.021870 0.003849 0.999686 0.024774 109.715706 -0.047224 -0.024565 0.998582 -1.445803 0.000000 0.000000 0.000000 1.000000
0.998840 -0.004807 0.047915 0.038419 0.003580 0.999664 0.025677 109.703789 -0.048022 -0.025476 0.998521 -1.466624 0.000000 0.000000 0.000000 1.000000
0.998859 -0.004647 0.047530 0.043193 0.003453 0.999677 0.025182 109.708145 -0.047632 -0.024989 0.998552 -1.482125 0.000000 0.000000 0.000000 1.000000
0.998890 -0.004461 0.046889 0.040572 0.003338 0.999706 0.024004 109.718346 -0.046983 -0.023821 0.998612 -1.498277 0.000000 0.000000 0.000000 1.000000
0.998920 -0.004178 0.046264 0.034766 0.003086 0.999715 0.023661 109.725060 -0.046350 -0.023493 0.998649 -1.510379 0.000000 0.000000 0.000000 1.000000
0.998960 -0.003033 0.045492 0.025401 0.001940 0.999709 0.024053 109.726997 -0.045552 -0.023940 0.998675 -1.515623 0.000000 0.000000 0.000000 1.000000
0.998999 -0.001361 0.044722 0.003457 0.000371 0.999755 0.022128 109.749710 -0.044742 -0.022089 0.998754 -1.537235 0.000000 0.000000 0.000000 1.000000
0.999026 -0.000192 0.044123 -0.026658 -0.000565 0.999853 0.017145 109.794861 -0.044119 -0.017153 0.998879 -1.583373 0.000000 0.000000 0.000000 1.000000
0.999041 0.000467 0.043775 -0.047050 -0.001075 0.999903 0.013869 109.808273 -0.043764 -0.013903 0.998945 -1.619722 0.000000 0.000000 0.000000 1.000000
0.999049 0.001095 0.043591 -0.055722 -0.001697 0.999904 0.013780 109.784668 -0.043572 -0.013841 0.998954 -1.636391 0.000000 0.000000 0.000000 1.000000
0.999053 0.001672 0.043478 -0.059663 -0.002268 0.999904 0.013672 109.782211 -0.043451 -0.013757 0.998961 -1.654295 0.000000 0.000000 0.000000 1.000000
0.999055 0.001949 0.043411 -0.058317 -0.002507 0.999915 0.012807 109.814171 -0.043382 -0.012903 0.998975 -1.674258 0.000000 0.000000 0.000000 1.000000
0.999061 0.002067 0.043283 -0.050693 -0.002600 0.999921 0.012277 109.835136 -0.043254 -0.012378 0.998987 -1.689209 0.000000 0.000000 0.000000 1.000000
0.999077 0.002381 0.042897 -0.040220 -0.002900 0.999924 0.012024 109.823997 -0.042865 -0.012137 0.999007 -1.698805 0.000000 0.000000 0.000000 1.000000
0.999098 0.002801 0.042373 -0.030458 -0.003300 0.999926 0.011713 109.805984 -0.042337 -0.011842 0.999033 -1.698311 0.000000 0.000000 0.000000 1.000000
0.999112 0.003082 0.042014 -0.022572 -0.003563 0.999929 0.011383 109.796371 -0.041976 -0.011523 0.999052 -1.687337 0.000000 0.000000 0.000000 1.000000</float_array><technique_common><accessor source="#Hips-Matrix-animation-output-transform-array" count="131" stride="16"><param type="float4x4"/></accessor></technique_common></source><source id="Hips-Interpolations"><Name_array id="Hips-Interpolations-array" count="131">
 LINEAR LINEAR LINEAR LINEAR LINEAR LINEAR LINEAR LINEAR LINEAR LINEAR LINEAR
LINEAR LINEAR LINEAR LINEAR LINEAR LINEAR LINEAR LINEAR LINEAR LINEAR LINEAR LINEAR
LINEAR LINEAR LINEAR LINEAR LINEAR LINEAR LINEAR LINEAR LINEAR LINEAR LINEAR LINEAR
LINEAR LINEAR LINEAR LINEAR LINEAR LINEAR LINEAR LINEAR LINEAR LINEAR LINEAR LINEAR
LINEAR LINEAR LINEAR LINEAR LINEAR LINEAR LINEAR LINEAR LINEAR LINEAR LINEAR LINEAR
LINEAR LINEAR LINEAR LINEAR LINEAR LINEAR LINEAR LINEAR LINEAR LINEAR LINEAR LINEAR
LINEAR LINEAR LINEAR LINEAR LINEAR LINEAR LINEAR LINEAR LINEAR LINEAR LINEAR LINEAR
LINEAR LINEAR LINEAR LINEAR LINEAR LINEAR LINEAR LINEAR LINEAR LINEAR LINEAR LINEAR
LINEAR LINEAR LINEAR LINEAR LINEAR LINEAR LINEAR LINEAR LINEAR LINEAR LINEAR LINEAR
LINEAR LINEAR LINEAR LINEAR LINEAR LINEAR LINEAR LINEAR LINEAR LINEAR LINEAR LINEAR
LINEAR LINEAR LINEAR LINEAR LINEAR LINEAR LINEAR LINEAR LINEAR LINEAR LINEAR LINEAR</Name_array><technique_common><accessor source="#Hips-Interpolations-array" count="131"><param type="name"/></accessor></technique_common></source><sampler id="Hips-Matrix-animation-transform"><input semantic="INPUT" source="#Hips-Matrix-animation-input"/><input semantic="OUTPUT" source="#Hips-Matrix-animation-output-transform"/><input semantic="INTERPOLATION" source="#Hips-Interpolations"/></sampler><channel source="#Hips-Matrix-animation-transform" target="Hips/matrix"/></animation>
    <animation id="Spine-anim" name="Spine"><source id="Spine-Matrix-animation-input"><float_array id="Spine-Matrix-animation-input-array" count="131">

0.000000 0.033333 0.066667 0.100000 0.133333 0.166667 0.200000 0.233333 0.266667 0.300000 0.333333 0.366667 0.400000 0.433333 0.466667 0.500000
0.533333 0.566667 0.600000 0.633333 0.666667 0.700000 0.733333 0.766667 0.800000 0.833333 0.866667 0.900000 0.933333 0.966667 1.000000 1.033333
1.066667 1.100000 1.133333 1.166667 1.200000 1.233333 1.266667 1.300000 1.333333 1.366667 1.400000 1.433333 1.466667 1.500000 1.533333 1.566667
1.600000 1.633333 1.666667 1.700000 1.733333 1.766667 1.800000 1.833333 1.866667 1.900000 1.933333 1.966667 2.000000 2.033333 2.066667 2.100000
2.133333 2.166667 2.200000 2.233333 2.266667 2.300000 2.333333 2.366667 2.400000 2.433333 2.466667 2.500000 2.533333 2.566667 2.600000 2.633333
2.666667 2.700000 2.733333 2.766667 2.800000 2.833333 2.866667 2.900000 2.933333 2.966667 3.000000 3.033333 3.066667 3.100000 3.133333 3.166667
3.200000 3.233333 3.266667 3.300000 3.333333 3.366667 3.400000 3.433333 3.466667 3.500000 3.533333 3.566667 3.600000 3.633333 3.666667 3.700000
3.733333 3.766667 3.800000 3.833333 3.866667 3.900000 3.933333 3.966667 4.000000 4.033333 4.066667 4.100000 4.133333 4.166667 4.200000 4.233333
4.266667 4.300000 4.333333</float_array><technique_common><accessor source="#Spine-Matrix-animation-input-array" count="131"><param name="TIME" type="float"/></accessor></technique_common></source><source id="Spine-Matrix-animation-output-transform"><float_array id="Spine-Matrix-animation-output-transform-array" count="2096">

0.998648 -0.003989 0.051834 0.030900 0.010527 0.991913 -0.126486 11.006600 -0.050910 0.126860 0.990613 0.107900 0.000000 0.000000 0.000000 1.000000
0.998640 -0.003803 0.052005 0.030900 0.010345 0.991962 -0.126114 11.006600 -0.051107 0.126480 0.990652 0.107900 0.000000 0.000000 0.000000 1.000000
0.998630 -0.003586 0.052201 0.030900 0.010141 0.991995 -0.125869 11.006600 -0.051332 0.126226 0.990673 0.107900 0.000000 0.000000 0.000000 1.000000
0.998618 -0.003188 0.052451 0.030900 0.009785 0.991982 -0.126002 11.006600 -0.051628 0.126342 0.990642 0.107900 0.000000 0.000000 0.000000 1.000000
0.998587 -0.002729 0.053071 0.030900 0.009422 0.991949 -0.126285 11.006600 -0.052299 0.126607 0.990573 0.107900 0.000000 0.000000 0.000000 1.000000
0.998537 -0.002706 0.053999 0.030900 0.009519 0.991944 -0.126322 11.006600 -0.053222 0.126651 0.990518 0.107900 0.000000 0.000000 0.000000 1.000000
0.998511 -0.003094 0.054455 0.030900 0.009960 0.991945 -0.126279 11.006600 -0.053625 0.126634 0.990499 0.107900 0.000000 0.000000 0.000000 1.000000
0.998507 -0.003251 0.054528 0.030900 0.010119 0.991957 -0.126169 11.006600 -0.053679 0.126532 0.990509 0.107900 0.000000 0.000000 0.000000 1.000000
0.998481 -0.002826 0.055032 0.030900 0.009738 0.992016 -0.125738 11.006600 -0.054237 0.126083 0.990536 0.107900 0.000000 0.000000 0.000000 1.000000
0.998450 -0.002256 0.055603 0.030900 0.009253 0.991999 -0.125909 11.006600 -0.054874 0.126228 0.990482 0.107900 0.000000 0.000000 0.000000 1.000000
0.998465 -0.002272 0.055332 0.030900 0.009331 0.991775 -0.127650 11.006600 -0.054586 0.127970 0.990275 0.107900 0.000000 0.000000 0.000000 1.000000
0.998498 -0.002733 0.054715 0.030900 0.009805 0.991543 -0.129404 11.006600 -0.053899 0.129746 0.990081 0.107900 0.000000 0.000000 0.000000 1.000000
0.998510 -0.002658 0.054506 0.030900 0.009718 0.991509 -0.129673 11.006600 -0.053699 0.130009 0.990058 0.107900 0.000000 0.000000 0.000000 1.000000
0.998510 -0.002221 0.054516 0.030900 0.009268 0.991556 -0.129351 11.006600 -0.053768 0.129663 0.990099 0.107900 0.000000 0.000000 0.000000 1.000000
0.998506 -0.002776 0.054580 0.030900 0.009820 0.991567 -0.129226 11.006600 -0.053761 0.129569 0.990112 0.107900 0.000000 0.000000 0.000000 1.000000
0.998496 -0.003863 0.054685 0.030900 0.010909 0.991566 -0.129140 11.006600 -0.053725 0.129542 0.990117 0.107900 0.000000 0.000000 0.000000 1.000000
0.998490 -0.003943 0.054788 0.030900 0.010992 0.991589 -0.128961 11.006600 -0.053818 0.129369 0.990135 0.107900 0.000000 0.000000 0.000000 1.000000
0.998500 -0.003312 0.054661 0.030900 0.010342 0.991612 -0.128839 11.006600 -0.053775 0.129211 0.990158 0.107900 0.000000 0.000000 0.000000 1.000000
0.998548 -0.002465 0.053807 0.030900 0.009403 0.991590 -0.129077 11.006600 -0.053036 0.129396 0.990174 0.107900 0.000000 0.000000 0.000000 1.000000
0.998599 -0.001617 0.052898 0.030900 0.008465 0.991544 -0.129494 11.006600 -0.052241 0.129760 0.990168 0.107900 0.000000 0.000000 0.000000 1.000000
0.998600 -0.001536 0.052872 0.030900 0.008397 0.991507 -0.129785 11.006600 -0.052224 0.130048 0.990131 0.107900 0.000000 0.000000 0.000000 1.000000
0.998590 -0.001924 0.053041 0.030900 0.008815 0.991476 -0.129992 11.006600 -0.052339 0.130276 0.990095 0.107900 0.000000 0.000000 0.000000 1.000000
0.998591 -0.002057 0.053034 0.030900 0.008946 0.991475 -0.129992 11.006600 -0.052314 0.130283 0.990096 0.107900 0.000000 0.000000 0.000000 1.000000
0.998572 -0.002022 0.053391 0.030900 0.008937 0.991526 -0.129604 11.006600 -0.052676 0.129896 0.990127 0.107900 0.000000 0.000000 0.000000 1.000000
0.998563 -0.002088 0.053557 0.030900 0.009039 0.991490 -0.129865 11.006600 -0.052830 0.130163 0.990084 0.107900 0.000000 0.000000 0.000000 1.000000
0.998608 -0.002468 0.052689 0.030900 0.009420 0.991191 -0.132107 11.006600 -0.051899 0.132420 0.989834 0.107900 0.000000 0.000000 0.000000 1.000000
0.998651 -0.003077 0.051830 0.030900 0.010038 0.990850 -0.134595 11.006600 -0.050942 0.134934 0.989544 0.107900 0.000000 0.000000 0.000000 1.000000
0.998642 -0.003503 0.051975 0.030900 0.010498 0.990799 -0.134930 11.006600 -0.051024 0.135293 0.989491 0.107900 0.000000 0.000000 0.000000 1.000000
0.998635 -0.003521 0.052109 0.030900 0.010494 0.990905 -0.134152 11.006600 -0.051163 0.134516 0.989590 0.107900 0.000000 0.000000 0.000000 1.000000
0.998670 -0.003069 0.051465 0.030900 0.009947 0.990941 -0.133927 11.006600 -0.050588 0.134261 0.989654 0.107900 0.000000 0.000000 0.000000 1.000000
0.998705 -0.002364 0.050820 0.030900 0.009166 0.990934 -0.134034 11.006600 -0.050043 0.134326 0.989673 0.107900 0.000000 0.000000 0.000000 1.000000
0.998704 -0.001933 0.050864 0.030900 0.008738 0.990954 -0.133914 11.006600 -0.050145 0.134185 0.989687 0.107900 0.000000 0.000000 0.000000 1.000000
0.998682 -0.001853 0.051291 0.030900 0.008700 0.990998 -0.133594 11.006600 -0.050582 0.133864 0.989708 0.107900 0.000000 0.000000 0.000000 1.000000
0.998662 -0.001823 0.051689 0.030900 0.008706 0.991042 -0.133265 11.006600 -0.050983 0.133537 0.989732 0.107900 0.000000 0.000000 0.000000 1.000000
0.998642 -0.001926 0.052056 0.030900 0.008845 0.991075 -0.133010 11.006600 -0.051336 0.133290 0.989747 0.107900 0.000000 0.000000 0.000000 1.000000
0.998615 -0.002368 0.052563 0.030900 0.009332 0.991120 -0.132642 11.006600 -0.051782 0.132949 0.989769 0.107900 0.000000 0.000000 0.000000 1.000000
0.998589 -0.002843 0.053029 0.030900 0.009843 0.991172 -0.132216 11.006600 -0.052185 0.132552 0.989801 0.107900 0.000000 0.000000 0.000000 1.000000
0.998589 -0.003178 0.053016 0.030900 0.010161 0.991203 -0.131957 11.006600 -0.052130 0.132310 0.989837 0.107900 0.000000 0.000000 0.000000 1.000000
0.998605 -0.003480 0.052679 0.030900 0.010375 0.991304 -0.131179 11.006600 -0.051764 0.131542 0.989958 0.107900 0.000000 0.000000 0.000000 1.000000
0.998627 -0.003589 0.052260 0.030900 0.010393 0.991393 -0.130507 11.006600 -0.051341 0.130870 0.990069 0.107900 0.000000 0.000000 0.000000 1.000000
0.998683 -0.003701 0.051169 0.030900 0.010482 0.991073 -0.132910 11.006600 -0.050220 0.133272 0.989806 0.107900 0.000000 0.000000 0.000000 1.000000
0.998764 -0.004015 0.049538 0.030900 0.010803 0.990440 -0.137522 11.006600 -0.048512 0.137887 0.989259 0.107900 0.000000 0.000000 0.000000 1.000000
0.998805 -0.004197 0.048701 0.030900 0.010969 0.990142 -0.139639 11.006600 -0.047635 0.140006 0.989004 0.107900 0.000000 0.000000 0.000000 1.000000
0.998805 -0.004180 0.048694 0.030900 0.010915 0.990247 -0.138892 11.006600 -0.047638 0.139258 0.989110 0.107900 0.000000 0.000000 0.000000 1.000000
0.998820 -0.004122 0.048391 0.030900 0.010772 0.990376 -0.137980 11.006600 -0.047356 0.138338 0.989252 0.107900 0.000000 0.000000 0.000000 1.000000
0.998842 -0.003970 0.047940 0.030900 0.010544 0.990423 -0.137666 11.006600 -0.046934 0.138012 0.989318 0.107900 0.000000 0.000000 0.000000 1.000000
0.998836 -0.003605 0.048106 0.030900 0.010200 0.990442 -0.137553 11.006600 -0.047150 0.137884 0.989326 0.107900 0.000000 0.000000 0.000000 1.000000
0.998816 -0.003224 0.048533 0.030900 0.009864 0.990495 -0.137198 11.006600 -0.047629 0.137514 0.989354 0.107900 0.000000 0.000000 0.000000 1.000000
0.998806 -0.003310 0.048736 0.030900 0.009952 0.990565 -0.136680 11.006600 -0.047824 0.137002 0.989416 0.107900 0.000000 0.000000 0.000000 1.000000
0.998785 -0.003864 0.049134 0.030900 0.010545 0.990591 -0.136448 11.006600 -0.048145 0.136800 0.989428 0.107900 0.000000 0.000000 0.000000 1.000000
0.998742 -0.004255 0.049957 0.030900 0.011047 0.990584 -0.136463 11.006600 -0.048906 0.136844 0.989385 0.107900 0.000000 0.000000 0.000000 1.000000
0.998713 -0.004455 0.050518 0.030900 0.011328 0.990561 -0.136603 11.006600 -0.049432 0.136999 0.989337 0.107900 0.000000 0.000000 0.000000 1.000000
0.998712 -0.004937 0.050497 0.030900 0.011808 0.990542 -0.136704 11.006600 -0.049345 0.137124 0.989324 0.107900 0.000000 0.000000 0.000000 1.000000
0.998703 -0.005526 0.050620 0.030900 0.012382 0.990613 -0.136137 11.006600 -0.049392 0.136587 0.989396 0.107900 0.000000 0.000000 0.000000 1.000000
0.998685 -0.005875 0.050936 0.030900 0.012745 0.990681 -0.135607 11.006600 -0.049665 0.136078 0.989453 0.107900 0.000000 0.000000 0.000000 1.000000
0.998711 -0.006246 0.050362 0.030900 0.013107 0.990471 -0.137094 11.006600 -0.049026 0.137578 0.989277 0.107900 0.000000 0.000000 0.000000 1.000000
0.998765 -0.006813 0.049208 0.030900 0.013623 0.990142 -0.139401 11.006600 -0.047773 0.139899 0.989013 0.107900 0.000000 0.000000 0.000000 1.000000
0.998774 -0.007280 0.048971 0.030900 0.014063 0.990103 -0.139634 11.006600 -0.047470 0.140152 0.988991 0.107900 0.000000 0.000000 0.000000 1.000000
0.998740 -0.007602 0.049612 0.030900 0.014417 0.990256 -0.138508 11.006600 -0.048076 0.139048 0.989118 0.107900 0.000000 0.000000 0.000000 1.000000
0.998708 -0.007673 0.050226 0.030900 0.014545 0.990338 -0.137908 11.006600 -0.048683 0.138460 0.989171 0.107900 0.000000 0.000000 0.000000 1.000000
0.998693 -0.007281 0.050597 0.030900 0.014195 0.990376 -0.137673 11.006600 -0.049108 0.138211 0.989185 0.107900 0.000000 0.000000 0.000000 1.000000
0.998682 -0.006834 0.050871 0.030900 0.013769 0.990441 -0.137245 11.006600 -0.049447 0.137764 0.989230 0.107900 0.000000 0.000000 0.000000 1.000000
0.998674 -0.006707 0.051038 0.030900 0.013633 0.990532 -0.136604 11.006600 -0.049639 0.137119 0.989310 0.107900 0.000000 0.000000 0.000000 1.000000
0.998672 -0.006679 0.051088 0.030900 0.013576 0.990634 -0.135867 11.006600 -0.049702 0.136380 0.989409 0.107900 0.000000 0.000000 0.000000 1.000000
0.998654 -0.006736 0.051432 0.030900 0.013646 0.990722 -0.135214 11.006600 -0.050044 0.135734 0.989481 0.107900 0.000000 0.000000 0.000000 1.000000
0.998607 -0.007103 0.052291 0.030900 0.014097 0.990796 -0.134624 11.006600 -0.050853 0.135174 0.989516 0.107900 0.000000 0.000000 0.000000 1.000000
0.998574 -0.007486 0.052860 0.030900 0.014525 0.990865 -0.134070 11.006600 -0.051373 0.134646 0.989561 0.107900 0.000000 0.000000 0.000000 1.000000
0.998577 -0.007536 0.052800 0.030900 0.014545 0.990922 -0.133646 11.006600 -0.051314 0.134224 0.989622 0.107900 0.000000 0.000000 0.000000 1.000000
0.998561 -0.007566 0.053095 0.030900 0.014579 0.991015 -0.132956 11.006600 -0.051612 0.133539 0.989699 0.107900 0.000000 0.000000 0.000000 1.000000
0.998527 -0.007849 0.053682 0.030900 0.014904 0.991097 -0.132304 11.006600 -0.052166 0.132909 0.989754 0.107900 0.000000 0.000000 0.000000 1.000000
0.998538 -0.008326 0.053404 0.030900 0.015377 0.990995 -0.133013 11.006600 -0.051816 0.133639 0.989675 0.107900 0.000000 0.000000 0.000000 1.000000
0.998575 -0.008944 0.052602 0.030900 0.015954 0.990800 -0.134394 11.006600 -0.050916 0.135042 0.989531 0.107900 0.000000 0.000000 0.000000 1.000000
0.998586 -0.009405 0.052317 0.030900 0.016382 0.990768 -0.134577 11.006600 -0.050568 0.135243 0.989521 0.107900 0.000000 0.000000 0.000000 1.000000
0.998581 -0.009325 0.052433 0.030900 0.016292 0.990840 -0.134058 11.006600 -0.050703 0.134722 0.989585 0.107900 0.000000 0.000000 0.000000 1.000000
0.998581 -0.008695 0.052539 0.030900 0.015677 0.990858 -0.133997 11.006600 -0.050893 0.134631 0.989588 0.107900 0.000000 0.000000 0.000000 1.000000
0.998586 -0.007672 0.052606 0.030900 0.014677 0.990860 -0.134090 11.006600 -0.051096 0.134673 0.989572 0.107900 0.000000 0.000000 0.000000 1.000000
0.998588 -0.006678 0.052700 0.030900 0.013691 0.990906 -0.133858 11.006600 -0.051326 0.134390 0.989598 0.107900 0.000000 0.000000 0.000000 1.000000
0.998593 -0.006033 0.052682 0.030900 0.013025 0.990975 -0.133411 11.006600 -0.051402 0.133909 0.989660 0.107900 0.000000 0.000000 0.000000 1.000000
0.998627 -0.005202 0.052130 0.030900 0.012121 0.991002 -0.133298 11.006600 -0.050967 0.133746 0.989704 0.107900 0.000000 0.000000 0.000000 1.000000
0.998669 -0.004085 0.051412 0.030900 0.010938 0.990956 -0.133739 11.006600 -0.050400 0.134123 0.989682 0.107900 0.000000 0.000000 0.000000 1.000000
0.998666 -0.003663 0.051510 0.030900 0.010543 0.990934 -0.133934 11.006600 -0.050552 0.134298 0.989651 0.107900 0.000000 0.000000 0.000000 1.000000
0.998644 -0.004084 0.051896 0.030900 0.011003 0.990956 -0.133735 11.006600 -0.050880 0.134125 0.989657 0.107900 0.000000 0.000000 0.000000 1.000000
0.998653 -0.004386 0.051701 0.030900 0.011294 0.990905 -0.134092 11.006600 -0.050643 0.134495 0.989619 0.107900 0.000000 0.000000 0.000000 1.000000
0.998658 -0.004139 0.051631 0.030900 0.011058 0.990858 -0.134456 11.006600 -0.050602 0.134847 0.989574 0.107900 0.000000 0.000000 0.000000 1.000000
0.998646 -0.004346 0.051835 0.030900 0.011276 0.990894 -0.134173 11.006600 -0.050780 0.134576 0.989601 0.107900 0.000000 0.000000 0.000000 1.000000
0.998674 -0.006263 0.051093 0.030900 0.013137 0.990712 -0.135341 11.006600 -0.049771 0.135833 0.989481 0.107900 0.000000 0.000000 0.000000 1.000000
0.998720 -0.008514 0.049855 0.030900 0.015336 0.990299 -0.138101 11.006600 -0.048196 0.138688 0.989163 0.107900 0.000000 0.000000 0.000000 1.000000
0.998724 -0.008920 0.049708 0.030900 0.015771 0.990142 -0.139173 11.006600 -0.047977 0.139779 0.989020 0.107900 0.000000 0.000000 0.000000 1.000000
0.998703 -0.008349 0.050221 0.030900 0.015237 0.990263 -0.138369 11.006600 -0.048577 0.138955 0.989107 0.107900 0.000000 0.000000 0.000000 1.000000
0.998695 -0.008499 0.050369 0.030900 0.015376 0.990346 -0.137760 11.006600 -0.048712 0.138354 0.989184 0.107900 0.000000 0.000000 0.000000 1.000000
0.998695 -0.008917 0.050284 0.030900 0.015758 0.990400 -0.137330 11.006600 -0.048577 0.137943 0.989248 0.107900 0.000000 0.000000 0.000000 1.000000
0.998702 -0.008534 0.050220 0.030900 0.015331 0.990513 -0.136561 11.006600 -0.048578 0.137153 0.989358 0.107900 0.000000 0.000000 0.000000 1.000000
0.998710 -0.007812 0.050163 0.030900 0.014570 0.990628 -0.135807 11.006600 -0.048632 0.136363 0.989465 0.107900 0.000000 0.000000 0.000000 1.000000
0.998707 -0.007366 0.050296 0.030900 0.014115 0.990722 -0.135172 11.006600 -0.048833 0.135707 0.989545 0.107900 0.000000 0.000000 0.000000 1.000000
0.998686 -0.006797 0.050802 0.030900 0.013574 0.990853 -0.134264 11.006600 -0.049425 0.134777 0.989642 0.107900 0.000000 0.000000 0.000000 1.000000
0.998679 -0.005904 0.051035 0.030900 0.012663 0.991014 -0.133155 11.006600 -0.049790 0.133625 0.989780 0.107900 0.000000 0.000000 0.000000 1.000000
0.998717 -0.004925 0.050404 0.030900 0.011608 0.991024 -0.133181 11.006600 -0.049296 0.133595 0.989809 0.107900 0.000000 0.000000 0.000000 1.000000
0.998727 -0.003800 0.050306 0.030900 0.010566 0.990801 -0.134913 11.006600 -0.049331 0.135273 0.989580 0.107900 0.000000 0.000000 0.000000 1.000000
0.998650 -0.002968 0.051865 0.030900 0.010012 0.990644 -0.136102 11.006600 -0.050976 0.136438 0.989336 0.107900 0.000000 0.000000 0.000000 1.000000
0.998571 -0.003347 0.053327 0.030900 0.010573 0.990679 -0.135805 11.006600 -0.052375 0.136175 0.989299 0.107900 0.000000 0.000000 0.000000 1.000000
