<?xml version="1.0" encoding="utf-8"?>
<COLLADA xmlns="http://www.collada.org/2005/11/COLLADASchema" version="1.4.1">
  <asset><contributor><author>Mixamo</author><authoring_tool>COLLADA Mixamo exporter</authoring_tool><comments></comments></contributor><created>2018-04-27T18:02:29Z</created><modified>2018-04-27T18:02:29Z</modified><revision></revision><title></title><unit meter="0.010000"/><up_axis>Y_UP</up_axis></asset>
  <library_animations>
    <animation id="Hips-anim" name="Hips"><source id="Hips-Matrix-animation-input"><float_array id="Hips-Matrix-animation-input-array" count="71">

0.000000 0.033333 0.066667 0.100000 0.133333 0.166667 0.200000 0.233333 0.266667 0.300000 0.333333 0.366667 0.400000 0.433333 0.466667 0.500000
0.533333 0.566667 0.600000 0.633333 0.666667 0.700000 0.733333 0.766667 0.800000 0.833333 0.866667 0.900000 0.933333 0.966667 1.000000 1.033333
1.066667 1.100000 1.133333 1.166667 1.200000 1.233333 1.266667 1.300000 1.333333 1.366667 1.400000 1.433333 1.466667 1.500000 1.533333 1.566667
1.600000 1.633333 1.666667 1.700000 1.733333 1.766667 1.800000 1.833333 1.866667 1.900000 1.933333 1.966667 2.000000 2.033333 2.066667 2.100000
2.133333 2.166667 2.200000 2.233333 2.266667 2.300000 2.333333</float_array><technique_common><accessor source="#Hips-Matrix-animation-input-array" count="71"><param name="TIME" type="float"/></accessor></technique_common></source><source id="Hips-Matrix-animation-output-transform"><float_array id="Hips-Matrix-animation-output-transform-array" count="1136">

0.777584 -0.626298 -0.055808 3.013710 0.059622 0.161797 -0.985021 46.996155 0.625946 0.762609 0.163152 -4.142118 0.000000 0.000000 0.000000 1.000000
0.750612 -0.655003 -0.086908 2.835625 0.048410 0.185694 -0.981414 46.820602 0.658967 0.732454 0.171093 -4.584310 0.000000 0.000000 0.000000 1.000000
0.736552 -0.669585 -0.095646 2.572188 0.058738 0.204194 -0.977167 46.630814 0.673826 0.714116 0.189729 -5.055290 0.000000 0.000000 0.000000 1.000000
0.740244 -0.667517 -0.080378 2.256246 0.083237 0.209616 -0.974234 46.634781 0.667166 0.714481 0.210729 -5.407545 0.000000 0.000000 0.000000 1.000000
0.752879 -0.656132 -0.051617 1.886331 0.108804 0.201427 -0.973442 46.878998 0.649103 0.727268 0.223040 -5.638138 0.000000 0.000000 0.000000 1.000000
0.757739 -0.651818 -0.031059 1.417106 0.124227 0.190812 -0.973734 47.186783 0.640624 0.733978 0.225559 -5.922050 0.000000 0.000000 0.000000 1.000000
0.745785 -0.665219 -0.035896 0.879961 0.124345 0.191935 -0.973498 47.355492 0.654480 0.721557 0.225859 -6.398627 0.000000 0.000000 0.000000 1.000000
0.722082 -0.688598 -0.066562 0.388320 0.109970 0.209241 -0.971661 47.312733 0.683011 0.694299 0.226814 -7.025999 0.000000 0.000000 0.000000 1.000000
0.700212 -0.705589 -0.108849 0.051918 0.086729 0.235402 -0.968021 47.138420 0.708648 0.668379 0.226026 -7.596843 0.000000 0.000000 0.000000 1.000000
0.690406 -0.709332 -0.142083 -0.088711 0.064389 0.255878 -0.964562 46.949921 0.720551 0.656791 0.222333 -7.989841 0.000000 0.000000 0.000000 1.000000
0.694392 -0.703985 -0.149081 -0.303115 0.054171 0.257725 -0.964699 46.832481 0.717555 0.661803 0.217098 -8.207913 0.000000 0.000000 0.000000 1.000000
0.707773 -0.694767 -0.127893 -0.636938 0.061279 0.240736 -0.968654 46.818321 0.703778 0.677750 0.212960 -8.325379 0.000000 0.000000 0.000000 1.000000
0.722807 -0.684828 -0.092524 -0.956103 0.080182 0.216097 -0.973074 46.897064 0.686383 0.695926 0.211107 -8.394692 0.000000 0.000000 0.000000 1.000000
0.731004 -0.679392 -0.063715 -1.153891 0.096991 0.195874 -0.975821 46.997475 0.675445 0.707149 0.209080 -8.441482 0.000000 0.000000 0.000000 1.000000
0.726149 -0.684821 -0.061049 -1.215741 0.096666 0.189603 -0.977091 47.014362 0.680708 0.703612 0.203879 -8.471500 0.000000 0.000000 0.000000 1.000000
0.707849 -0.699976 -0.094779 -1.217896 0.072909 0.205864 -0.975861 46.917896 0.702591 0.683852 0.196755 -8.471682 0.000000 0.000000 0.000000 1.000000
0.682924 -0.713385 -0.157153 -1.241268 0.035223 0.247041 -0.968365 46.844383 0.729640 0.655784 0.193838 -8.387889 0.000000 0.000000 0.000000 1.000000
0.662857 -0.714938 -0.222451 -1.307627 0.004532 0.300924 -0.953637 46.991272 0.748733 0.631117 0.202710 -8.148148 0.000000 0.000000 0.000000 1.000000
0.656665 -0.708764 -0.257767 -1.424824 0.001471 0.342987 -0.939339 47.343327 0.754181 0.616452 0.226270 -7.737106 0.000000 0.000000 0.000000 1.000000
0.661593 -0.709031 -0.244071 -1.651196 0.035549 0.354778 -0.934275 47.681915 0.749020 0.609433 0.259924 -7.276040 0.000000 0.000000 0.000000 1.000000
0.664686 -0.720408 -0.198002 -2.008322 0.094247 0.343752 -0.934319 47.986168 0.741155 0.602367 0.296384 -6.995517 0.000000 0.000000 0.000000 1.000000
0.664125 -0.730120 -0.160817 -2.396866 0.143628 0.335698 -0.930955 48.485825 0.733695 0.595173 0.327812 -7.001316 0.000000 0.000000 0.000000 1.000000
0.670858 -0.723962 -0.160712 -2.664376 0.154528 0.348425 -0.924511 49.225838 0.725308 0.595381 0.345616 -7.162737 0.000000 0.000000 0.000000 1.000000
0.684613 -0.701831 -0.196821 -2.717474 0.128509 0.382008 -0.915180 49.939720 0.717489 0.601251 0.351719 -7.353887 0.000000 0.000000 0.000000 1.000000
0.694937 -0.675274 -0.247118 -2.560806 0.095176 0.427019 -0.899220 50.390373 0.712744 0.601382 0.361022 -7.597071 0.000000 0.000000 0.000000 1.000000
0.699556 -0.655659 -0.284136 -2.270471 0.084885 0.471061 -0.878007 50.583439 0.709519 0.590096 0.385189 -7.921428 0.000000 0.000000 0.000000 1.000000
0.704784 -0.647192 -0.290554 -1.928057 0.104682 0.499956 -0.859701 50.621666 0.701656 0.575488 0.420110 -8.237377 0.000000 0.000000 0.000000 1.000000
0.714241 -0.648026 -0.264430 -1.596116 0.139361 0.501921 -0.853612 50.556278 0.685885 0.572833 0.448802 -8.381739 0.000000 0.000000 0.000000 1.000000
0.724659 -0.655095 -0.213822 -1.377736 0.170079 0.470714 -0.865737 50.385494 0.667790 0.590997 0.452525 -8.254233 0.000000 0.000000 0.000000 1.000000
0.731166 -0.665609 -0.149537 -1.432863 0.185965 0.405363 -0.895041 50.092674 0.656364 0.626614 0.420168 -7.856566 0.000000 0.000000 0.000000 1.000000
0.734073 -0.673791 -0.084514 -1.844158 0.181828 0.314939 -0.931532 49.644100 0.654275 0.668446 0.353702 -7.257165 0.000000 0.000000 0.000000 1.000000
0.739504 -0.672137 -0.036970 -2.428771 0.154431 0.222854 -0.962542 49.011860 0.655199 0.706094 0.268600 -6.536148 0.000000 0.000000 0.000000 1.000000
0.749281 -0.661802 -0.024406 -2.801464 0.106427 0.156705 -0.981894 48.204582 0.653644 0.733118 0.187850 -5.815836 0.000000 0.000000 0.000000 1.000000
0.754194 -0.655098 -0.045145 -2.720341 0.052589 0.128788 -0.990277 47.326454 0.654543 0.744486 0.131582 -5.238329 0.000000 0.000000 0.000000 1.000000
0.746092 -0.662316 -0.068444 -2.291709 0.019574 0.124566 -0.992018 46.537811 0.665556 0.738797 0.105902 -4.858757 0.000000 0.000000 0.000000 1.000000
0.730664 -0.679737 -0.063943 -1.776293 0.025004 0.120235 -0.992431 46.017262 0.682280 0.723534 0.104847 -4.615441 0.000000 0.000000 0.000000 1.000000
0.717251 -0.695900 -0.035691 -1.355173 0.055993 0.108614 -0.992506 45.911705 0.694561 0.709877 0.116869 -4.455097 0.000000 0.000000 0.000000 1.000000
0.708873 -0.705232 -0.012097 -1.083387 0.080974 0.098406 -0.991846 46.160652 0.700673 0.702114 0.126863 -4.432138 0.000000 0.000000 0.000000 1.000000
0.704140 -0.709938 -0.013232 -0.911504 0.079687 0.097526 -0.992038 46.511311 0.705576 0.697479 0.125244 -4.547686 0.000000 0.000000 0.000000 1.000000
0.701160 -0.712253 -0.032717 -0.805820 0.058093 0.102801 -0.993004 46.706120 0.710633 0.694354 0.113457 -4.681533 0.000000 0.000000 0.000000 1.000000
0.702029 -0.710509 -0.048300 -0.780272 0.036444 0.103578 -0.993953 46.631882 0.711215 0.696024 0.098609 -4.712039 0.000000 0.000000 0.000000 1.000000
0.708875 -0.703913 -0.044745 -0.857982 0.030167 0.093638 -0.995149 46.347794 0.704689 0.704087 0.087612 -4.661266 0.000000 0.000000 0.000000 1.000000
0.717792 -0.695797 -0.025306 -1.008387 0.040625 0.078139 -0.996114 46.014927 0.695071 0.713975 0.084354 -4.672241 0.000000 0.000000 0.000000 1.000000
0.723275 -0.690515 -0.007840 -1.130637 0.055505 0.069447 -0.996040 45.815372 0.688326 0.719976 0.088556 -4.796846 0.000000 0.000000 0.000000 1.000000
0.724069 -0.689636 -0.011268 -1.110902 0.059969 0.079221 -0.995052 45.832710 0.687116 0.719810 0.098719 -4.937949 0.000000 0.000000 0.000000 1.000000
0.722127 -0.690456 -0.042473 -0.890818 0.051573 0.114962 -0.992030 46.074783 0.689836 0.714181 0.118626 -4.997171 0.000000 0.000000 0.000000 1.000000
0.720815 -0.686997 -0.091978 -0.478086 0.042571 0.176330 -0.983410 46.576656 0.691819 0.704942 0.156348 -5.023178 0.000000 0.000000 0.000000 1.000000
0.723974 -0.675286 -0.140890 0.076074 0.046174 0.251220 -0.966828 47.355789 0.688280 0.693453 0.213058 -5.171158 0.000000 0.000000 0.000000 1.000000
0.730704 -0.660657 -0.172057 0.667591 0.062665 0.315869 -0.946731 48.272583 0.679812 0.680998 0.272207 -5.521464 0.000000 0.000000 0.000000 1.000000
0.734544 -0.654952 -0.177435 1.135912 0.081088 0.344337 -0.935338 49.064919 0.673699 0.672658 0.306040 -5.960160 0.000000 0.000000 0.000000 1.000000
0.733552 -0.660501 -0.160124 1.327098 0.090151 0.328085 -0.940337 49.557137 0.673627 0.675351 0.300213 -6.278293 0.000000 0.000000 0.000000 1.000000
0.735816 -0.664739 -0.129220 1.234746 0.086698 0.281724 -0.955571 49.722092 0.671609 0.691921 0.264929 -6.312836 0.000000 0.000000 0.000000 1.000000
0.747176 -0.657789 -0.095091 1.018412 0.077929 0.228795 -0.970350 49.506699 0.660042 0.717612 0.222211 -6.131202 0.000000 0.000000 0.000000 1.000000
0.760597 -0.644992 -0.074013 0.920142 0.068646 0.193261 -0.978743 48.925163 0.645585 0.739348 0.191270 -6.028337 0.000000 0.000000 0.000000 1.000000
0.766154 -0.636959 -0.085384 1.114710 0.053224 0.195294 -0.979300 48.212605 0.640449 0.745750 0.183527 -6.260737 0.000000 0.000000 0.000000 1.000000
0.761947 -0.634937 -0.127635 1.554724 0.031772 0.233486 -0.971841 47.658463 0.646859 0.736436 0.198078 -6.765125 0.000000 0.000000 0.000000 1.000000
0.755489 -0.633332 -0.167711 1.981784 0.018471 0.276472 -0.960845 47.395477 0.654900 0.722810 0.220570 -7.186326 0.000000 0.000000 0.000000 1.000000
0.757604 -0.630695 -0.168106 2.135564 0.024397 0.284732 -0.958297 47.395790 0.652258 0.721908 0.231101 -7.174942 0.000000 0.000000 0.000000 1.000000
0.767095 -0.630016 -0.121013 1.935094 0.046549 0.242794 -0.968960 47.520222 0.639842 0.737652 0.215573 -6.722053 0.000000 0.000000 0.000000 1.000000
0.772862 -0.632050 -0.056546 1.546652 0.069391 0.172751 -0.982518 47.603874 0.630769 0.755427 0.177371 -6.135465 0.000000 0.000000 0.000000 1.000000
0.772387 -0.634924 -0.017020 1.262589 0.074536 0.117218 -0.990305 47.569290 0.630764 0.763630 0.137862 -5.693262 0.000000 0.000000 0.000000 1.000000
0.769628 -0.638146 -0.021032 1.277152 0.060967 0.106238 -0.992470 47.430084 0.635575 0.762551 0.120670 -5.462158 0.000000 0.000000 0.000000 1.000000
0.765024 -0.641884 -0.052189 1.547503 0.048974 0.138790 -0.989110 47.236961 0.642137 0.754137 0.137614 -5.396843 0.000000 0.000000 0.000000 1.000000
0.761960 -0.642651 -0.080100 1.895209 0.058256 0.191195 -0.979822 47.069252 0.644998 0.741919 0.183121 -5.415702 0.000000 0.000000 0.000000 1.000000
0.767211 -0.635192 -0.088983 2.175456 0.085717 0.239029 -0.967222 47.060883 0.635641 0.734436 0.237832 -5.403087 0.000000 0.000000 0.000000 1.000000
0.779285 -0.621278 -0.082030 2.450557 0.111654 0.266455 -0.957358 47.286079 0.616643 0.736896 0.277012 -5.267365 0.000000 0.000000 0.000000 1.000000
0.787834 -0.612132 -0.067916 2.657839 0.122122 0.263347 -0.956940 47.639610 0.603659 0.745616 0.282229 -4.957359 0.000000 0.000000 0.000000 1.000000
0.785938 -0.615995 -0.053403 2.763807 0.115464 0.231071 -0.966061 47.850945 0.607429 0.753098 0.252732 -4.595159 0.000000 0.000000 0.000000 1.000000
0.777695 -0.627100 -0.044012 2.827970 0.097108 0.189007 -0.977162 47.720921 0.621097 0.755660 0.207886 -4.317151 0.000000 0.000000 0.000000 1.000000
0.772732 -0.633220 -0.043796 2.907670 0.076357 0.161235 -0.983958 47.305584 0.630123 0.756991 0.172943 -4.177723 0.000000 0.000000 0.000000 1.000000
0.777584 -0.626298 -0.055809 3.013711 0.059622 0.161798 -0.985021 46.996147 0.625946 0.762609 0.163152 -4.142131 0.000000 0.000000 0.000000 1.000000</float_array><technique_common><accessor source="#Hips-Matrix-animation-output-transform-array" count="71" stride="16"><param type="float4x4"/></accessor></technique_common></source><source id="Hips-Interpolations"><Name_array id="Hips-Interpolations-array" count="71">
 LINEAR LINEAR LINEAR LINEAR LINEAR LINEAR LINEAR LINEAR LINEAR LINEAR LINEAR
LINEAR LINEAR LINEAR LINEAR LINEAR LINEAR LINEAR LINEAR LINEAR LINEAR LINEAR LINEAR
LINEAR LINEAR LINEAR LINEAR LINEAR LINEAR LINEAR LINEAR LINEAR LINEAR LINEAR LINEAR
LINEAR LINEAR LINEAR LINEAR LINEAR LINEAR LINEAR LINEAR LINEAR LINEAR LINEAR LINEAR
LINEAR LINEAR LINEAR LINEAR LINEAR LINEAR LINEAR LINEAR LINEAR LINEAR LINEAR LINEAR
LINEAR LINEAR LINEAR LINEAR LINEAR LINEAR LINEAR LINEAR LINEAR LINEAR LINEAR LINEAR</Name_array><technique_common><accessor source="#Hips-Interpolations-array" count="71"><param type="name"/></accessor></technique_common></source><sampler id="Hips-Matrix-animation-transform"><input semantic="INPUT" source="#Hips-Matrix-animation-input"/><input semantic="OUTPUT" source="#Hips-Matrix-animation-output-transform"/><input semantic="INTERPOLATION" source="#Hips-Interpolations"/></sampler><channel source="#Hips-Matrix-animation-transform" target="Hips/matrix"/></animation>
    <animation id="Spine-anim" name="Spine"><source id="Spine-Matrix-animation-input"><float_array id="Spine-Matrix-animation-input-array" count="71">

0.000000 0.033333 0.066667 0.100000 0.133333 0.166667 0.200000 0.233333 0.266667 0.300000 0.333333 0.366667 0.400000 0.433333 0.466667 0.500000
0.533333 0.566667 0.600000 0.633333 0.666667 0.700000 0.733333 0.766667 0.800000 0.833333 0.866667 0.900000 0.933333 0.966667 1.000000 1.033333
1.066667 1.100000 1.133333 1.166667 1.200000 1.233333 1.266667 1.300000 1.333333 1.366667 1.400000 1.433333 1.466667 1.500000 1.533333 1.566667
1.600000 1.633333 1.666667 1.700000 1.733333 1.766667 1.800000 1.833333 1.866667 1.900000 1.933333 1.966667 2.000000 2.033333 2.066667 2.100000
2.133333 2.166667 2.200000 2.233333 2.266667 2.300000 2.333333</float_array><technique_common><accessor source="#Spine-Matrix-animation-input-array" count="71"><param name="TIME" type="float"/></accessor></technique_common></source><source id="Spine-Matrix-animation-output-transform"><float_array id="Spine-Matrix-animation-output-transform-array" count="1136">

0.990612 -0.135287 0.019603 0.030900 0.133009 0.920802 -0.366650 11.006600 0.031553 0.365815 0.930153 0.107900 0.000000 0.000000 0.000000 1.000000
0.995195 -0.097405 0.009915 0.030900 0.094085 0.923387 -0.372161 11.006600 0.027095 0.371306 0.928115 0.107900 0.000000 0.000000 0.000000 1.000000
0.995946 -0.089021 0.012911 0.030900 0.087249 0.921100 -0.379423 11.006600 0.021884 0.379011 0.925133 0.107900 0.000000 0.000000 0.000000 1.000000
0.993493 -0.110586 0.027243 0.030900 0.112540 0.916446 -0.384006 11.006600 0.017499 0.384574 0.922928 0.107900 0.000000 0.000000 0.000000 1.000000
0.988561 -0.144303 0.043865 0.030900 0.150002 0.910373 -0.385642 11.006600 0.015716 0.387810 0.921605 0.107900 0.000000 0.000000 0.000000 1.000000
0.985805 -0.162490 0.042262 0.030900 0.165970 0.905100 -0.391469 11.006600 0.025359 0.392927 0.919220 0.107900 0.000000 0.000000 0.000000 1.000000
0.988186 -0.149535 0.033580 0.030900 0.150375 0.903727 -0.400831 11.006600 0.029591 0.401145 0.915536 0.107900 0.000000 0.000000 0.000000 1.000000
0.992702 -0.118206 0.023862 0.030900 0.117718 0.906959 -0.404436 11.006600 0.026164 0.404293 0.914255 0.107900 0.000000 0.000000 0.000000 1.000000
0.995515 -0.093980 0.010847 0.030900 0.090189 0.908183 -0.408741 11.006600 0.028562 0.407886 0.912586 0.107900 0.000000 0.000000 0.000000 1.000000
0.996068 -0.088349 0.006590 0.030900 0.083001 0.904585 -0.418134 11.006600 0.030980 0.417037 0.908361 0.107900 0.000000 0.000000 0.000000 1.000000
0.995611 -0.092756 0.012448 0.030900 0.089569 0.905836 -0.414050 11.006600 0.027130 0.413348 0.910169 0.107900 0.000000 0.000000 0.000000 1.000000
0.994180 -0.105269 0.022903 0.030900 0.105486 0.908028 -0.405411 11.006600 0.021881 0.405468 0.913847 0.107900 0.000000 0.000000 0.000000 1.000000
0.992524 -0.118230 0.030303 0.030900 0.120413 0.908003 -0.401287 11.006600 0.019929 0.401935 0.915451 0.107900 0.000000 0.000000 0.000000 1.000000
0.991803 -0.123968 0.030976 0.030900 0.125981 0.908147 -0.399246 11.006600 0.021363 0.399876 0.916320 0.107900 0.000000 0.000000 0.000000 1.000000
0.993351 -0.112720 0.023421 0.030900 0.112651 0.909693 -0.399711 11.006600 0.023749 0.399692 0.916342 0.107900 0.000000 0.000000 0.000000 1.000000
0.996967 -0.077249 0.009501 0.030900 0.074703 0.915494 -0.395335 11.006600 0.021841 0.394845 0.918488 0.107900 0.000000 0.000000 0.000000 1.000000
0.999696 -0.023434 -0.007694 0.030900 0.018495 0.918604 -0.394746 11.006600 0.016318 0.394483 0.918758 0.107900 0.000000 0.000000 0.000000 1.000000
0.999226 0.019972 -0.033879 0.030900 -0.032003 0.913617 -0.405315 11.006600 0.022858 0.406086 0.913549 0.107900 0.000000 0.000000 0.000000 1.000000
0.998834 0.024015 -0.041875 0.030900 -0.039433 0.906282 -0.420829 11.006600 0.027845 0.421990 0.906173 0.107900 0.000000 0.000000 0.000000 1.000000
0.999724 -0.008673 -0.021815 0.030900 -0.001536 0.903089 -0.429451 11.006600 0.023426 0.429366 0.902827 0.107900 0.000000 0.000000 0.000000 1.000000
0.998852 -0.047463 0.006540 0.030900 0.045809 0.906086 -0.420605 11.006600 0.014038 0.420422 0.907220 0.107900 0.000000 0.000000 0.000000 1.000000
0.997833 -0.063942 0.015512 0.030900 0.064577 0.906568 -0.417091 11.006600 0.012607 0.417189 0.908732 0.107900 0.000000 0.000000 0.000000 1.000000
0.997904 -0.064665 0.002530 0.030900 0.059680 0.904439 -0.422407 11.006600 0.025027 0.421672 0.906403 0.107900 0.000000 0.000000 0.000000 1.000000
0.998671 -0.050419 -0.010683 0.030900 0.041002 0.902840 -0.428017 11.006600 0.031225 0.427010 0.903708 0.107900 0.000000 0.000000 0.000000 1.000000
0.999404 -0.031928 -0.013151 0.030900 0.023131 0.901797 -0.431540 11.006600 0.025638 0.430978 0.901998 0.107900 0.000000 0.000000 0.000000 1.000000
0.999622 -0.024213 -0.013004 0.030900 0.015909 0.895593 -0.444590 11.006600 0.022411 0.444215 0.895640 0.107900 0.000000 0.000000 0.000000 1.000000
0.999503 -0.028970 -0.012435 0.030900 0.020128 0.889971 -0.455572 11.006600 0.024265 0.455096 0.890112 0.107900 0.000000 0.000000 0.000000 1.000000
0.998696 -0.050144 -0.009563 0.030900 0.040104 0.886607 -0.460781 11.006600 0.031584 0.459797 0.887462 0.107900 0.000000 0.000000 0.000000 1.000000
0.996780 -0.079688 -0.008958 0.030900 0.067311 0.892179 -0.446638 11.006600 0.043584 0.444596 0.894670 0.107900 0.000000 0.000000 0.000000 1.000000
0.993803 -0.111052 0.004857 0.030900 0.102335 0.896983 -0.430057 11.006600 0.043402 0.427889 0.902789 0.107900 0.000000 0.000000 0.000000 1.000000
0.993091 -0.116326 0.015449 0.030900 0.112898 0.911201 -0.396190 11.006600 0.032010 0.395197 0.918039 0.107900 0.000000 0.000000 0.000000 1.000000
0.993543 -0.112744 0.012685 0.030900 0.109682 0.925879 -0.361549 11.006600 0.029017 0.360605 0.932267 0.107900 0.000000 0.000000 0.000000 1.000000
0.994582 -0.103946 0.001537 0.030900 0.098445 0.936989 -0.335201 11.006600 0.033403 0.333536 0.942146 0.107900 0.000000 0.000000 0.000000 1.000000
0.995405 -0.095110 -0.011124 0.030900 0.085840 0.937749 -0.336538 11.006600 0.042439 0.334037 0.941604 0.107900 0.000000 0.000000 0.000000 1.000000
0.996057 -0.088685 0.002364 0.030900 0.084047 0.934767 -0.345178 11.006600 0.028402 0.344015 0.938534 0.107900 0.000000 0.000000 0.000000 1.000000
0.994749 -0.099124 0.025473 0.030900 0.101799 0.932642 -0.346144 11.006600 0.010554 0.346919 0.937836 0.107900 0.000000 0.000000 0.000000 1.000000
0.992727 -0.114354 0.037647 0.030900 0.120330 0.932504 -0.340526 11.006600 0.003834 0.342579 0.939481 0.107900 0.000000 0.000000 0.000000 1.000000
0.992683 -0.118171 0.024820 0.030900 0.119548 0.932898 -0.339720 11.006600 0.016991 0.340201 0.940199 0.107900 0.000000 0.000000 0.000000 1.000000
0.995001 -0.099837 -0.002149 0.030900 0.092792 0.932316 -0.349539 11.006600 0.036901 0.347592 0.936919 0.107900 0.000000 0.000000 0.000000 1.000000
0.997184 -0.071629 -0.022208 0.030900 0.058936 0.931650 -0.358546 11.006600 0.046372 0.356228 0.933248 0.107900 0.000000 0.000000 0.000000 1.000000
0.997728 -0.062870 -0.024210 0.030900 0.049892 0.931011 -0.361566 11.006600 0.045272 0.359537 0.932032 0.107900 0.000000 0.000000 0.000000 1.000000
0.997392 -0.070737 -0.014307 0.030900 0.061075 0.932927 -0.354848 11.006600 0.038449 0.353049 0.934814 0.107900 0.000000 0.000000 0.000000 1.000000
0.996879 -0.078846 -0.003823 0.030900 0.072667 0.935525 -0.345706 11.006600 0.030834 0.344349 0.938335 0.107900 0.000000 0.000000 0.000000 1.000000
0.996721 -0.080820 -0.003929 0.030900 0.074443 0.934944 -0.346897 11.006600 0.031710 0.345467 0.937895 0.107900 0.000000 0.000000 0.000000 1.000000
0.997075 -0.075470 -0.012049 0.030900 0.066434 0.933819 -0.351524 11.006600 0.037781 0.349696 0.936101 0.107900 0.000000 0.000000 0.000000 1.000000
0.997563 -0.069420 -0.007006 0.030900 0.062240 0.930751 -0.360319 11.006600 0.031534 0.359005 0.932803 0.107900 0.000000 0.000000 0.000000 1.000000
0.997830 -0.065812 -0.001894 0.030900 0.060183 0.923389 -0.379119 11.006600 0.026699 0.378182 0.925346 0.107900 0.000000 0.000000 0.000000 1.000000
0.997587 -0.068770 -0.009510 0.030900 0.059161 0.913772 -0.401897 11.006600 0.036328 0.400365 0.915635 0.107900 0.000000 0.000000 0.000000 1.000000
0.995803 -0.087970 -0.025266 0.030900 0.068434 0.898937 -0.432700 11.006600 0.060778 0.429155 0.901184 0.107900 0.000000 0.000000 0.000000 1.000000
0.994342 -0.101136 -0.032496 0.030900 0.075930 0.890596 -0.448412 11.006600 0.074291 0.443407 0.893236 0.107900 0.000000 0.000000 0.000000 1.000000
0.995248 -0.091700 -0.032764 0.030900 0.067847 0.894354 -0.442184 11.006600 0.069851 0.437860 0.896326 0.107900 0.000000 0.000000 0.000000 1.000000
0.996226 -0.081726 -0.029233 0.030900 0.061042 0.899129 -0.433405 11.006600 0.061705 0.429985 0.900725 0.107900 0.000000 0.000000 0.000000 1.000000
0.996015 -0.086100 -0.023264 0.030900 0.068213 0.903453 -0.423226 11.006600 0.057458 0.419952 0.905725 0.107900 0.000000 0.000000 0.000000 1.000000
0.995308 -0.094917 -0.018809 0.030900 0.079079 0.909917 -0.407182 11.006600 0.055763 0.403784 0.913153 0.107900 0.000000 0.000000 0.000000 1.000000
0.995867 -0.088240 -0.021525 0.030900 0.072172 0.912659 -0.402300 11.006600 0.055144 0.399084 0.915255 0.107900 0.000000 0.000000 0.000000 1.000000
0.997715 -0.060781 -0.029495 0.030900 0.043271 0.910185 -0.411936 11.006600 0.051884 0.409719 0.910735 0.107900 0.000000 0.000000 0.000000 1.000000
0.998162 -0.047215 -0.037981 0.030900 0.025776 0.898098 -0.439040 11.006600 0.054840 0.437254 0.897665 0.107900 0.000000 0.000000 0.000000 1.000000
0.997480 -0.061790 -0.034878 0.030900 0.039465 0.891652 -0.450998 11.006600 0.058966 0.448484 0.891843 0.107900 0.000000 0.000000 0.000000 1.000000
0.995830 -0.090154 -0.013933 0.030900 0.075210 0.897819 -0.433895 11.006600 0.051627 0.431038 0.900856 0.107900 0.000000 0.000000 0.000000 1.000000
0.993914 -0.110070 -0.004305 0.030900 0.098980 0.909557 -0.403619 11.006600 0.048342 0.400736 0.914917 0.107900 0.000000 0.000000 0.000000 1.000000
0.993686 -0.111835 -0.009002 0.030900 0.099986 0.919083 -0.381168 11.006600 0.050901 0.377861 0.924462 0.107900 0.000000 0.000000 0.000000 1.000000
0.994527 -0.103714 -0.012631 0.030900 0.091304 0.921496 -0.377504 11.006600 0.050792 0.374284 0.925922 0.107900 0.000000 0.000000 0.000000 1.000000
0.994943 -0.100384 -0.003497 0.030900 0.090871 0.914400 -0.394480 11.006600 0.042797 0.392168 0.918898 0.107900 0.000000 0.000000 0.000000 1.000000
0.993850 -0.108984 0.019629 0.030900 0.107343 0.904574 -0.412582 11.006600 0.027209 0.412151 0.910709 0.107900 0.000000 0.000000 0.000000 1.000000
0.990794 -0.130812 0.034851 0.030900 0.133160 0.895354 -0.424982 11.006600 0.024388 0.425710 0.904531 0.107900 0.000000 0.000000 0.000000 1.000000
0.986287 -0.160289 0.039317 0.030900 0.161254 0.885176 -0.436418 11.006600 0.035151 0.436773 0.898885 0.107900 0.000000 0.000000 0.000000 1.000000
0.983649 -0.176098 0.037748 0.030900 0.174649 0.881534 -0.438628 11.006600 0.043966 0.438049 0.897875 0.107900 0.000000 0.000000 0.000000 1.000000
0.985109 -0.169002 0.031595 0.030900 0.166342 0.890391 -0.423716 11.006600 0.043477 0.422662 0.905244 0.107900 0.000000 0.000000 0.000000 1.000000
0.988500 -0.149968 0.019441 0.030900 0.145153 0.904901 -0.400106 11.006600 0.042411 0.398327 0.916263 0.107900 0.000000 0.000000 0.000000 1.000000
0.990703 -0.135604 0.010940 0.030900 0.129626 0.916493 -0.378467 11.006600 0.041295 0.376367 0.925550 0.107900 0.000000 0.000000 0.000000 1.000000
0.990612 -0.135288 0.019603 0.030900 0.133009 0.920802 -0.366651 11.006600 0.031553 0.365816 0.930152 0.107900 0.000000 0.000000 0.000000 1.000000</float_array><technique_common><accessor source="#Spine-Matrix-animation-output-transform-array" count="71" stride="16"><param type="float4x4"/></accessor></technique_common></source><source id="Spine-Interpolations"><Name_array id="Spine-Interpolations-array" count="71">
 LINEAR LINEAR LINEAR LINEAR LINEAR LINEAR LINEAR LINEAR LINEAR LINEAR LINEAR
LINEAR LINEAR LINEAR LINEAR LINEAR LINEAR LINEAR LINEAR LINEAR LINEAR LINEAR LINEAR
LINEAR LINEAR LINEAR LINEAR LINEAR LINEAR LINEAR LINEAR LINEAR LINEAR LINEAR LINEAR
LINEAR LINEAR LINEAR LINEAR LINEAR LINEAR LINEAR LINEAR LINEAR LINEAR LINEAR LINEAR
LINEAR LINEAR LINEAR LINEAR LINEAR LINEAR LINEAR LINEAR LINEAR LINEAR LINEAR LINEAR
LINEAR LINEAR LINEAR LINEAR LINEAR LINEAR LINEAR LINEAR LINEAR LINEAR LINEAR LINEAR</Name_array><technique_common><accessor source="#Spine-Interpolations-array" count="71"><param type="name"/></accessor></technique_common></source><sampler id="Spine-Matrix-animation-transform"><input semantic="INPUT" source="#Spine-Matrix-animation-input"/><input semantic="OUTPUT" source="#Spine-Matrix-animation-output-transform"/><input semantic="INTERPOLATION" source="#Spine-Interpolations"/></sampler><channel source="#Spine-Matrix-animation-transform" target="Spine/matrix"/></animation>
    <animation id="Spine1-anim" name="Spine1"><source id="Spine1-Matrix-animation-input"><float_array id="Spine1-Matrix-animation-input-array" count="71">

0.000000 0.033333 0.066667 0.100000 0.133333 0.166667 0.200000 0.233333 0.266667 0.300000 0.333333 0.366667 0.400000 0.433333 0.466667 0.500000
0.533333 0.566667 0.600000 0.633333 0.666667 0.700000 0.733333 0.766667 0.800000 0.833333 0.866667 0.900000 0.933333 0.966667 1.000000 1.033333
1.066667 1.100000 1.133333 1.166667 1.200000 1.233333 1.266667 1.300000 1.333333 1.366667 1.400000 1.433333 1.466667 1.500000 1.533333 1.566667
1.600000 1.633333 1.666667 1.700000 1.733333 1.766667 1.800000 1.833333 1.866667 1.900000 1.933333 1.966667 2.000000 2.033333 2.066667 2.100000
2.133333 2.166667 2.200000 2.233333 2.266667 2.300000 2.333333</float_array><technique_common><accessor source="#Spine1-Matrix-animation-input-array" count="71"><param name="TIME" type="float"/></accessor></technique_common></source><source id="Spine1-Matrix-animation-output-transform"><float_array id="Spine1-Matrix-animation-output-transform-array" count="1136">

0.997969 -0.063278 -0.007333 0.037200 0.060606 0.978610 -0.196592 11.271000 0.019616 0.195749 0.980458 0.102300 0.000000 0.000000 0.000000 1.000000
0.999037 -0.043874 -0.001016 0.037200 0.042709 0.977313 -0.207449 11.271000 0.010094 0.207206 0.978245 0.102300 0.000000 0.000000 0.000000 1.000000
0.999206 -0.039788 -0.002077 0.037200 0.038484 0.977329 -0.208201 11.271000 0.010314 0.207955 0.978084 0.102300 0.000000 0.000000 0.000000 1.000000
0.998669 -0.051579 0.000107 0.037200 0.050439 0.976158 -0.211121 11.271000 0.010785 0.210845 0.977460 0.102300 0.000000 0.000000 0.000000 1.000000
0.997472 -0.070877 0.005071 0.037200 0.070345 0.974845 -0.211494 11.271000 0.010046 0.211316 0.977366 0.102300 0.000000 0.000000 0.000000 1.000000
0.996737 -0.080690 0.002248 0.037200 0.079310 0.973753 -0.213342 11.271000 0.015025 0.212824 0.976975 0.102300 0.000000 0.000000 0.000000 1.000000
0.997396 -0.072092 -0.001749 0.037200 0.069979 0.973458 -0.217905 11.271000 0.017411 0.217215 0.975968 0.102300 0.000000 0.000000 0.000000 1.000000
0.998567 -0.053345 -0.004333 0.037200 0.051073 0.973982 -0.220797 11.271000 0.015999 0.220259 0.975310 0.102300 0.000000 0.000000 0.000000 1.000000
0.999225 -0.038587 -0.007811 0.037200 0.035850 0.973804 -0.224544 11.271000 0.016271 0.224090 0.974433 0.102300 0.000000 0.000000 0.000000 1.000000
0.999345 -0.035201 -0.008411 0.037200 0.032316 0.972534 -0.230507 11.271000 0.016294 0.230084 0.973034 0.102300 0.000000 0.000000 0.000000 1.000000
0.999237 -0.038625 -0.005795 0.037200 0.036287 0.972974 -0.228046 11.271000 0.014447 0.227662 0.973633 0.102300 0.000000 0.000000 0.000000 1.000000
0.998902 -0.046818 -0.001975 0.037200 0.045208 0.973925 -0.222322 11.271000 0.012332 0.221989 0.974971 0.102300 0.000000 0.000000 0.000000 1.000000
0.998509 -0.054592 -0.000452 0.037200 0.053173 0.974371 -0.218572 11.271000 0.012373 0.218222 0.975821 0.102300 0.000000 0.000000 0.000000 1.000000
0.998307 -0.058138 -0.001494 0.037200 0.056451 0.974870 -0.215501 11.271000 0.013986 0.215052 0.976502 0.102300 0.000000 0.000000 0.000000 1.000000
0.998677 -0.051213 -0.004588 0.037200 0.049036 0.975452 -0.214685 11.271000 0.015469 0.214176 0.976673 0.102300 0.000000 0.000000 0.000000 1.000000
0.999517 -0.030107 -0.007721 0.037200 0.027774 0.976671 -0.212936 11.271000 0.013952 0.212619 0.977036 0.102300 0.000000 0.000000 0.000000 1.000000
0.999931 0.001218 -0.011658 0.037200 -0.003698 0.976576 -0.215141 11.271000 0.011123 0.215169 0.976513 0.102300 0.000000 0.000000 0.000000 1.000000
0.999414 0.027752 -0.020042 0.037200 -0.031557 0.973808 -0.225173 11.271000 0.013268 0.225673 0.974113 0.102300 0.000000 0.000000 0.000000 1.000000
0.999294 0.030882 -0.021384 0.037200 -0.035044 0.971425 -0.234745 11.271000 0.013524 0.235329 0.971822 0.102300 0.000000 0.000000 0.000000 1.000000
0.999834 0.012344 -0.013401 0.037200 -0.015194 0.970820 -0.239326 11.271000 0.010055 0.239490 0.970847 0.102300 0.000000 0.000000 0.000000 1.000000
0.999951 -0.009878 0.000334 0.037200 0.009680 0.971995 -0.234804 11.271000 0.001995 0.234796 0.972043 0.102300 0.000000 0.000000 0.000000 1.000000
0.999812 -0.019091 0.003482 0.037200 0.019378 0.972482 -0.232170 11.271000 0.001046 0.232193 0.972669 0.102300 0.000000 0.000000 0.000000 1.000000
0.999812 -0.018867 -0.004394 0.037200 0.017300 0.971679 -0.235669 11.271000 0.008716 0.235549 0.971823 0.102300 0.000000 0.000000 0.000000 1.000000
0.999886 -0.010288 -0.011007 0.037200 0.007346 0.970741 -0.240017 11.271000 0.013154 0.239909 0.970706 0.102300 0.000000 0.000000 0.000000 1.000000
0.999933 -0.000647 -0.011594 0.037200 -0.002200 0.969809 -0.243856 11.271000 0.011401 0.243865 0.969742 0.102300 0.000000 0.000000 0.000000 1.000000
0.999935 0.003176 -0.010951 0.037200 -0.005847 0.967351 -0.253375 11.271000 0.009789 0.253422 0.967306 0.102300 0.000000 0.000000 0.000000 1.000000
0.999944 0.000963 -0.010578 0.037200 -0.003694 0.965231 -0.261371 11.271000 0.009959 0.261396 0.965180 0.102300 0.000000 0.000000 0.000000 1.000000
0.999888 -0.010647 -0.010479 0.037200 0.007497 0.964375 -0.264434 11.271000 0.012921 0.264326 0.964347 0.102300 0.000000 0.000000 0.000000 1.000000
0.999584 -0.026125 -0.012232 0.037200 0.022147 0.966722 -0.254869 11.271000 0.018484 0.254492 0.966898 0.102300 0.000000 0.000000 0.000000 1.000000
0.999010 -0.044036 -0.006243 0.037200 0.041212 0.969317 -0.242335 11.271000 0.016723 0.241838 0.970172 0.102300 0.000000 0.000000 0.000000 1.000000
0.998811 -0.048485 -0.004998 0.037200 0.046217 0.974654 -0.218890 11.271000 0.015484 0.218399 0.975737 0.102300 0.000000 0.000000 0.000000 1.000000
0.998803 -0.048014 -0.009288 0.037200 0.045276 0.979660 -0.195489 11.271000 0.018486 0.194835 0.980662 0.102300 0.000000 0.000000 0.000000 1.000000
0.998887 -0.043907 -0.017208 0.037200 0.040166 0.983310 -0.177448 11.271000 0.024712 0.176560 0.983980 0.102300 0.000000 0.000000 0.000000 1.000000
0.999009 -0.038345 -0.022577 0.037200 0.033769 0.983714 -0.176543 11.271000 0.028978 0.175605 0.984034 0.102300 0.000000 0.000000 0.000000 1.000000
0.999246 -0.036372 -0.013603 0.037200 0.033321 0.982978 -0.180678 11.271000 0.019943 0.180088 0.983448 0.102300 0.000000 0.000000 0.000000 1.000000
0.999048 -0.043601 -0.001288 0.037200 0.042653 0.982667 -0.180407 11.271000 0.009132 0.180181 0.983591 0.102300 0.000000 0.000000 0.000000 1.000000
0.998620 -0.052401 0.003401 0.037200 0.052172 0.982739 -0.177490 11.271000 0.005958 0.177423 0.984117 0.102300 0.000000 0.000000 0.000000 1.000000
0.998603 -0.052647 -0.004471 0.037200 0.051025 0.982870 -0.177096 11.271000 0.013718 0.176620 0.984183 0.102300 0.000000 0.000000 0.000000 1.000000
0.999069 -0.039234 -0.017946 0.037200 0.035321 0.982668 -0.181980 11.271000 0.024775 0.181177 0.983138 0.102300 0.000000 0.000000 0.000000 1.000000
0.999384 -0.022378 -0.027034 0.037200 0.016938 0.982235 -0.186890 11.271000 0.030736 0.186317 0.982009 0.102300 0.000000 0.000000 0.000000 1.000000
0.999437 -0.017745 -0.028473 0.037200 0.012069 0.982022 -0.188380 11.271000 0.031304 0.187930 0.981683 0.102300 0.000000 0.000000 0.000000 1.000000
0.999452 -0.023255 -0.023575 0.037200 0.018523 0.982729 -0.184121 11.271000 0.027450 0.183584 0.982621 0.102300 0.000000 0.000000 0.000000 1.000000
0.999403 -0.029014 -0.018749 0.037200 0.025208 0.983626 -0.178449 11.271000 0.023619 0.177869 0.983771 0.102300 0.000000 0.000000 0.000000 1.000000
0.999379 -0.029812 -0.018779 0.037200 0.025978 0.983533 -0.178849 11.271000 0.023802 0.178250 0.983697 0.102300 0.000000 0.000000 0.000000 1.000000
0.999442 -0.026079 -0.020847 0.037200 0.021858 0.983078 -0.181879 11.271000 0.025238 0.181322 0.983100 0.102300 0.000000 0.000000 0.000000 1.000000
0.999569 -0.023837 -0.017111 0.037200 0.020169 0.981695 -0.189389 11.271000 0.021312 0.188962 0.981753 0.102300 0.000000 0.000000 0.000000 1.000000
0.999668 -0.022080 -0.013269 0.037200 0.018912 0.978795 -0.203969 11.271000 0.017491 0.203650 0.978887 0.102300 0.000000 0.000000 0.000000 1.000000
0.999615 -0.023230 -0.015150 0.037200 0.019310 0.975075 -0.221032 11.271000 0.019907 0.220654 0.975149 0.102300 0.000000 0.000000 0.000000 1.000000
0.999223 -0.030870 -0.024505 0.037200 0.024084 0.970383 -0.240369 11.271000 0.031199 0.239592 0.970372 0.102300 0.000000 0.000000 0.000000 1.000000
0.998931 -0.035639 -0.029439 0.037200 0.027180 0.967979 -0.249554 11.271000 0.037390 0.248487 0.967913 0.102300 0.000000 0.000000 0.000000 1.000000
0.999119 -0.030205 -0.029134 0.037200 0.022140 0.969145 -0.245493 11.271000 0.035650 0.244632 0.968960 0.102300 0.000000 0.000000 0.000000 1.000000
0.999268 -0.025891 -0.028173 0.037200 0.018447 0.971062 -0.238114 11.271000 0.033523 0.237420 0.970828 0.102300 0.000000 0.000000 0.000000 1.000000
0.999184 -0.029912 -0.027140 0.037200 0.022914 0.973171 -0.228937 11.271000 0.033260 0.228128 0.973063 0.102300 0.000000 0.000000 0.000000 1.000000
0.998999 -0.035777 -0.026856 0.037200 0.029084 0.975568 -0.217766 11.271000 0.033991 0.216767 0.975631 0.102300 0.000000 0.000000 0.000000 1.000000
0.999118 -0.031707 -0.027534 0.037200 0.025048 0.976238 -0.215250 11.271000 0.033705 0.214371 0.976171 0.102300 0.000000 0.000000 0.000000 1.000000
0.999508 -0.016219 -0.026847 0.037200 0.009836 0.974833 -0.222721 11.271000 0.029784 0.222347 0.974513 0.102300 0.000000 0.000000 0.000000 1.000000
0.999575 -0.008526 -0.027892 0.037200 0.001576 0.970715 -0.240231 11.271000 0.029124 0.240084 0.970315 0.102300 0.000000 0.000000 0.000000 1.000000
0.999474 -0.016545 -0.027887 0.037200 0.009150 0.968988 -0.246940 11.271000 0.031108 0.246554 0.968630 0.102300 0.000000 0.000000 0.000000 1.000000
0.999185 -0.033971 -0.021781 0.037200 0.027926 0.971724 -0.234461 11.271000 0.029130 0.233662 0.971881 0.102300 0.000000 0.000000 0.000000 1.000000
0.998762 -0.045432 -0.020245 0.037200 0.040044 0.975901 -0.214509 11.271000 0.029502 0.213433 0.976512 0.102300 0.000000 0.000000 0.000000 1.000000
0.998625 -0.046384 -0.024440 0.037200 0.040586 0.979018 -0.199692 11.271000 0.033189 0.198425 0.979554 0.102300 0.000000 0.000000 0.000000 1.000000
0.998784 -0.042050 -0.025719 0.037200 0.036179 0.979755 -0.196905 11.271000 0.033478 0.195735 0.980085 0.102300 0.000000 0.000000 0.000000 1.000000
0.999022 -0.040387 -0.018007 0.037200 0.035771 0.977512 -0.207824 11.271000 0.025995 0.206976 0.978001 0.102300 0.000000 0.000000 0.000000 1.000000
0.998846 -0.047868 -0.003828 0.037200 0.045853 0.974396 -0.220115 11.271000 0.014266 0.219686 0.975466 0.102300 0.000000 0.000000 0.000000 1.000000
0.998124 -0.061073 0.004378 0.037200 0.060447 0.971432 -0.229492 11.271000 0.009763 0.229326 0.973301 0.102300 0.000000 0.000000 0.000000 1.000000
0.996992 -0.077323 0.005264 0.037200 0.076368 0.968547 -0.236820 11.271000 0.013213 0.236510 0.971539 0.102300 0.000000 0.000000 0.000000 1.000000
0.996277 -0.086191 0.001996 0.037200 0.084189 0.967628 -0.237925 11.271000 0.018576 0.237207 0.971281 0.102300 0.000000 0.000000 0.000000 1.000000
0.996677 -0.081398 -0.003139 0.037200 0.078506 0.970124 -0.229558 11.271000 0.021731 0.228548 0.973290 0.102300 0.000000 0.000000 0.000000 1.000000
0.997558 -0.069344 -0.008374 0.037200 0.065930 0.974403 -0.214924 11.271000 0.023063 0.213847 0.976595 0.102300 0.000000 0.000000 0.000000 1.000000
0.998188 -0.059578 -0.008432 0.037200 0.056682 0.978048 -0.200523 11.271000 0.020193 0.199682 0.979653 0.102300 0.000000 0.000000 0.000000 1.000000
0.997969 -0.063278 -0.007333 0.037200 0.060606 0.978610 -0.196592 11.271000 0.019616 0.195749 0.980458 0.102300 0.000000 0.000000 0.000000 1.000000</float_array><technique_common><accessor source="#Spine1-Matrix-animation-output-transform-array" count="71" stride="16"><param type="float4x4"/></accessor></technique_common></source><source id="Spine1-Interpolations"><Name_array id="Spine1-Interpolations-array" count="71">
 LINEAR LINEAR LINEAR LINEAR LINEAR LINEAR LINEAR LINEAR LINEAR LINEAR LINEAR
LINEAR LINEAR LINEAR LINEAR LINEAR LINEAR LINEAR LINEAR LINEAR LINEAR LINEAR LINEAR
LINEAR LINEAR LINEAR LINEAR LINEAR LINEAR LINEAR LINEAR LINEAR LINEAR LINEAR LINEAR
LINEAR LINEAR LINEAR LINEAR LINEAR LINEAR LINEAR LINEAR LINEAR LINEAR LINEAR LINEAR
LINEAR LINEAR LINEAR LINEAR LINEAR LINEAR LINEAR LINEAR LINEAR LINEAR LINEAR LINEAR
LINEAR LINEAR LINEAR LINEAR LINEAR LINEAR LINEAR LINEAR LINEAR LINEAR LINEAR LINEAR</Name_array><technique_common><accessor source="#Spine1-Interpolations-array" count="71"><param type="name"/></accessor></technique_common></source><sampler id="Spine1-Matrix-animation-transform"><input semantic="INPUT" source="#Spine1-Matrix-animation-input"/><input semantic="OUTPUT" source="#Spine1-Matrix-animation-output-transform"/><input semantic="INTERPOLATION" source="#Spine1-Interpolations"/></sampler><channel source="#Spine1-Matrix-animation-transform" target="Spine1/matrix"/></animation>
    <animation id="Spine2-anim" name="Spine2"><source id="Spine2-Matrix-animation-input"><float_array id="Spine2-Matrix-animation-input-array" count="71">

0.000000 0.033333 0.066667 0.100000 0.133333 0.166667 0.200000 0.233333 0.266667 0.300000 0.333333 0.366667 0.400000 0.433333 0.466667 0.500000
0.533333 0.566667 0.600000 0.633333 0.666667 0.700000 0.733333 0.766667 0.800000 0.833333 0.866667 0.900000 0.933333 0.966667 1.000000 1.033333
1.066667 1.100000 1.133333 1.166667 1.200000 1.233333 1.266667 1.300000 1.333333 1.366667 1.400000 1.433333 1.466667 1.500000 1.533333 1.566667
1.600000 1.633333 1.666667 1.700000 1.733333 1.766667 1.800000 1.833333 1.866667 1.900000 1.933333 1.966667 2.000000 2.033333 2.066667 2.100000
