<?xml version="1.0" encoding="utf-8"?>
<COLLADA xmlns="http://www.collada.org/2005/11/COLLADASchema" version="1.4.1">
  <asset><contributor><author>Mixamo</author><authoring_tool>COLLADA Mixamo exporter</authoring_tool><comments></comments></contributor><created>2018-04-27T18:02:12Z</created><modified>2018-04-27T18:02:12Z</modified><revision></revision><title></title><unit meter="0.010000"/><up_axis>Y_UP</up_axis></asset>
  <library_animations>
    <animation id="Hips-anim" name="Hips"><source id="Hips-Matrix-animation-input"><float_array id="Hips-Matrix-animation-input-array" count="106">

0.000000 0.033333 0.066667 0.100000 0.133333 0.166667 0.200000 0.233333 0.266667 0.300000 0.333333 0.366667 0.400000 0.433333 0.466667 0.500000
0.533333 0.566667 0.600000 0.633333 0.666667 0.700000 0.733333 0.766667 0.800000 0.833333 0.866667 0.900000 0.933333 0.966667 1.000000 1.033333
1.066667 1.100000 1.133333 1.166667 1.200000 1.233333 1.266667 1.300000 1.333333 1.366667 1.400000 1.433333 1.466667 1.500000 1.533333 1.566667
1.600000 1.633333 1.666667 1.700000 1.733333 1.766667 1.800000 1.833333 1.866667 1.900000 1.933333 1.966667 2.000000 2.033333 2.066667 2.100000
2.133333 2.166667 2.200000 2.233333 2.266667 2.300000 2.333333 2.366667 2.400000 2.433333 2.466667 2.500000 2.533333 2.566667 2.600000 2.633333
2.666667 2.700000 2.733333 2.766667 2.800000 2.833333 2.866667 2.900000 2.933333 2.966667 3.000000 3.033333 3.066667 3.100000 3.133333 3.166667
3.200000 3.233333 3.266667 3.300000 3.333333 3.366667 3.400000 3.433333 3.466667 3.500000</float_array><technique_common><accessor source="#Hips-Matrix-animation-input-array" count="106"><param name="TIME" type="float"/></accessor></technique_common></source><source id="Hips-Matrix-animation-output-transform"><float_array id="Hips-Matrix-animation-output-transform-array" count="1696">

0.960905 -0.020540 -0.276116 -2.035206 -0.070818 0.945841 -0.316812 99.462730 0.267669 0.323980 0.907409 -16.866425 0.000000 0.000000 0.000000 1.000000
0.961486 -0.023520 -0.273847 -2.163284 -0.069516 0.943129 -0.325076 99.588387 0.265919 0.331593 0.905170 -17.022377 0.000000 0.000000 0.000000 1.000000
0.961826 -0.027103 -0.272315 -2.409528 -0.068080 0.940102 -0.334025 99.768738 0.265057 0.339813 0.902370 -17.329020 0.000000 0.000000 0.000000 1.000000
0.961861 -0.032646 -0.271585 -2.776873 -0.065816 0.936064 -0.345618 99.937492 0.265504 0.350311 0.898215 -17.793951 0.000000 0.000000 0.000000 1.000000
0.962238 -0.037384 -0.269631 -3.242677 -0.065279 0.929930 -0.361896 100.110809 0.264267 0.365831 0.892373 -18.438946 0.000000 0.000000 0.000000 1.000000
0.963480 -0.036083 -0.265337 -3.749747 -0.070133 0.922289 -0.380085 100.345100 0.258431 0.384813 0.886077 -19.302402 0.000000 0.000000 0.000000 1.000000
0.965239 -0.028505 -0.259809 -4.198949 -0.080272 0.913663 -0.398468 100.500076 0.248737 0.405472 0.879615 -20.309593 0.000000 0.000000 0.000000 1.000000
0.966291 -0.018891 -0.256757 -4.555936 -0.094102 0.902380 -0.420541 100.618065 0.239637 0.430526 0.870185 -21.310944 0.000000 0.000000 0.000000 1.000000
0.966629 -0.011095 -0.255940 -4.778146 -0.108581 0.887142 -0.448542 100.860863 0.232032 0.461364 0.856332 -22.234077 0.000000 0.000000 0.000000 1.000000
0.966598 -0.006278 -0.256220 -4.764349 -0.120961 0.870183 -0.477650 101.284607 0.225957 0.492688 0.840358 -23.087780 0.000000 0.000000 0.000000 1.000000
0.965236 -0.003270 -0.261361 -4.359185 -0.132364 0.856114 -0.499549 101.703491 0.225388 0.516777 0.825919 -23.747395 0.000000 0.000000 0.000000 1.000000
0.963090 0.000073 -0.269181 -3.425575 -0.143076 0.847182 -0.511675 101.906822 0.228008 0.531302 0.815923 -23.981642 0.000000 0.000000 0.000000 1.000000
0.961465 0.005765 -0.274865 -2.005069 -0.149871 0.849156 -0.506432 101.819244 0.230484 0.528111 0.817298 -23.444277 0.000000 0.000000 0.000000 1.000000
0.960530 0.016853 -0.277666 -0.240557 -0.154685 0.861970 -0.482784 101.718040 0.231204 0.506679 0.830555 -22.285755 0.000000 0.000000 0.000000 1.000000
0.961074 0.034440 -0.274134 1.732173 -0.155948 0.886659 -0.435335 101.762444 0.228071 0.461140 0.857516 -20.405827 0.000000 0.000000 0.000000 1.000000
0.964416 0.053174 -0.258987 3.723993 -0.149225 0.918100 -0.367184 102.109711 0.218252 0.392766 0.893365 -17.616030 0.000000 0.000000 0.000000 1.000000
0.970693 0.070163 -0.229853 5.646220 -0.134248 0.951601 -0.276464 102.712036 0.199331 0.299219 0.933132 -13.881351 0.000000 0.000000 0.000000 1.000000
0.979451 0.080652 -0.184853 7.427252 -0.113714 0.977820 -0.175892 103.367615 0.166566 0.193298 0.966898 -9.398373 0.000000 0.000000 0.000000 1.000000
0.988817 0.087593 -0.120701 9.154805 -0.098956 0.990867 -0.091603 103.791481 0.111575 0.102523 0.988453 -4.675630 0.000000 0.000000 0.000000 1.000000
0.994132 0.096997 -0.047878 10.951173 -0.098590 0.994610 -0.032113 104.693542 0.044505 0.036645 0.998337 -0.483214 0.000000 0.000000 0.000000 1.000000
0.993910 0.110191 0.000653 12.943039 -0.110186 0.993758 0.017442 106.176491 0.001273 -0.017408 0.999848 3.133952 0.000000 0.000000 0.000000 1.000000
0.992740 0.120171 0.005076 14.971206 -0.120232 0.990295 0.069711 107.507225 0.003351 -0.069815 0.997554 6.228080 0.000000 0.000000 0.000000 1.000000
0.991699 0.128548 -0.002854 16.640392 -0.127096 0.983375 0.129692 108.433418 0.019478 -0.128253 0.991550 8.428457 0.000000 0.000000 0.000000 1.000000
0.989437 0.144200 0.014885 18.054840 -0.144347 0.970527 0.192981 109.022247 0.013382 -0.193091 0.981090 9.658843 0.000000 0.000000 0.000000 1.000000
0.984727 0.167697 0.046799 19.335163 -0.174087 0.952148 0.251213 109.513527 -0.002432 -0.255523 0.966800 10.341034 0.000000 0.000000 0.000000 1.000000
0.978270 0.195776 0.068260 20.494688 -0.207284 0.930752 0.301220 110.184120 -0.004561 -0.308823 0.951109 10.977555 0.000000 0.000000 0.000000 1.000000
0.971057 0.222296 0.087370 21.420391 -0.238824 0.909029 0.341510 110.849571 -0.003505 -0.352492 0.935808 11.719368 0.000000 0.000000 0.000000 1.000000
0.963134 0.239125 0.123253 22.036127 -0.268231 0.888673 0.371903 111.263306 -0.020600 -0.391253 0.920052 12.382879 0.000000 0.000000 0.000000 1.000000
0.954160 0.243339 0.174255 22.339279 -0.293702 0.873313 0.388669 111.437164 -0.057601 -0.422032 0.904749 12.879762 0.000000 0.000000 0.000000 1.000000
0.941841 0.237244 0.238016 22.346575 -0.317074 0.862022 0.395451 110.965500 -0.111357 -0.447921 0.887111 13.401649 0.000000 0.000000 0.000000 1.000000
0.925629 0.214821 0.311549 22.114838 -0.333740 0.851501 0.404429 109.996483 -0.178405 -0.478328 0.859869 14.376432 0.000000 0.000000 0.000000 1.000000
0.910439 0.178203 0.373289 22.046612 -0.335712 0.845554 0.415133 108.745331 -0.241658 -0.503271 0.829650 15.746896 0.000000 0.000000 0.000000 1.000000
0.903513 0.141821 0.404415 22.235147 -0.323582 0.844486 0.426776 107.712860 -0.280997 -0.516459 0.808895 16.811951 0.000000 0.000000 0.000000 1.000000
0.906822 0.124029 0.402853 22.231726 -0.311935 0.840256 0.443471 107.213326 -0.283496 -0.527813 0.800652 16.882860 0.000000 0.000000 0.000000 1.000000
0.905121 0.099432 0.413364 21.617958 -0.310930 0.817917 0.484081 107.019554 -0.289965 -0.566679 0.771230 17.598103 0.000000 0.000000 0.000000 1.000000
0.873268 0.015341 0.486999 20.569433 -0.321512 0.769157 0.552293 106.858910 -0.366106 -0.638875 0.676612 20.603949 0.000000 0.000000 0.000000 1.000000
0.840136 -0.066382 0.538298 20.317043 -0.333793 0.718986 0.609624 106.908936 -0.427497 -0.691847 0.581888 22.772789 0.000000 0.000000 0.000000 1.000000
0.847595 -0.065693 0.526562 21.073528 -0.339368 0.695736 0.633073 107.255577 -0.407937 -0.715287 0.567408 24.304356 0.000000 0.000000 0.000000 1.000000
0.864122 -0.036432 0.501961 21.208298 -0.330497 0.711110 0.620559 107.078445 -0.379558 -0.702136 0.602446 27.395565 0.000000 0.000000 0.000000 1.000000
0.883246 -0.022497 0.468370 20.887392 -0.297203 0.745734 0.596281 106.612862 -0.362694 -0.665864 0.651980 29.098679 0.000000 0.000000 0.000000 1.000000
0.908403 -0.001567 0.418092 20.792480 -0.261001 0.779084 0.570006 106.569099 -0.326622 -0.626918 0.707313 29.023075 0.000000 0.000000 0.000000 1.000000
0.929103 0.030296 0.368577 20.808460 -0.236888 0.814091 0.530227 106.719017 -0.283992 -0.579947 0.763551 28.211382 0.000000 0.000000 0.000000 1.000000
0.943137 0.052352 0.328255 20.586588 -0.215373 0.848440 0.483491 106.958862 -0.253193 -0.526696 0.811471 27.607113 0.000000 0.000000 0.000000 1.000000
0.953342 0.060784 0.295710 20.144939 -0.191709 0.878564 0.437461 107.370674 -0.233210 -0.473741 0.849225 27.178513 0.000000 0.000000 0.000000 1.000000
0.961132 0.064427 0.268468 19.553741 -0.169566 0.905137 0.389839 107.833641 -0.217884 -0.420210 0.880880 26.771725 0.000000 0.000000 0.000000 1.000000
0.967721 0.068233 0.242613 18.783346 -0.151574 0.926665 0.343973 108.271202 -0.201351 -0.369643 0.907095 26.356594 0.000000 0.000000 0.000000 1.000000
0.973055 0.070431 0.219551 17.730026 -0.135987 0.944267 0.299778 108.710991 -0.186201 -0.321556 0.928402 25.880344 0.000000 0.000000 0.000000 1.000000
0.977073 0.070084 0.201041 16.333796 -0.120742 0.960138 0.252103 109.071945 -0.175358 -0.270597 0.946587 25.243206 0.000000 0.000000 0.000000 1.000000
0.980749 0.067934 0.183074 14.598013 -0.104830 0.974151 0.200102 109.220024 -0.164748 -0.215441 0.962519 24.409475 0.000000 0.000000 0.000000 1.000000
0.984862 0.064111 0.161049 12.571390 -0.088102 0.985273 0.146547 109.136795 -0.149282 -0.158517 0.976006 23.400177 0.000000 0.000000 0.000000 1.000000
0.989634 0.060595 0.130206 10.331566 -0.072804 0.993173 0.091146 108.899231 -0.123794 -0.099681 0.987289 22.223965 0.000000 0.000000 0.000000 1.000000
0.993958 0.056843 0.093894 7.856378 -0.059124 0.998015 0.021698 108.444725 -0.092474 -0.027118 0.995346 20.788580 0.000000 0.000000 0.000000 1.000000
0.997012 0.048297 0.060282 5.172477 -0.043702 0.996200 -0.075339 107.374565 -0.063691 0.072480 0.995334 18.929508 0.000000 0.000000 0.000000 1.000000
0.999303 0.032642 0.018085 2.502590 -0.028898 0.983525 -0.178445 105.908623 -0.023611 0.177799 0.983784 16.779854 0.000000 0.000000 0.000000 1.000000
0.999133 0.013140 -0.039496 -0.248797 -0.023259 0.963146 -0.267973 104.584198 0.034519 0.268659 0.962617 14.545630 0.000000 0.000000 0.000000 1.000000
0.995881 -0.009424 -0.090176 -3.242215 -0.022571 0.937505 -0.347240 102.747459 0.087813 0.347845 0.933431 12.284831 0.000000 0.000000 0.000000 1.000000
0.992215 -0.032396 -0.120250 -6.036278 -0.021727 0.905735 -0.423287 100.253464 0.122627 0.422605 0.897980 10.064199 0.000000 0.000000 0.000000 1.000000
0.992041 -0.044339 -0.117848 -8.444057 -0.020148 0.867989 -0.496175 97.892006 0.124291 0.494601 0.860187 8.311354 0.000000 0.000000 0.000000 1.000000
0.995812 -0.044700 -0.079751 -10.516000 -0.007651 0.828515 -0.559914 96.033096 0.091103 0.558179 0.824704 7.339232 0.000000 0.000000 0.000000 1.000000
0.997772 -0.053201 -0.040268 -12.147218 0.017367 0.789799 -0.613120 94.639336 0.064422 0.611055 0.788963 6.835989 0.000000 0.000000 0.000000 1.000000
0.996914 -0.072775 -0.029419 -13.276381 0.035628 0.753460 -0.656528 93.733597 0.069945 0.653454 0.753728 6.450713 0.000000 0.000000 0.000000 1.000000
0.994722 -0.094695 -0.039504 -13.909414 0.041592 0.724104 -0.688436 93.262665 0.093796 0.683159 0.724221 6.133423 0.000000 0.000000 0.000000 1.000000
0.992041 -0.114932 -0.051432 -14.253326 0.044930 0.704685 -0.708096 92.976906 0.117626 0.700150 0.704240 5.928716 0.000000 0.000000 0.000000 1.000000
0.989711 -0.128610 -0.062706 -14.357677 0.044938 0.695472 -0.717146 92.729866 0.135843 0.706949 0.694096 5.747658 0.000000 0.000000 0.000000 1.000000
0.988329 -0.132308 -0.075507 -14.149609 0.039107 0.699400 -0.713659 92.628120 0.147232 0.702377 0.696411 5.492005 0.000000 0.000000 0.000000 1.000000
0.988265 -0.126749 -0.085250 -13.656584 0.031971 0.717370 -0.695959 92.782532 0.149368 0.685066 0.713003 5.217171 0.000000 0.000000 0.000000 1.000000
0.986006 -0.129027 -0.105564 -12.859262 0.021925 0.728090 -0.685131 92.942680 0.165261 0.673229 0.720730 4.889267 0.000000 0.000000 0.000000 1.000000
0.978003 -0.151419 -0.143462 -11.726250 0.007815 0.713890 -0.700214 92.937584 0.208442 0.683690 0.699371 4.461084 0.000000 0.000000 0.000000 1.000000
0.971222 -0.166499 -0.170313 -10.290737 -0.001775 0.709989 -0.704211 93.351677 0.238171 0.684247 0.689261 4.186324 0.000000 0.000000 0.000000 1.000000
0.969606 -0.162334 -0.183063 -8.616819 -0.005228 0.734280 -0.678826 94.308441 0.244616 0.659151 0.711114 4.070617 0.000000 0.000000 0.000000 1.000000
0.968747 -0.156466 -0.192476 -6.678368 -0.007042 0.758297 -0.651871 95.276825 0.247950 0.632854 0.733497 4.004388 0.000000 0.000000 0.000000 1.000000
0.967447 -0.151325 -0.202846 -4.498096 -0.010376 0.777141 -0.629241 96.165840 0.252859 0.610863 0.750273 3.899074 0.000000 0.000000 0.000000 1.000000
0.966000 -0.144702 -0.214257 -2.185866 -0.014869 0.796241 -0.604796 97.042168 0.258116 0.587419 0.767017 3.776865 0.000000 0.000000 0.000000 1.000000
0.964375 -0.136920 -0.226350 0.226901 -0.020005 0.815441 -0.578494 97.874397 0.263782 0.562413 0.783652 3.654198 0.000000 0.000000 0.000000 1.000000
0.962086 -0.128849 -0.240392 2.741236 -0.027242 0.831573 -0.554746 98.640594 0.271382 0.540263 0.796535 3.492971 0.000000 0.000000 0.000000 1.000000
0.958527 -0.122781 -0.257198 5.341973 -0.035214 0.844507 -0.534386 99.391441 0.282818 0.521280 0.805159 3.247423 0.000000 0.000000 0.000000 1.000000
0.954506 -0.116982 -0.274288 7.933300 -0.042601 0.856904 -0.513713 100.242165 0.295134 0.502027 0.812936 2.960020 0.000000 0.000000 0.000000 1.000000
0.948441 -0.109436 -0.297462 10.295104 -0.053551 0.869683 -0.490698 101.088097 0.312398 0.481327 0.818982 2.689884 0.000000 0.000000 0.000000 1.000000
0.936326 -0.100264 -0.336513 12.273641 -0.073538 0.881118 -0.467143 101.812035 0.343345 0.462145 0.817641 2.403201 0.000000 0.000000 0.000000 1.000000
0.923943 -0.090217 -0.371741 13.940804 -0.093133 0.889498 -0.447348 102.310173 0.371021 0.447945 0.813443 2.009015 0.000000 0.000000 0.000000 1.000000
0.917909 -0.077272 -0.389195 15.412077 -0.107759 0.895445 -0.431933 102.695374 0.381879 0.438414 0.813610 1.489563 0.000000 0.000000 0.000000 1.000000
0.914442 -0.064610 -0.399526 16.601103 -0.121638 0.897658 -0.423574 103.065750 0.386005 0.435931 0.812997 0.832899 0.000000 0.000000 0.000000 1.000000
0.910899 -0.052214 -0.409313 17.498621 -0.138482 0.895745 -0.422449 103.381165 0.388698 0.441491 0.808702 0.047180 0.000000 0.000000 0.000000 1.000000
0.907610 -0.040486 -0.417858 18.181000 -0.152823 0.895186 -0.418674 103.697418 0.391011 0.443851 0.806292 -0.761569 0.000000 0.000000 0.000000 1.000000
0.904772 -0.029465 -0.424876 18.620193 -0.163762 0.896840 -0.410926 104.062225 0.393154 0.441373 0.806610 -1.533203 0.000000 0.000000 0.000000 1.000000
0.902063 -0.018524 -0.431206 18.826853 -0.174667 0.897943 -0.403968 104.367249 0.394682 0.439722 0.806766 -2.337551 0.000000 0.000000 0.000000 1.000000
0.900757 -0.008209 -0.434246 18.825073 -0.183541 0.898964 -0.397714 104.495491 0.393636 0.437945 0.808242 -3.200603 0.000000 0.000000 0.000000 1.000000
0.900071 -0.001439 -0.435740 18.600304 -0.190434 0.898142 -0.396329 104.443649 0.391927 0.439704 0.808118 -4.101171 0.000000 0.000000 0.000000 1.000000
0.898473 0.002298 -0.439023 18.189087 -0.197633 0.895053 -0.399776 104.289261 0.392030 0.445953 0.804636 -5.026307 0.000000 0.000000 0.000000 1.000000
0.898691 0.007395 -0.438521 17.587044 -0.203137 0.893164 -0.401240 104.085976 0.388704 0.449671 0.804180 -5.961898 0.000000 0.000000 0.000000 1.000000
0.900810 0.012682 -0.434029 16.887129 -0.206358 0.891982 -0.402225 103.894081 0.382045 0.451893 0.806123 -6.911559 0.000000 0.000000 0.000000 1.000000
0.902895 0.017536 -0.429502 16.147318 -0.208996 0.891031 -0.402969 103.751442 0.375633 0.453604 0.808173 -7.880546 0.000000 0.000000 0.000000 1.000000
0.906238 0.024935 -0.422031 15.214825 -0.210987 0.891733 -0.400370 103.604454 0.366356 0.451874 0.813384 -8.897615 0.000000 0.000000 0.000000 1.000000
0.912767 0.036817 -0.406818 14.031930 -0.211272 0.894923 -0.393036 103.334290 0.349600 0.444699 0.824635 -9.904954 0.000000 0.000000 0.000000 1.000000
0.921928 0.050731 -0.384025 12.674517 -0.207816 0.901414 -0.379823 102.935516 0.326897 0.429976 0.841581 -10.850662 0.000000 0.000000 0.000000 1.000000
0.932451 0.057266 -0.356729 10.680774 -0.194643 0.911447 -0.362461 102.355423 0.304383 0.407412 0.861026 -11.841949 0.000000 0.000000 0.000000 1.000000
0.941179 0.057322 -0.333012 8.705097 -0.178732 0.920812 -0.346641 101.704460 0.286771 0.385771 0.876894 -12.669222 0.000000 0.000000 0.000000 1.000000
0.948174 0.053350 -0.313241 6.803912 -0.162083 0.929114 -0.332381 101.071266 0.273304 0.365926 0.889608 -13.380296 0.000000 0.000000 0.000000 1.000000
0.953570 0.047942 -0.297332 5.052588 -0.146815 0.935999 -0.319924 100.508812 0.262965 0.348722 0.899579 -14.025107 0.000000 0.000000 0.000000 1.000000
0.957700 0.040662 -0.284882 3.504377 -0.132081 0.941643 -0.309617 100.032608 0.255667 0.334148 0.907182 -14.595600 0.000000 0.000000 0.000000 1.000000
0.960517 0.030905 -0.276498 2.150157 -0.117899 0.945382 -0.303895 99.754005 0.252005 0.324495 0.911700 -15.122417 0.000000 0.000000 0.000000 1.000000
0.961912 0.020612 -0.272581 0.939045 -0.106333 0.946834 -0.303642 99.656769 0.251830 0.321061 0.912963 -15.635899 0.000000 0.000000 0.000000 1.000000
0.962461 0.010741 -0.271209 -0.090940 -0.096595 0.947352 -0.305275 99.564308 0.253651 0.320012 0.912827 -16.082016 0.000000 0.000000 0.000000 1.000000
0.962605 0.000770 -0.270907 -0.912104 -0.087389 0.947421 -0.307826 99.485931 0.256426 0.319989 0.912060 -16.435005 0.000000 0.000000 0.000000 1.000000
0.962159 -0.009563 -0.272322 -1.547488 -0.078933 0.946755 -0.312128 99.449081 0.260807 0.321812 0.910174 -16.694044 0.000000 0.000000 0.000000 1.000000
0.960905 -0.020540 -0.276116 -2.035206 -0.070818 0.945841 -0.316812 99.462723 0.267669 0.323980 0.907409 -16.866426 0.000000 0.000000 0.000000 1.000000</float_array><technique_common><accessor source="#Hips-Matrix-animation-output-transform-array" count="106" stride="16"><param type="float4x4"/></accessor></technique_common></source><source id="Hips-Interpolations"><Name_array id="Hips-Interpolations-array" count="106">
 LINEAR LINEAR LINEAR LINEAR LINEAR LINEAR LINEAR LINEAR LINEAR LINEAR LINEAR
LINEAR LINEAR LINEAR LINEAR LINEAR LINEAR LINEAR LINEAR LINEAR LINEAR LINEAR LINEAR
LINEAR LINEAR LINEAR LINEAR LINEAR LINEAR LINEAR LINEAR LINEAR LINEAR LINEAR LINEAR
LINEAR LINEAR LINEAR LINEAR LINEAR LINEAR LINEAR LINEAR LINEAR LINEAR LINEAR LINEAR
LINEAR LINEAR LINEAR LINEAR LINEAR LINEAR LINEAR LINEAR LINEAR LINEAR LINEAR LINEAR
LINEAR LINEAR LINEAR LINEAR LINEAR LINEAR LINEAR LINEAR LINEAR LINEAR LINEAR LINEAR
LINEAR LINEAR LINEAR LINEAR LINEAR LINEAR LINEAR LINEAR LINEAR LINEAR LINEAR LINEAR
LINEAR LINEAR LINEAR LINEAR LINEAR LINEAR LINEAR LINEAR LINEAR LINEAR LINEAR LINEAR
LINEAR LINEAR LINEAR LINEAR LINEAR LINEAR LINEAR LINEAR LINEAR LINEAR LINEAR</Name_array><technique_common><accessor source="#Hips-Interpolations-array" count="106"><param type="name"/></accessor></technique_common></source><sampler id="Hips-Matrix-animation-transform"><input semantic="INPUT" source="#Hips-Matrix-animation-input"/><input semantic="OUTPUT" source="#Hips-Matrix-animation-output-transform"/><input semantic="INTERPOLATION" source="#Hips-Interpolations"/></sampler><channel source="#Hips-Matrix-animation-transform" target="Hips/matrix"/></animation>
    <animation id="Spine-anim" name="Spine"><source id="Spine-Matrix-animation-input"><float_array id="Spine-Matrix-animation-input-array" count="106">

0.000000 0.033333 0.066667 0.100000 0.133333 0.166667 0.200000 0.233333 0.266667 0.300000 0.333333 0.366667 0.400000 0.433333 0.466667 0.500000
0.533333 0.566667 0.600000 0.633333 0.666667 0.700000 0.733333 0.766667 0.800000 0.833333 0.866667 0.900000 0.933333 0.966667 1.000000 1.033333
1.066667 1.100000 1.133333 1.166667 1.200000 1.233333 1.266667 1.300000 1.333333 1.366667 1.400000 1.433333 1.466667 1.500000 1.533333 1.566667
1.600000 1.633333 1.666667 1.700000 1.733333 1.766667 1.800000 1.833333 1.866667 1.900000 1.933333 1.966667 2.000000 2.033333 2.066667 2.100000
2.133333 2.166667 2.200000 2.233333 2.266667 2.300000 2.333333 2.366667 2.400000 2.433333 2.466667 2.500000 2.533333 2.566667 2.600000 2.633333
2.666667 2.700000 2.733333 2.766667 2.800000 2.833333 2.866667 2.900000 2.933333 2.966667 3.000000 3.033333 3.066667 3.100000 3.133333 3.166667
3.200000 3.233333 3.266667 3.300000 3.333333 3.366667 3.400000 3.433333 3.466667 3.500000</float_array><technique_common><accessor source="#Spine-Matrix-animation-input-array" count="106"><param name="TIME" type="float"/></accessor></technique_common></source><source id="Spine-Matrix-animation-output-transform"><float_array id="Spine-Matrix-animation-output-transform-array" count="1696">

0.999326 0.036506 0.003816 0.030900 -0.035690 0.990703 -0.131275 11.006600 -0.008573 0.131050 0.991339 0.107900 0.000000 0.000000 0.000000 1.000000
0.999356 0.035812 0.002052 0.030900 -0.035226 0.990596 -0.132210 11.006600 -0.006767 0.132052 0.991220 0.107900 0.000000 0.000000 0.000000 1.000000
0.999381 0.035176 -0.000277 0.030900 -0.034894 0.990310 -0.134416 11.006600 -0.004454 0.134342 0.990925 0.107900 0.000000 0.000000 0.000000 1.000000
0.999386 0.034902 -0.002987 0.030900 -0.034980 0.989812 -0.138019 11.006600 -0.001860 0.138039 0.990425 0.107900 0.000000 0.000000 0.000000 1.000000
0.999375 0.034737 -0.006571 0.030900 -0.035319 0.989202 -0.142240 11.006600 0.001559 0.142384 0.989810 0.107900 0.000000 0.000000 0.000000 1.000000
0.999363 0.033735 -0.011615 0.030900 -0.035085 0.988339 -0.148175 11.006600 0.006481 0.148489 0.988893 0.107900 0.000000 0.000000 0.000000 1.000000
0.999353 0.031650 -0.017099 0.030900 -0.033928 0.987250 -0.155520 11.006600 0.011959 0.156000 0.987685 0.107900 0.000000 0.000000 0.000000 1.000000
0.999338 0.028612 -0.022483 0.030900 -0.031873 0.986363 -0.161471 11.006600 0.017556 0.162080 0.986621 0.107900 0.000000 0.000000 0.000000 1.000000
0.999257 0.025612 -0.028786 0.030900 -0.030048 0.985653 -0.166088 11.006600 0.024119 0.166830 0.985691 0.107900 0.000000 0.000000 0.000000 1.000000
0.999076 0.022933 -0.036343 0.030900 -0.028852 0.984711 -0.171792 11.006600 0.031848 0.172682 0.984463 0.107900 0.000000 0.000000 0.000000 1.000000
0.998939 0.019401 -0.041762 0.030900 -0.026515 0.983817 -0.177201 11.006600 0.037648 0.178120 0.983288 0.107900 0.000000 0.000000 0.000000 1.000000
0.999031 0.016123 -0.040941 0.030900 -0.023225 0.983500 -0.179412 11.006600 0.037373 0.180189 0.982922 0.107900 0.000000 0.000000 0.000000 1.000000
0.999334 0.015530 -0.033025 0.030900 -0.021152 0.983915 -0.177382 11.006600 0.029739 0.177962 0.983588 0.107900 0.000000 0.000000 0.000000 1.000000
0.999643 0.016503 -0.021015 0.030900 -0.019888 0.984778 -0.172675 11.006600 0.017845 0.173031 0.984755 0.107900 0.000000 0.000000 0.000000 1.000000
0.999787 0.018897 -0.008264 0.030900 -0.019996 0.986256 -0.164007 11.006600 0.005051 0.164137 0.986425 0.107900 0.000000 0.000000 0.000000 1.000000
0.999794 0.020260 0.001398 0.030900 -0.019807 0.988013 -0.153095 11.006600 -0.004483 0.153036 0.988211 0.107900 0.000000 0.000000 0.000000 1.000000
0.999782 0.018766 0.009155 0.030900 -0.017291 0.989888 -0.140792 11.006600 -0.011704 0.140603 0.989997 0.107900 0.000000 0.000000 0.000000 1.000000
0.999706 0.014309 0.019566 0.030900 -0.011822 0.992486 -0.121783 11.006600 -0.021161 0.121516 0.992364 0.107900 0.000000 0.000000 0.000000 1.000000
0.999271 0.007962 0.037327 0.030900 -0.004601 0.995996 -0.089278 11.006600 -0.037889 0.089041 0.995307 0.107900 0.000000 0.000000 0.000000 1.000000
0.998177 0.010567 0.059419 0.030900 -0.007680 0.998789 -0.048603 11.006600 -0.059860 0.048058 0.997049 0.107900 0.000000 0.000000 0.000000 1.000000
0.997067 0.013103 0.075403 0.030900 -0.012075 0.999828 -0.014077 11.006600 -0.075575 0.013126 0.997054 0.107900 0.000000 0.000000 0.000000 1.000000
0.997232 0.003034 0.074292 0.030900 -0.003435 0.999980 0.005269 11.006600 -0.074275 -0.005509 0.997223 0.107900 0.000000 0.000000 0.000000 1.000000
0.998352 -0.009309 0.056620 0.030900 0.008703 0.999902 0.010951 11.006600 -0.056716 -0.010440 0.998336 0.107900 0.000000 0.000000 0.000000 1.000000
0.999248 -0.020499 0.032924 0.030900 0.020409 0.999787 0.003093 11.006600 -0.032981 -0.002419 0.999453 0.107900 0.000000 0.000000 0.000000 1.000000
0.999260 -0.037284 0.009481 0.030900 0.037477 0.999075 -0.021064 11.006600 -0.008687 0.021404 0.999733 0.107900 0.000000 0.000000 0.000000 1.000000
0.997887 -0.062857 -0.016469 0.030900 0.061859 0.996549 -0.055342 11.006600 0.019891 0.054206 0.998332 0.107900 0.000000 0.000000 0.000000 1.000000
0.994870 -0.089934 -0.046318 0.030900 0.085434 0.992146 -0.091363 11.006600 0.054170 0.086937 0.994740 0.107900 0.000000 0.000000 0.000000 1.000000
0.991052 -0.112197 -0.072304 0.030900 0.102684 0.986951 -0.124035 11.006600 0.085276 0.115501 0.989640 0.107900 0.000000 0.000000 0.000000 1.000000
0.988589 -0.124372 -0.084986 0.030900 0.111145 0.983056 -0.145763 11.006600 0.101675 0.134654 0.985662 0.107900 0.000000 0.000000 0.000000 1.000000
0.987584 -0.129561 -0.088838 0.030900 0.114577 0.980946 -0.156898 11.006600 0.107473 0.144771 0.983611 0.107900 0.000000 0.000000 0.000000 1.000000
0.987357 -0.127842 -0.093720 0.030900 0.111430 0.980274 -0.163234 11.006600 0.112739 0.150727 0.982126 0.107900 0.000000 0.000000 0.000000 1.000000
0.987774 -0.119366 -0.100274 0.030900 0.101978 0.981254 -0.163526 11.006600 0.117914 0.151301 0.981430 0.107900 0.000000 0.000000 0.000000 1.000000
0.988286 -0.112142 -0.103508 0.030900 0.095064 0.982966 -0.157291 11.006600 0.119384 0.145608 0.982113 0.107900 0.000000 0.000000 0.000000 1.000000
0.988142 -0.116281 -0.100274 0.030900 0.100533 0.983578 -0.149888 11.006600 0.116056 0.138030 0.983605 0.107900 0.000000 0.000000 0.000000 1.000000
0.988307 -0.115944 -0.099027 0.030900 0.100828 0.984136 -0.145976 11.006600 0.114381 0.134285 0.984319 0.107900 0.000000 0.000000 0.000000 1.000000
0.989895 -0.088478 -0.110814 0.030900 0.072615 0.987513 -0.139801 11.006600 0.121800 0.130341 0.983959 0.107900 0.000000 0.000000 0.000000 1.000000
0.993574 -0.044025 -0.104269 0.030900 0.031571 0.992486 -0.118215 11.006600 0.108690 0.114164 0.987498 0.107900 0.000000 0.000000 0.000000 1.000000
0.997619 -0.010984 -0.068083 0.030900 0.004954 0.996097 -0.088122 11.006600 0.068785 0.087575 0.993780 0.107900 0.000000 0.000000 0.000000 1.000000
0.999080 0.006160 -0.042450 0.030900 -0.009200 0.997377 -0.071790 11.006600 0.041897 0.072115 0.996516 0.107900 0.000000 0.000000 0.000000 1.000000
0.998882 0.017557 -0.043897 0.030900 -0.020504 0.997502 -0.067603 11.006600 0.042600 0.068427 0.996746 0.107900 0.000000 0.000000 0.000000 1.000000
0.998059 0.022504 -0.058064 0.030900 -0.026027 0.997819 -0.060655 11.006600 0.056572 0.062049 0.996469 0.107900 0.000000 0.000000 0.000000 1.000000
0.997133 0.013181 -0.074511 0.030900 -0.017011 0.998553 -0.051016 11.006600 0.073731 0.052137 0.995914 0.107900 0.000000 0.000000 0.000000 1.000000
0.996326 -0.002228 -0.085612 0.030900 -0.001498 0.999055 -0.043434 11.006600 0.085627 0.043403 0.995381 0.107900 0.000000 0.000000 0.000000 1.000000
0.995929 -0.015587 -0.088785 0.030900 0.012136 0.999155 -0.039280 11.006600 0.089322 0.038042 0.995276 0.107900 0.000000 0.000000 0.000000 1.000000
0.995985 -0.023396 -0.086406 0.030900 0.020376 0.999156 -0.035669 11.006600 0.087167 0.033766 0.995621 0.107900 0.000000 0.000000 0.000000 1.000000
0.996303 -0.029499 -0.080683 0.030900 0.026760 0.999035 -0.034818 11.006600 0.081632 0.032530 0.996131 0.107900 0.000000 0.000000 0.000000 1.000000
0.996595 -0.036185 -0.074091 0.030900 0.033469 0.998733 -0.037579 11.006600 0.075357 0.034971 0.996543 0.107900 0.000000 0.000000 0.000000 1.000000
0.996842 -0.042232 -0.067248 0.030900 0.039563 0.998394 -0.040538 11.006600 0.068852 0.037749 0.996912 0.107900 0.000000 0.000000 0.000000 1.000000
0.997207 -0.045523 -0.059212 0.030900 0.043020 0.998153 -0.042887 11.006600 0.061055 0.040220 0.997324 0.107900 0.000000 0.000000 0.000000 1.000000
0.997750 -0.044771 -0.049914 0.030900 0.042455 0.998014 -0.046533 11.006600 0.051898 0.044309 0.997669 0.107900 0.000000 0.000000 0.000000 1.000000
0.998278 -0.043301 -0.039579 0.030900 0.041195 0.997768 -0.052555 11.006600 0.041766 0.050834 0.997833 0.107900 0.000000 0.000000 0.000000 1.000000
0.998721 -0.041444 -0.028960 0.030900 0.039732 0.997561 -0.057388 11.006600 0.031267 0.056164 0.997932 0.107900 0.000000 0.000000 0.000000 1.000000
0.999133 -0.036713 -0.019644 0.030900 0.035568 0.997810 -0.055762 11.006600 0.021648 0.055015 0.998251 0.107900 0.000000 0.000000 0.000000 1.000000
0.999462 -0.030620 -0.011733 0.030900 0.029919 0.997988 -0.055892 11.006600 0.013421 0.055511 0.998368 0.107900 0.000000 0.000000 0.000000 1.000000
0.999690 -0.023332 -0.008727 0.030900 0.022687 0.997439 -0.067831 11.006600 0.010287 0.067612 0.997659 0.107900 0.000000 0.000000 0.000000 1.000000
0.999736 -0.015754 -0.016707 0.030900 0.014193 0.995863 -0.089757 11.006600 0.018052 0.089496 0.995824 0.107900 0.000000 0.000000 0.000000 1.000000
0.999411 -0.012990 -0.031774 0.030900 0.009190 0.993098 -0.116929 11.006600 0.033073 0.116568 0.992632 0.107900 0.000000 0.000000 0.000000 1.000000
0.998976 -0.014253 -0.042928 0.030900 0.007874 0.989362 -0.145264 11.006600 0.044542 0.144778 0.988461 0.107900 0.000000 0.000000 0.000000 1.000000
0.999212 -0.013366 -0.037386 0.030900 0.006780 0.985240 -0.171043 11.006600 0.039120 0.170655 0.984554 0.107900 0.000000 0.000000 0.000000 1.000000
0.999775 -0.009433 -0.018996 0.030900 0.005604 0.981307 -0.192370 11.006600 0.020456 0.192220 0.981139 0.107900 0.000000 0.000000 0.000000 1.000000
0.999955 -0.005956 -0.007351 0.030900 0.004313 0.978500 -0.206201 11.006600 0.008421 0.206160 0.978482 0.107900 0.000000 0.000000 0.000000 1.000000
0.999963 -0.004533 -0.007273 0.030900 0.002873 0.976856 -0.213879 11.006600 0.008074 0.213850 0.976833 0.107900 0.000000 0.000000 0.000000 1.000000
0.999928 -0.004792 -0.011022 0.030900 0.002271 0.975893 -0.218237 11.006600 0.011802 0.218196 0.975834 0.107900 0.000000 0.000000 0.000000 1.000000
0.999887 -0.007185 -0.013205 0.030900 0.004104 0.975497 -0.219972 11.006600 0.014462 0.219893 0.975417 0.107900 0.000000 0.000000 0.000000 1.000000
0.999828 -0.010274 -0.015440 0.030900 0.006602 0.975175 -0.221336 11.006600 0.017331 0.221196 0.975075 0.107900 0.000000 0.000000 0.000000 1.000000
0.999714 -0.012764 -0.020229 0.030900 0.007910 0.974557 -0.224002 11.006600 0.022574 0.223778 0.974379 0.107900 0.000000 0.000000 0.000000 1.000000
0.999697 -0.007489 -0.023463 0.030900 0.002163 0.975665 -0.219258 11.006600 0.024534 0.219140 0.975385 0.107900 0.000000 0.000000 0.000000 1.000000
0.999724 0.008269 -0.021980 0.030900 -0.012502 0.979702 -0.200071 11.006600 0.019880 0.200291 0.979535 0.107900 0.000000 0.000000 0.000000 1.000000
0.999606 0.018925 -0.020743 0.030900 -0.022441 0.982465 -0.185092 11.006600 0.016877 0.185484 0.982502 0.107900 0.000000 0.000000 0.000000 1.000000
0.999566 0.021666 -0.019940 0.030900 -0.024971 0.982587 -0.184119 11.006600 0.015604 0.184537 0.982702 0.107900 0.000000 0.000000 0.000000 1.000000
0.999602 0.022830 -0.016556 0.030900 -0.025482 0.982701 -0.183436 11.006600 0.012082 0.183785 0.982892 0.107900 0.000000 0.000000 0.000000 1.000000
0.999668 0.022357 -0.012835 0.030900 -0.024304 0.983367 -0.179997 11.006600 0.008598 0.180250 0.983583 0.107900 0.000000 0.000000 0.000000 1.000000
0.999718 0.020728 -0.011617 0.030900 -0.022455 0.984013 -0.176676 11.006600 0.007769 0.176887 0.984201 0.107900 0.000000 0.000000 0.000000 1.000000
0.999707 0.020805 -0.012381 0.030900 -0.022642 0.984495 -0.173947 11.006600 0.008570 0.174176 0.984677 0.107900 0.000000 0.000000 0.000000 1.000000
0.999664 0.022309 -0.013162 0.030900 -0.024240 0.984825 -0.171851 11.006600 0.009129 0.172113 0.985035 0.107900 0.000000 0.000000 0.000000 1.000000
0.999600 0.024390 -0.014302 0.030900 -0.026452 0.985372 -0.168351 11.006600 0.009987 0.168662 0.985623 0.107900 0.000000 0.000000 0.000000 1.000000
0.999595 0.021375 -0.018768 0.030900 -0.024199 0.985811 -0.166105 11.006600 0.014951 0.166492 0.985929 0.107900 0.000000 0.000000 0.000000 1.000000
0.999462 0.019581 -0.026293 0.030900 -0.023667 0.985942 -0.165405 11.006600 0.022685 0.165939 0.985875 0.107900 0.000000 0.000000 0.000000 1.000000
0.999315 0.018817 -0.031854 0.030900 -0.023926 0.985417 -0.168468 11.006600 0.028219 0.169115 0.985192 0.107900 0.000000 0.000000 0.000000 1.000000
0.999119 0.019843 -0.036977 0.030900 -0.025770 0.985546 -0.167436 11.006600 0.033120 0.168242 0.985189 0.107900 0.000000 0.000000 0.000000 1.000000
0.998891 0.017097 -0.043859 0.030900 -0.023980 0.986570 -0.161572 11.006600 0.040508 0.162445 0.985886 0.107900 0.000000 0.000000 0.000000 1.000000
0.998748 0.014435 -0.047893 0.030900 -0.021592 0.988073 -0.152465 11.006600 0.045121 0.153309 0.987148 0.107900 0.000000 0.000000 0.000000 1.000000
0.998791 0.015263 -0.046734 0.030900 -0.021797 0.989531 -0.142664 11.006600 0.044067 0.143510 0.988667 0.107900 0.000000 0.000000 0.000000 1.000000
0.998913 0.017429 -0.043221 0.030900 -0.023218 0.990259 -0.137285 11.006600 0.040407 0.138140 0.989588 0.107900 0.000000 0.000000 0.000000 1.000000
0.998998 0.021893 -0.039025 0.030900 -0.026951 0.990589 -0.134190 11.006600 0.035720 0.135107 0.990187 0.107900 0.000000 0.000000 0.000000 1.000000
0.999013 0.028809 -0.033815 0.030900 -0.033047 0.990655 -0.132327 11.006600 0.029687 0.133314 0.990629 0.107900 0.000000 0.000000 0.000000 1.000000
0.998942 0.036321 -0.028202 0.030900 -0.039681 0.990780 -0.129540 11.006600 0.023237 0.130522 0.991173 0.107900 0.000000 0.000000 0.000000 1.000000
0.998797 0.043786 -0.022077 0.030900 -0.046210 0.991083 -0.124977 11.006600 0.016408 0.125847 0.991914 0.107900 0.000000 0.000000 0.000000 1.000000
0.998614 0.050341 -0.015357 0.030900 -0.051824 0.991416 -0.120038 11.006600 0.009182 0.120667 0.992651 0.107900 0.000000 0.000000 0.000000 1.000000
0.998384 0.055990 -0.009718 0.030900 -0.056745 0.991450 -0.117503 11.006600 0.003056 0.117865 0.993025 0.107900 0.000000 0.000000 0.000000 1.000000
0.998156 0.060522 -0.004601 0.030900 -0.060647 0.991442 -0.115606 11.006600 -0.002435 0.115672 0.993284 0.107900 0.000000 0.000000 0.000000 1.000000
0.997954 0.063927 0.001123 0.030900 -0.063381 0.991431 -0.114224 11.006600 -0.008416 0.113919 0.993454 0.107900 0.000000 0.000000 0.000000 1.000000
0.997699 0.067536 0.006008 0.030900 -0.066400 0.991144 -0.114998 11.006600 -0.013722 0.114334 0.993348 0.107900 0.000000 0.000000 0.000000 1.000000
0.997502 0.070150 0.008244 0.030900 -0.068700 0.990695 -0.117486 11.006600 -0.016409 0.116626 0.993040 0.107900 0.000000 0.000000 0.000000 1.000000
0.997477 0.070493 0.008356 0.030900 -0.068975 0.990302 -0.120604 11.006600 -0.016776 0.119723 0.992666 0.107900 0.000000 0.000000 0.000000 1.000000
0.997764 0.066392 0.007734 0.030900 -0.064931 0.990209 -0.123572 11.006600 -0.015862 0.122794 0.992305 0.107900 0.000000 0.000000 0.000000 1.000000
0.997972 0.062978 0.009296 0.030900 -0.061304 0.990091 -0.126336 11.006600 -0.017161 0.125510 0.991944 0.107900 0.000000 0.000000 0.000000 1.000000
0.998011 0.061697 0.012935 0.030900 -0.059524 0.989880 -0.128819 11.006600 -0.020752 0.127793 0.991584 0.107900 0.000000 0.000000 0.000000 1.000000
0.998023 0.060627 0.016549 0.030900 -0.057976 0.989836 -0.129861 11.006600 -0.024254 0.128644 0.991394 0.107900 0.000000 0.000000 0.000000 1.000000
0.998150 0.058119 0.017829 0.030900 -0.055305 0.989889 -0.130616 11.006600 -0.025240 0.129388 0.991273 0.107900 0.000000 0.000000 0.000000 1.000000
0.998311 0.055556 0.016988 0.030900 -0.052847 0.989886 -0.131654 11.006600 -0.024130 0.130534 0.991150 0.107900 0.000000 0.000000 0.000000 1.000000
0.998430 0.053748 0.015755 0.030900 -0.051215 0.989967 -0.131692 11.006600 -0.022675 0.130678 0.991165 0.107900 0.000000 0.000000 0.000000 1.000000
0.998591 0.051015 0.014641 0.030900 -0.048654 0.990120 -0.131508 11.006600 -0.021206 0.130610 0.991207 0.107900 0.000000 0.000000 0.000000 1.000000
0.998792 0.047437 0.012810 0.030900 -0.045331 0.990176 -0.132274 11.006600 -0.018959 0.131534 0.991130 0.107900 0.000000 0.000000 0.000000 1.000000
0.999036 0.042888 0.009399 0.030900 -0.041270 0.990344 -0.132347 11.006600 -0.014984 0.131832 0.991159 0.107900 0.000000 0.000000 0.000000 1.000000
0.999326 0.036506 0.003816 0.030900 -0.035690 0.990703 -0.131275 11.006600 -0.008572 0.131050 0.991339 0.107900 0.000000 0.000000 0.000000 1.000000</float_array><technique_common><accessor source="#Spine-Matrix-animation-output-transform-array" count="106" stride="16"><param type="float4x4"/></accessor></technique_common></source><source id="Spine-Interpolations"><Name_array id="Spine-Interpolations-array" count="106">
 LINEAR LINEAR LINEAR LINEAR LINEAR LINEAR LINEAR LINEAR LINEAR LINEAR LINEAR
LINEAR LINEAR LINEAR LINEAR LINEAR LINEAR LINEAR LINEAR LINEAR LINEAR LINEAR LINEAR
LINEAR LINEAR LINEAR LINEAR LINEAR LINEAR LINEAR LINEAR LINEAR LINEAR LINEAR LINEAR
LINEAR LINEAR LINEAR LINEAR LINEAR LINEAR LINEAR LINEAR LINEAR LINEAR LINEAR LINEAR
LINEAR LINEAR LINEAR LINEAR LINEAR LINEAR LINEAR LINEAR LINEAR LINEAR LINEAR LINEAR
LINEAR LINEAR LINEAR LINEAR LINEAR LINEAR LINEAR LINEAR LINEAR LINEAR LINEAR LINEAR
LINEAR LINEAR LINEAR LINEAR LINEAR LINEAR LINEAR LINEAR LINEAR LINEAR LINEAR LINEAR
LINEAR LINEAR LINEAR LINEAR LINEAR LINEAR LINEAR LINEAR LINEAR LINEAR LINEAR LINEAR
LINEAR LINEAR LINEAR LINEAR LINEAR LINEAR LINEAR LINEAR LINEAR LINEAR LINEAR</Name_array><technique_common><accessor source="#Spine-Interpolations-array" count="106"><param type="name"/></accessor></technique_common></source><sampler id="Spine-Matrix-animation-transform"><input semantic="INPUT" source="#Spine-Matrix-animation-input"/><input semantic="OUTPUT" source="#Spine-Matrix-animation-output-transform"/><input semantic="INTERPOLATION" source="#Spine-Interpolations"/></sampler><channel source="#Spine-Matrix-animation-transform" target="Spine/matrix"/></animation>
    <animation id="Spine1-anim" name="Spine1"><source id="Spine1-Matrix-animation-input"><float_array id="Spine1-Matrix-animation-input-array" count="106">

0.000000 0.033333 0.066667 0.100000 0.133333 0.166667 0.200000 0.233333 0.266667 0.300000 0.333333 0.366667 0.400000 0.433333 0.466667 0.500000
0.533333 0.566667 0.600000 0.633333 0.666667 0.700000 0.733333 0.766667 0.800000 0.833333 0.866667 0.900000 0.933333 0.966667 1.000000 1.033333
1.066667 1.100000 1.133333 1.166667 1.200000 1.233333 1.266667 1.300000 1.333333 1.366667 1.400000 1.433333 1.466667 1.500000 1.533333 1.566667
1.600000 1.633333 1.666667 1.700000 1.733333 1.766667 1.800000 1.833333 1.866667 1.900000 1.933333 1.966667 2.000000 2.033333 2.066667 2.100000
2.133333 2.166667 2.200000 2.233333 2.266667 2.300000 2.333333 2.366667 2.400000 2.433333 2.466667 2.500000 2.533333 2.566667 2.600000 2.633333
2.666667 2.700000 2.733333 2.766667 2.800000 2.833333 2.866667 2.900000 2.933333 2.966667 3.000000 3.033333 3.066667 3.100000 3.133333 3.166667
3.200000 3.233333 3.266667 3.300000 3.333333 3.366667 3.400000 3.433333 3.466667 3.500000</float_array><technique_common><accessor source="#Spine1-Matrix-animation-input-array" count="106"><param name="TIME" type="float"/></accessor></technique_common></source><source id="Spine1-Matrix-animation-output-transform"><float_array id="Spine1-Matrix-animation-output-transform-array" count="1696">

0.998695 0.051066 0.001172 0.037200 -0.049683 0.976468 -0.209860 11.271000 -0.011861 0.209528 0.977731 0.102300 0.000000 0.000000 0.000000 1.000000
0.998740 0.050158 -0.001813 0.037200 -0.049408 0.976150 -0.211402 11.271000 -0.008834 0.211225 0.977398 0.102300 0.000000 0.000000 0.000000 1.000000
0.998771 0.049274 -0.005312 0.037200 -0.049261 0.975288 -0.215376 11.271000 -0.005431 0.215373 0.976517 0.102300 0.000000 0.000000 0.000000 1.000000
0.998784 0.048364 -0.009596 0.037200 -0.049285 0.973600 -0.222876 11.271000 -0.001436 0.223078 0.974800 0.102300 0.000000 0.000000 0.000000 1.000000
