<?xml version="1.0" encoding="utf-8"?>
<COLLADA xmlns="http://www.collada.org/2005/11/COLLADASchema" version="1.4.1">
  <asset><contributor><author>Mixamo</author><authoring_tool>COLLADA Mixamo exporter</authoring_tool><comments></comments></contributor><created>2018-04-28T18:12:51Z</created><modified>2018-04-28T18:12:51Z</modified><revision></revision><title></title><unit meter="0.010000"/><up_axis>Y_UP</up_axis></asset>
  <library_animations>
    <animation id="Hips-anim" name="Hips"><source id="Hips-Matrix-animation-input"><float_array id="Hips-Matrix-animation-input-array" count="90">

0.000000 0.033333 0.066667 0.100000 0.133333 0.166667 0.200000 0.233333 0.266667 0.300000 0.333333 0.366667 0.400000 0.433333 0.466667 0.500000
0.533333 0.566667 0.600000 0.633333 0.666667 0.700000 0.733333 0.766667 0.800000 0.833333 0.866667 0.900000 0.933333 0.966667 1.000000 1.033333
1.066667 1.100000 1.133333 1.166667 1.200000 1.233333 1.266667 1.300000 1.333333 1.366667 1.400000 1.433333 1.466667 1.500000 1.533333 1.566667
1.600000 1.633333 1.666667 1.700000 1.733333 1.766667 1.800000 1.833333 1.866667 1.900000 1.933333 1.966667 2.000000 2.033333 2.066667 2.100000
2.133333 2.166667 2.200000 2.233333 2.266667 2.300000 2.333333 2.366667 2.400000 2.433333 2.466667 2.500000 2.533333 2.566667 2.600000 2.633333
2.666667 2.700000 2.733333 2.766667 2.800000 2.833333 2.866667 2.900000 2.933333 2.966667</float_array><technique_common><accessor source="#Hips-Matrix-animation-input-array" count="90"><param name="TIME" type="float"/></accessor></technique_common></source><source id="Hips-Matrix-animation-output-transform"><float_array id="Hips-Matrix-animation-output-transform-array" count="1440">

0.945913 -0.006048 -0.324364 1.113838 -0.059773 0.979460 -0.192574 101.590073 0.318866 0.201546 0.926123 -2.404221 0.000000 0.000000 0.000000 1.000000
0.958059 0.009582 -0.286409 0.838265 -0.041127 0.993692 -0.104330 101.891899 0.283603 0.111733 0.952410 -1.108961 0.000000 0.000000 0.000000 1.000000
0.975169 0.021594 -0.220405 0.482471 -0.010388 0.998600 0.051873 102.423569 0.221217 -0.048295 0.974028 1.001196 0.000000 0.000000 0.000000 1.000000
0.990846 0.017518 -0.133857 0.101869 0.010389 0.978709 0.204988 102.792892 0.134598 -0.204502 0.969568 3.363642 0.000000 0.000000 0.000000 1.000000
0.998587 0.010131 -0.052173 -0.286800 0.006410 0.951541 0.307455 102.935417 0.052760 -0.307354 0.950131 5.561177 0.000000 0.000000 0.000000 1.000000
0.999944 0.000590 0.010610 -0.652226 -0.004458 0.929650 0.368416 103.025658 -0.009646 -0.368443 0.929600 7.529634 0.000000 0.000000 0.000000 1.000000
0.997876 -0.017061 0.062864 -0.910970 -0.010042 0.913265 0.407243 103.129944 -0.064359 -0.407010 0.911154 9.160719 0.000000 0.000000 0.000000 1.000000
0.992291 -0.034494 0.119036 -1.174327 -0.020806 0.900490 0.434379 103.037849 -0.122174 -0.433507 0.892830 10.237460 0.000000 0.000000 0.000000 1.000000
0.981948 -0.044619 0.183812 -1.572007 -0.044424 0.890196 0.453406 102.508461 -0.183859 -0.453387 0.872145 10.633255 0.000000 0.000000 0.000000 1.000000
0.965101 -0.053332 0.256391 -2.089664 -0.076477 0.878968 0.470708 101.475632 -0.250463 -0.473889 0.844214 10.421885 0.000000 0.000000 0.000000 1.000000
0.943054 -0.067131 0.325796 -2.679159 -0.107416 0.865494 0.489266 100.017853 -0.314820 -0.496400 0.808997 9.701242 0.000000 0.000000 0.000000 1.000000
0.925678 -0.086531 0.368282 -3.212781 -0.120405 0.855481 0.503642 98.333138 -0.358639 -0.510554 0.781481 8.553957 0.000000 0.000000 0.000000 1.000000
0.920898 -0.112440 0.373234 -3.450667 -0.103567 0.852504 0.512359 96.222763 -0.375793 -0.510485 0.773424 6.833939 0.000000 0.000000 0.000000 1.000000
0.927863 -0.141563 0.345008 -3.240031 -0.064686 0.850029 0.522749 94.157875 -0.367269 -0.507356 0.779553 4.382848 0.000000 0.000000 0.000000 1.000000
0.936950 -0.166175 0.307426 -2.808794 -0.023899 0.847180 0.530768 92.634888 -0.348645 -0.504650 0.789794 1.350833 0.000000 0.000000 0.000000 1.000000
0.941032 -0.181918 0.285245 -2.350276 0.004799 0.850220 0.526405 91.624580 -0.338283 -0.493995 0.800958 -2.048925 0.000000 0.000000 0.000000 1.000000
0.943010 -0.189471 0.273557 -1.783674 0.023612 0.858099 0.512941 90.693924 -0.331927 -0.477249 0.813670 -5.735994 0.000000 0.000000 0.000000 1.000000
0.947192 -0.191231 0.257406 -1.058844 0.038837 0.865224 0.499879 89.731255 -0.318306 -0.463484 0.826960 -9.755265 0.000000 0.000000 0.000000 1.000000
0.955250 -0.186897 0.229273 -0.379412 0.054108 0.872426 0.485742 88.774216 -0.290808 -0.451600 0.843498 -14.166748 0.000000 0.000000 0.000000 1.000000
0.962413 -0.185687 0.198193 0.011084 0.073002 0.879769 0.469762 87.861710 -0.261593 -0.437637 0.860257 -18.752119 0.000000 0.000000 0.000000 1.000000
0.965625 -0.194460 0.172495 0.072877 0.096229 0.883869 0.457728 86.943665 -0.241473 -0.425395 0.872199 -23.197693 0.000000 0.000000 0.000000 1.000000
0.968048 -0.197956 0.153934 -0.022034 0.110401 0.887611 0.447168 86.105690 -0.225153 -0.415885 0.881105 -27.473915 0.000000 0.000000 0.000000 1.000000
0.974066 -0.175675 0.142597 0.010615 0.099028 0.897654 0.429432 85.282913 -0.203443 -0.404174 0.891770 -31.598097 0.000000 0.000000 0.000000 1.000000
0.983094 -0.123687 0.135012 0.138335 0.059347 0.912791 0.404092 84.419739 -0.173219 -0.389248 0.904700 -35.815598 0.000000 0.000000 0.000000 1.000000
0.987851 -0.058223 0.144084 0.317656 0.000037 0.927251 0.374441 83.291260 -0.155403 -0.369887 0.915988 -40.750896 0.000000 0.000000 0.000000 1.000000
0.981432 -0.003012 0.191786 0.533426 -0.060270 0.944392 0.323252 82.122955 -0.182095 -0.328809 0.926675 -46.582664 0.000000 0.000000 0.000000 1.000000
0.969112 0.035929 0.243988 0.417574 -0.100938 0.960456 0.259492 81.567955 -0.225017 -0.276104 0.934416 -52.662384 0.000000 0.000000 0.000000 1.000000
0.969494 0.068314 0.235402 -0.242082 -0.125765 0.962963 0.238506 81.953545 -0.210390 -0.260836 0.942179 -58.598938 0.000000 0.000000 0.000000 1.000000
0.983660 0.093518 0.153843 -0.505038 -0.129881 0.960358 0.246664 83.297699 -0.124677 -0.262615 0.956812 -63.757481 0.000000 0.000000 0.000000 1.000000
0.992062 0.115934 0.048710 -0.296057 -0.124305 0.962673 0.240434 84.704124 -0.019018 -0.244580 0.969443 -67.980049 0.000000 0.000000 0.000000 1.000000
0.990534 0.132326 -0.036496 -0.102803 -0.119889 0.963478 0.239451 85.218140 0.066849 -0.232809 0.970222 -71.444878 0.000000 0.000000 0.000000 1.000000
0.986217 0.137863 -0.091488 -0.345545 -0.109658 0.958671 0.262536 85.178398 0.123901 -0.248885 0.960575 -74.273994 0.000000 0.000000 0.000000 1.000000
0.982192 0.138430 -0.127025 -0.904210 -0.095474 0.950054 0.297123 85.000130 0.161812 -0.279705 0.946352 -76.666443 0.000000 0.000000 0.000000 1.000000
0.977610 0.144871 -0.152614 -1.494438 -0.087196 0.938967 0.332773 84.468361 0.191509 -0.312015 0.930576 -78.609734 0.000000 0.000000 0.000000 1.000000
0.973839 0.150057 -0.170647 -2.171720 -0.079282 0.928134 0.363706 83.689560 0.212960 -0.340662 0.915750 -79.916161 0.000000 0.000000 0.000000 1.000000
0.972329 0.131072 -0.193380 -3.057687 -0.049161 0.924039 0.379124 82.784111 0.228383 -0.359127 0.904914 -80.312866 0.000000 0.000000 0.000000 1.000000
0.966191 0.101712 -0.236918 -3.942321 -0.000761 0.920019 0.391873 81.485779 0.257827 -0.378444 0.888991 -80.649437 0.000000 0.000000 0.000000 1.000000
0.953601 0.118491 -0.276776 -3.743252 0.019247 0.893424 0.448801 81.065086 0.300457 -0.433304 0.849690 -81.307716 0.000000 0.000000 0.000000 1.000000
0.949470 0.171032 -0.263163 -3.471047 -0.001936 0.841655 0.540013 80.739670 0.313852 -0.512217 0.799457 -81.620743 0.000000 0.000000 0.000000 1.000000
0.959556 0.181927 -0.214836 -3.528149 -0.017594 0.800398 0.599210 80.723206 0.280967 -0.571196 0.771228 -81.708443 0.000000 0.000000 0.000000 1.000000
0.970576 0.149501 -0.188765 -3.936644 -0.003291 0.792083 0.610404 80.104248 0.240773 -0.591822 0.769269 -81.762367 0.000000 0.000000 0.000000 1.000000
0.972149 0.133131 -0.192877 -4.026376 0.019371 0.774527 0.632244 79.224754 0.233560 -0.618372 0.750377 -82.081245 0.000000 0.000000 0.000000 1.000000
0.966574 0.148351 -0.209108 -3.815791 0.036790 0.726902 0.685755 77.895058 0.253733 -0.670526 0.697147 -82.757149 0.000000 0.000000 0.000000 1.000000
0.962019 0.156665 -0.223554 -3.760012 0.059912 0.677792 0.732809 76.118759 0.266328 -0.718369 0.642662 -83.719955 0.000000 0.000000 0.000000 1.000000
0.961692 0.147243 -0.231233 -4.040475 0.086133 0.638486 0.764798 73.754990 0.260251 -0.755417 0.601344 -84.931152 0.000000 0.000000 0.000000 1.000000
0.960432 0.141776 -0.239728 -4.467806 0.112186 0.590895 0.798910 70.687965 0.254921 -0.794193 0.551610 -86.410995 0.000000 0.000000 0.000000 1.000000
0.953614 0.151443 -0.260163 -4.879373 0.142115 0.535385 0.832566 66.807602 0.265374 -0.830920 0.489029 -88.158920 0.000000 0.000000 0.000000 1.000000
0.940104 0.170404 -0.295240 -5.334559 0.181595 0.482627 0.856793 62.038059 0.288492 -0.859089 0.422775 -90.090645 0.000000 0.000000 0.000000 1.000000
0.920147 0.193130 -0.340633 -5.942003 0.230551 0.435936 0.869946 56.383942 0.316507 -0.879011 0.356598 -92.099747 0.000000 0.000000 0.000000 1.000000
0.896955 0.219170 -0.383975 -6.669073 0.279256 0.392463 0.876350 49.892792 0.342765 -0.893274 0.290817 -94.116905 0.000000 0.000000 0.000000 1.000000
0.872787 0.253296 -0.417235 -7.289700 0.321490 0.344878 0.881875 42.766708 0.367270 -0.903825 0.219573 -96.075676 0.000000 0.000000 0.000000 1.000000
0.851229 0.296784 -0.432814 -7.710733 0.352941 0.286606 0.890668 35.204945 0.388383 -0.910920 0.139220 -97.813545 0.000000 0.000000 0.000000 1.000000
0.834386 0.339269 -0.434392 -8.322264 0.379788 0.217272 0.899196 27.078672 0.399450 -0.915254 0.052439 -99.078194 0.000000 0.000000 0.000000 1.000000
0.817467 0.371021 -0.440557 -9.505051 0.424962 0.127785 0.896146 19.021519 0.388786 -0.919790 -0.053210 -100.375031 0.000000 0.000000 0.000000 1.000000
0.809787 0.396917 -0.432090 -10.921356 0.468911 0.004830 0.883232 13.525127 0.352657 -0.917842 -0.182207 -101.956497 0.000000 0.000000 0.000000 1.000000
0.822349 0.417658 -0.386399 -12.101802 0.460656 -0.090104 0.882993 13.558358 0.333973 -0.904126 -0.266494 -103.477562 0.000000 0.000000 0.000000 1.000000
0.815322 0.439540 -0.376901 -13.886335 0.462063 -0.101652 0.881002 16.501949 0.348923 -0.892453 -0.285974 -105.567909 0.000000 0.000000 0.000000 1.000000
0.763547 0.460021 -0.453185 -15.703249 0.549185 -0.093421 0.830463 18.694345 0.339694 -0.882979 -0.323968 -108.077431 0.000000 0.000000 0.000000 1.000000
0.698900 0.481705 -0.528676 -16.937963 0.645417 -0.106271 0.756402 19.969929 0.308180 -0.869866 -0.385173 -110.341751 0.000000 0.000000 0.000000 1.000000
0.659103 0.501320 -0.560591 -17.359215 0.688537 -0.102432 0.717931 20.544777 0.302491 -0.859178 -0.412690 -112.768860 0.000000 0.000000 0.000000 1.000000
0.644450 0.514687 -0.565492 -17.301540 0.692261 -0.078632 0.717351 20.538630 0.324745 -0.853765 -0.406972 -114.778061 0.000000 0.000000 0.000000 1.000000
0.652613 0.533027 -0.538497 -17.828043 0.670282 -0.074753 0.738331 20.509727 0.353296 -0.842789 -0.406064 -115.639435 0.000000 0.000000 0.000000 1.000000
0.672780 0.549502 -0.495394 -18.250334 0.639208 -0.094564 0.763198 20.152840 0.372532 -0.830124 -0.414867 -116.155502 0.000000 0.000000 0.000000 1.000000
0.692680 0.560196 -0.454285 -18.399818 0.610405 -0.119819 0.782974 19.187895 0.384187 -0.819649 -0.424943 -116.196884 0.000000 0.000000 0.000000 1.000000
0.713532 0.568876 -0.408965 -18.463039 0.572884 -0.137698 0.807987 17.788172 0.403331 -0.810814 -0.424152 -115.773438 0.000000 0.000000 0.000000 1.000000
0.732041 0.577378 -0.361595 -18.490471 0.524297 -0.138555 0.840188 16.617250 0.435005 -0.804635 -0.404145 -115.147881 0.000000 0.000000 0.000000 1.000000
0.737102 0.589246 -0.330862 -18.399712 0.485773 -0.121642 0.865579 16.186241 0.469792 -0.798744 -0.375902 -114.517639 0.000000 0.000000 0.000000 1.000000
0.731398 0.601910 -0.320564 -18.159733 0.466448 -0.098643 0.879031 16.284012 0.497476 -0.792448 -0.352907 -114.025345 0.000000 0.000000 0.000000 1.000000
0.721723 0.612153 -0.323086 -17.986298 0.462134 -0.078650 0.883315 16.428299 0.515313 -0.786818 -0.339661 -113.410362 0.000000 0.000000 0.000000 1.000000
0.708122 0.621513 -0.335090 -18.004719 0.469175 -0.059509 0.881098 16.628017 0.527673 -0.781141 -0.333737 -112.781105 0.000000 0.000000 0.000000 1.000000
0.690664 0.630293 -0.354562 -18.261829 0.482888 -0.036979 0.874901 16.906734 0.538332 -0.775476 -0.329901 -112.463310 0.000000 0.000000 0.000000 1.000000
0.672494 0.637017 -0.376777 -18.565628 0.497618 -0.012344 0.867308 17.143301 0.547840 -0.770750 -0.325293 -112.316582 0.000000 0.000000 0.000000 1.000000
0.656548 0.642321 -0.395433 -18.827965 0.510308 0.007805 0.859956 17.265766 0.555455 -0.766396 -0.322658 -112.259659 0.000000 0.000000 0.000000 1.000000
0.643651 0.647674 -0.407716 -19.171080 0.521798 0.018333 0.852872 17.299974 0.559858 -0.761697 -0.326154 -112.264267 0.000000 0.000000 0.000000 1.000000
0.633988 0.652371 -0.415296 -19.556374 0.532864 0.020679 0.845948 17.267035 0.560460 -0.757617 -0.334515 -112.308632 0.000000 0.000000 0.000000 1.000000
0.628237 0.654841 -0.420121 -19.865150 0.542343 0.018570 0.839952 17.208616 0.557837 -0.755539 -0.343482 -112.409050 0.000000 0.000000 0.000000 1.000000
0.626941 0.655175 -0.421533 -20.025026 0.548722 0.012739 0.835908 17.168869 0.553035 -0.755370 -0.351523 -112.553604 0.000000 0.000000 0.000000 1.000000
0.630170 0.653896 -0.418695 -20.034801 0.550913 0.003448 0.834555 17.152960 0.547156 -0.756577 -0.358067 -112.691559 0.000000 0.000000 0.000000 1.000000
0.636433 0.651671 -0.412648 -19.890190 0.548955 -0.006863 0.835824 17.135826 0.541850 -0.758471 -0.362105 -112.796761 0.000000 0.000000 0.000000 1.000000
0.643892 0.649201 -0.404895 -19.583218 0.543771 -0.016005 0.839081 17.081820 0.538252 -0.760448 -0.363322 -112.869087 0.000000 0.000000 0.000000 1.000000
0.652422 0.646169 -0.395993 -19.191263 0.535783 -0.023724 0.844022 16.975266 0.535987 -0.762825 -0.361685 -112.907494 0.000000 0.000000 0.000000 1.000000
0.662080 0.642642 -0.385568 -18.866064 0.525205 -0.030865 0.850416 16.838570 0.534612 -0.765545 -0.357954 -112.897652 0.000000 0.000000 0.000000 1.000000
0.671131 0.639777 -0.374524 -18.644619 0.513867 -0.037331 0.857057 16.718246 0.534344 -0.767654 -0.353815 -112.849396 0.000000 0.000000 0.000000 1.000000
0.677708 0.638297 -0.365087 -18.457169 0.504279 -0.042082 0.862515 16.668463 0.535177 -0.768639 -0.350399 -112.798210 0.000000 0.000000 0.000000 1.000000
0.681120 0.637846 -0.359483 -18.318882 0.498336 -0.044157 0.865859 16.655024 0.536411 -0.768897 -0.347938 -112.763702 0.000000 0.000000 0.000000 1.000000
0.681156 0.638193 -0.358798 -18.267454 0.497062 -0.043294 0.866634 16.662846 0.537546 -0.768658 -0.346712 -112.747841 0.000000 0.000000 0.000000 1.000000
0.678000 0.639498 -0.362434 -18.298225 0.500113 -0.039965 0.865038 16.684385 0.538705 -0.767753 -0.346918 -112.755707 0.000000 0.000000 0.000000 1.000000
0.672632 0.641633 -0.368610 -18.391472 0.505910 -0.035221 0.861867 16.712534 0.540019 -0.766203 -0.348299 -112.788658 0.000000 0.000000 0.000000 1.000000
0.666270 0.644104 -0.375785 -18.527090 0.512781 -0.029850 0.858001 16.743517 0.541425 -0.764355 -0.350172 -112.836166 0.000000 0.000000 0.000000 1.000000
0.659856 0.646445 -0.383011 -18.678719 0.519553 -0.024292 0.854093 16.773266 0.542820 -0.762573 -0.351892 -112.882629 0.000000 0.000000 0.000000 1.000000</float_array><technique_common><accessor source="#Hips-Matrix-animation-output-transform-array" count="90" stride="16"><param type="float4x4"/></accessor></technique_common></source><source id="Hips-Interpolations"><Name_array id="Hips-Interpolations-array" count="90">
 LINEAR LINEAR LINEAR LINEAR LINEAR LINEAR LINEAR LINEAR LINEAR LINEAR LINEAR
LINEAR LINEAR LINEAR LINEAR LINEAR LINEAR LINEAR LINEAR LINEAR LINEAR LINEAR LINEAR
LINEAR LINEAR LINEAR LINEAR LINEAR LINEAR LINEAR LINEAR LINEAR LINEAR LINEAR LINEAR
LINEAR LINEAR LINEAR LINEAR LINEAR LINEAR LINEAR LINEAR LINEAR LINEAR LINEAR LINEAR
LINEAR LINEAR LINEAR LINEAR LINEAR LINEAR LINEAR LINEAR LINEAR LINEAR LINEAR LINEAR
LINEAR LINEAR LINEAR LINEAR LINEAR LINEAR LINEAR LINEAR LINEAR LINEAR LINEAR LINEAR
LINEAR LINEAR LINEAR LINEAR LINEAR LINEAR LINEAR LINEAR LINEAR LINEAR LINEAR LINEAR
LINEAR LINEAR LINEAR LINEAR LINEAR LINEAR LINEAR</Name_array><technique_common><accessor source="#Hips-Interpolations-array" count="90"><param type="name"/></accessor></technique_common></source><sampler id="Hips-Matrix-animation-transform"><input semantic="INPUT" source="#Hips-Matrix-animation-input"/><input semantic="OUTPUT" source="#Hips-Matrix-animation-output-transform"/><input semantic="INTERPOLATION" source="#Hips-Interpolations"/></sampler><channel source="#Hips-Matrix-animation-transform" target="Hips/matrix"/></animation>
    <animation id="Spine-anim" name="Spine"><source id="Spine-Matrix-animation-input"><float_array id="Spine-Matrix-animation-input-array" count="90">

0.000000 0.033333 0.066667 0.100000 0.133333 0.166667 0.200000 0.233333 0.266667 0.300000 0.333333 0.366667 0.400000 0.433333 0.466667 0.500000
0.533333 0.566667 0.600000 0.633333 0.666667 0.700000 0.733333 0.766667 0.800000 0.833333 0.866667 0.900000 0.933333 0.966667 1.000000 1.033333
1.066667 1.100000 1.133333 1.166667 1.200000 1.233333 1.266667 1.300000 1.333333 1.366667 1.400000 1.433333 1.466667 1.500000 1.533333 1.566667
1.600000 1.633333 1.666667 1.700000 1.733333 1.766667 1.800000 1.833333 1.866667 1.900000 1.933333 1.966667 2.000000 2.033333 2.066667 2.100000
2.133333 2.166667 2.200000 2.233333 2.266667 2.300000 2.333333 2.366667 2.400000 2.433333 2.466667 2.500000 2.533333 2.566667 2.600000 2.633333
2.666667 2.700000 2.733333 2.766667 2.800000 2.833333 2.866667 2.900000 2.933333 2.966667</float_array><technique_common><accessor source="#Spine-Matrix-animation-input-array" count="90"><param name="TIME" type="float"/></accessor></technique_common></source><source id="Spine-Matrix-animation-output-transform"><float_array id="Spine-Matrix-animation-output-transform-array" count="1440">

0.999442 -0.031818 -0.010153 0.030900 0.031368 0.998634 -0.041797 11.006600 0.011469 0.041455 0.999075 0.107900 0.000000 0.000000 0.000000 1.000000
0.999588 -0.027277 -0.008971 0.030900 0.027192 0.999585 -0.009491 11.006600 0.009227 0.009244 0.999915 0.107900 0.000000 0.000000 0.000000 1.000000
0.999675 -0.021187 -0.014146 0.030900 0.021353 0.999704 0.011693 11.006600 0.013894 -0.011992 0.999832 0.107900 0.000000 0.000000 0.000000 1.000000
0.999654 -0.013964 -0.022286 0.030900 0.014635 0.999436 0.030231 11.006600 0.021851 -0.030546 0.999294 0.107900 0.000000 0.000000 0.000000 1.000000
0.999799 -0.010050 -0.017338 0.030900 0.011049 0.998224 0.058545 11.006600 0.016719 -0.058725 0.998134 0.107900 0.000000 0.000000 0.000000 1.000000
0.999886 -0.006632 0.013599 0.030900 0.005351 0.995725 0.092211 11.006600 -0.014153 -0.092128 0.995647 0.107900 0.000000 0.000000 0.000000 1.000000
0.997665 0.005823 0.068050 0.030900 -0.013805 0.992985 0.117430 11.006600 -0.066889 -0.118095 0.990747 0.107900 0.000000 0.000000 0.000000 1.000000
0.990965 0.031323 0.130416 0.030900 -0.048450 0.990290 0.130300 11.006600 -0.125068 -0.135442 0.982860 0.107900 0.000000 0.000000 0.000000 1.000000
0.981620 0.063541 0.179960 0.030900 -0.088893 0.986642 0.136512 11.006600 -0.168882 -0.150000 0.974156 0.107900 0.000000 0.000000 0.000000 1.000000
0.974596 0.093846 0.203360 0.030900 -0.123664 0.982505 0.139253 11.006600 -0.186734 -0.160864 0.969151 0.107900 0.000000 0.000000 0.000000 1.000000
0.972104 0.116730 0.203438 0.030900 -0.146583 0.979465 0.138426 11.006600 -0.183102 -0.164385 0.969253 0.107900 0.000000 0.000000 0.000000 1.000000
0.973665 0.126316 0.189791 0.030900 -0.153296 0.978928 0.134908 11.006600 -0.168750 -0.160450 0.972512 0.107900 0.000000 0.000000 0.000000 1.000000
0.979090 0.116023 0.167097 0.030900 -0.137586 0.982719 0.123828 11.006600 -0.149843 -0.144229 0.978134 0.107900 0.000000 0.000000 0.000000 1.000000
0.986339 0.085513 0.140793 0.030900 -0.099737 0.990247 0.097279 11.006600 -0.131102 -0.109992 0.985248 0.107900 0.000000 0.000000 0.000000 1.000000
0.991072 0.047846 0.124449 0.030900 -0.055500 0.996727 0.058779 11.006600 -0.121229 -0.065161 0.990484 0.107900 0.000000 0.000000 0.000000 1.000000
0.992156 0.016273 0.123946 0.030900 -0.018875 0.999625 0.019849 11.006600 -0.123576 -0.022033 0.992090 0.107900 0.000000 0.000000 0.000000 1.000000
0.991707 -0.012659 0.127894 0.030900 0.015240 0.999699 -0.019222 11.006600 -0.127612 0.021011 0.991602 0.107900 0.000000 0.000000 0.000000 1.000000
0.990870 -0.046245 0.126645 0.030900 0.054927 0.996310 -0.065944 11.006600 -0.123128 0.072298 0.989754 0.107900 0.000000 0.000000 0.000000 1.000000
0.989358 -0.071438 0.126761 0.030900 0.086474 0.989315 -0.117377 11.006600 -0.117021 0.127089 0.984964 0.107900 0.000000 0.000000 0.000000 1.000000
0.988946 -0.064033 0.133733 0.030900 0.085453 0.983225 -0.161141 11.006600 -0.121172 0.170788 0.977829 0.107900 0.000000 0.000000 0.000000 1.000000
0.989822 -0.020457 0.140830 0.030900 0.046912 0.981202 -0.187193 11.006600 -0.134353 0.191895 0.972176 0.107900 0.000000 0.000000 0.000000 1.000000
0.990095 0.029864 0.137185 0.030900 -0.003780 0.982432 -0.186585 11.006600 -0.140347 0.184218 0.972814 0.107900 0.000000 0.000000 0.000000 1.000000
0.991972 0.053547 0.114559 0.030900 -0.035000 0.986790 -0.158181 11.006600 -0.121516 0.152902 0.980742 0.107900 0.000000 0.000000 0.000000 1.000000
0.996650 0.048935 0.065525 0.030900 -0.040624 0.991618 -0.122650 11.006600 -0.070978 0.119577 0.990285 0.107900 0.000000 0.000000 0.000000 1.000000
0.999217 0.036465 -0.015323 0.030900 -0.037850 0.993986 -0.102759 11.006600 0.011483 0.103259 0.994588 0.107900 0.000000 0.000000 0.000000 1.000000
0.992774 0.034058 -0.115061 0.030900 -0.046657 0.992986 -0.108641 11.006600 0.110554 0.113224 0.987400 0.107900 0.000000 0.000000 0.000000 1.000000
0.981329 0.052197 -0.185120 0.030900 -0.081041 0.985076 -0.151844 11.006600 0.174432 0.164012 0.970914 0.107900 0.000000 0.000000 0.000000 1.000000
0.977734 0.082947 -0.192761 0.030900 -0.126760 0.965492 -0.227503 11.006600 0.167239 0.246872 0.954508 0.107900 0.000000 0.000000 0.000000 1.000000
0.979400 0.124497 -0.158985 0.030900 -0.166950 0.942133 -0.290710 11.006600 0.113593 0.311264 0.943510 0.107900 0.000000 0.000000 0.000000 1.000000
0.980036 0.150258 -0.130197 0.030900 -0.184487 0.931398 -0.313788 11.006600 0.074116 0.331543 0.940524 0.107900 0.000000 0.000000 0.000000 1.000000
0.982047 0.149758 -0.114700 0.030900 -0.179342 0.929739 -0.321594 11.006600 0.058480 0.336391 0.939905 0.107900 0.000000 0.000000 0.000000 1.000000
0.985654 0.139832 -0.094516 0.030900 -0.163691 0.928457 -0.333425 11.006600 0.041131 0.344113 0.938027 0.107900 0.000000 0.000000 0.000000 1.000000
0.989994 0.121338 -0.072031 0.030900 -0.138598 0.932005 -0.334900 11.006600 0.026497 0.341533 0.939496 0.107900 0.000000 0.000000 0.000000 1.000000
0.994469 0.080419 -0.067566 0.030900 -0.097609 0.945145 -0.311727 11.006600 0.038791 0.316598 0.947766 0.107900 0.000000 0.000000 0.000000 1.000000
0.995656 0.034695 -0.086399 0.030900 -0.055748 0.965392 -0.254774 11.006600 0.074569 0.258484 0.963133 0.107900 0.000000 0.000000 0.000000 1.000000
0.994080 0.021574 -0.106485 0.030900 -0.038928 0.985743 -0.163695 11.006600 0.101435 0.166871 0.980747 0.107900 0.000000 0.000000 0.000000 1.000000
0.993750 0.021904 -0.109456 0.030900 -0.031464 0.995764 -0.086393 11.006600 0.107100 0.089297 0.990230 0.107900 0.000000 0.000000 0.000000 1.000000
0.992292 -0.012298 -0.123312 0.030900 0.003082 0.997205 -0.074651 11.006600 0.123885 0.073695 0.989556 0.107900 0.000000 0.000000 0.000000 1.000000
0.981955 -0.071433 -0.175103 0.030900 0.055851 0.994158 -0.092358 11.006600 0.180678 0.080912 0.980209 0.107900 0.000000 0.000000 0.000000 1.000000
0.965094 -0.093132 -0.244785 0.030900 0.081500 0.995028 -0.057251 11.006600 0.248900 0.035302 0.967886 0.107900 0.000000 0.000000 0.000000 1.000000
0.953302 -0.067731 -0.294327 0.030900 0.081127 0.996140 0.033531 11.006600 0.290920 -0.055843 0.955116 0.107900 0.000000 0.000000 0.000000 1.000000
0.946203 -0.054965 -0.318872 0.030900 0.090822 0.990965 0.098685 11.006600 0.310567 -0.122337 0.942646 0.107900 0.000000 0.000000 0.000000 1.000000
0.938993 -0.072263 -0.336259 0.030900 0.116118 0.986881 0.112173 11.006600 0.323742 -0.144375 0.935065 0.107900 0.000000 0.000000 0.000000 1.000000
0.934019 -0.082347 -0.347601 0.030900 0.133397 0.983078 0.125551 11.006600 0.331380 -0.163636 0.929199 0.107900 0.000000 0.000000 0.000000 1.000000
0.933970 -0.068492 -0.350725 0.030900 0.132425 0.977920 0.161667 11.006600 0.331908 -0.197436 0.922419 0.107900 0.000000 0.000000 0.000000 1.000000
0.937011 -0.050845 -0.345579 0.030900 0.123516 0.973660 0.191648 11.006600 0.326733 -0.222261 0.918611 0.107900 0.000000 0.000000 0.000000 1.000000
0.941520 -0.045617 -0.333854 0.030900 0.117971 0.972711 0.199789 11.006600 0.315630 -0.227491 0.921209 0.107900 0.000000 0.000000 0.000000 1.000000
0.947532 -0.048724 -0.315927 0.030900 0.116464 0.973006 0.199239 11.006600 0.297691 -0.225580 0.927628 0.107900 0.000000 0.000000 0.000000 1.000000
0.954120 -0.051935 -0.294885 0.030900 0.114979 0.972886 0.200679 11.006600 0.276467 -0.225378 0.934222 0.107900 0.000000 0.000000 0.000000 1.000000
0.959677 -0.054372 -0.275795 0.030900 0.112672 0.973258 0.200186 11.006600 0.257535 -0.223189 0.940140 0.107900 0.000000 0.000000 0.000000 1.000000
0.964757 -0.060574 -0.256076 0.030900 0.110855 0.976134 0.186742 11.006600 0.238653 -0.208548 0.948447 0.107900 0.000000 0.000000 0.000000 1.000000
0.971484 -0.069751 -0.226612 0.030900 0.105998 0.982689 0.151940 11.006600 0.212091 -0.171628 0.962061 0.107900 0.000000 0.000000 0.000000 1.000000
0.979722 -0.068180 -0.188403 0.030900 0.087109 0.991746 0.094087 11.006600 0.180433 -0.108590 0.977575 0.107900 0.000000 0.000000 0.000000 1.000000
0.988065 -0.051335 -0.145234 0.030900 0.053558 0.998499 0.011436 11.006600 0.144429 -0.019078 0.989331 0.107900 0.000000 0.000000 0.000000 1.000000
0.996643 -0.035375 -0.073832 0.030900 0.029182 0.996094 -0.083339 11.006600 0.076491 0.080905 0.993782 0.107900 0.000000 0.000000 0.000000 1.000000
0.999411 -0.012350 0.032026 0.030900 0.016608 0.990529 -0.136292 11.006600 -0.030039 0.136744 0.990151 0.107900 0.000000 0.000000 0.000000 1.000000
0.992434 0.024402 0.120329 0.030900 -0.011599 0.994301 -0.105976 11.006600 -0.122230 0.103779 0.987061 0.107900 0.000000 0.000000 0.000000 1.000000
0.984920 0.051246 0.165247 0.030900 -0.046869 0.998442 -0.030279 11.006600 -0.166541 0.022078 0.985787 0.107900 0.000000 0.000000 0.000000 1.000000
0.979533 0.042117 0.196826 0.030900 -0.049303 0.998279 0.031752 11.006600 -0.195150 -0.040806 0.979924 0.107900 0.000000 0.000000 0.000000 1.000000
0.973836 0.002190 0.227241 0.030900 -0.018398 0.997431 0.069233 11.006600 -0.226505 -0.071603 0.971375 0.107900 0.000000 0.000000 0.000000 1.000000
0.970982 -0.026700 0.237657 0.030900 0.007840 0.996768 0.079953 11.006600 -0.239024 -0.075769 0.968053 0.107900 0.000000 0.000000 0.000000 1.000000
0.972706 -0.024208 0.230774 0.030900 0.011883 0.998435 0.054648 11.006600 -0.231736 -0.050414 0.971471 0.107900 0.000000 0.000000 0.000000 1.000000
0.973129 -0.008665 0.230099 0.030900 0.007251 0.999949 0.006988 11.006600 -0.230148 -0.005132 0.973142 0.107900 0.000000 0.000000 0.000000 1.000000
0.970622 0.007217 0.240503 0.030900 0.003226 0.999070 -0.042999 11.006600 -0.240589 0.042511 0.969696 0.107900 0.000000 0.000000 0.000000 1.000000
0.968992 0.015200 0.246624 0.030900 0.005437 0.996553 -0.082781 11.006600 -0.247033 0.081555 0.965569 0.107900 0.000000 0.000000 0.000000 1.000000
0.970392 0.009210 0.241361 0.030900 0.015819 0.994704 -0.101555 11.006600 -0.241018 0.102366 0.965107 0.107900 0.000000 0.000000 0.000000 1.000000
0.971783 -0.009295 0.235694 0.030900 0.032564 0.994942 -0.095023 11.006600 -0.233619 0.100017 0.967170 0.107900 0.000000 0.000000 0.000000 1.000000
0.971366 -0.032539 0.235351 0.030900 0.051288 0.995940 -0.073986 11.006600 -0.231988 0.083938 0.969090 0.107900 0.000000 0.000000 0.000000 1.000000
0.970585 -0.054588 0.234490 0.030900 0.068596 0.996288 -0.052001 11.006600 -0.230781 0.066556 0.970727 0.107900 0.000000 0.000000 0.000000 1.000000
0.970625 -0.074391 0.228808 0.030900 0.083426 0.996061 -0.030056 11.006600 -0.225671 0.048261 0.973008 0.107900 0.000000 0.000000 0.000000 1.000000
0.971291 -0.092511 0.219171 0.030900 0.095775 0.995394 -0.004293 11.006600 -0.217764 0.025161 0.975677 0.107900 0.000000 0.000000 0.000000 1.000000
0.971999 -0.108914 0.208221 0.030900 0.106758 0.994050 0.021598 11.006600 -0.209335 0.001236 0.977843 0.107900 0.000000 0.000000 0.000000 1.000000
0.972355 -0.120999 0.199710 0.030900 0.115335 0.992529 0.039799 11.006600 -0.203034 -0.015665 0.979046 0.107900 0.000000 0.000000 0.000000 1.000000
0.972302 -0.125225 0.197352 0.030900 0.118139 0.991869 0.047328 11.006600 -0.201674 -0.022702 0.979190 0.107900 0.000000 0.000000 0.000000 1.000000
0.971911 -0.122454 0.200981 0.030900 0.115199 0.992208 0.047451 11.006600 -0.205225 -0.022966 0.978445 0.107900 0.000000 0.000000 0.000000 1.000000
0.971386 -0.117464 0.206427 0.030900 0.110552 0.992863 0.044747 11.006600 -0.210210 -0.020646 0.977438 0.107900 0.000000 0.000000 0.000000 1.000000
0.970887 -0.112986 0.211217 0.030900 0.106624 0.993441 0.041312 11.006600 -0.214499 -0.017589 0.976566 0.107900 0.000000 0.000000 0.000000 1.000000
0.970018 -0.108571 0.217435 0.030900 0.102910 0.993994 0.037226 11.006600 -0.220171 -0.013733 0.975365 0.107900 0.000000 0.000000 0.000000 1.000000
0.968266 -0.104920 0.226831 0.030900 0.100290 0.994448 0.031874 11.006600 -0.228916 -0.008113 0.973412 0.107900 0.000000 0.000000 0.000000 1.000000
0.966238 -0.103085 0.236131 0.030900 0.100150 0.994673 0.024425 11.006600 -0.237391 0.000048 0.971414 0.107900 0.000000 0.000000 0.000000 1.000000
0.965508 -0.101392 0.239821 0.030900 0.100747 0.994799 0.014981 11.006600 -0.240092 0.009697 0.970702 0.107900 0.000000 0.000000 0.000000 1.000000
0.966586 -0.098134 0.236814 0.030900 0.099760 0.994998 0.005138 11.006600 -0.236134 0.018659 0.971541 0.107900 0.000000 0.000000 0.000000 1.000000
0.968065 -0.094811 0.232079 0.030900 0.098191 0.995163 -0.003028 11.006600 -0.230669 0.025719 0.972692 0.107900 0.000000 0.000000 0.000000 1.000000
0.968607 -0.093627 0.230291 0.030900 0.098143 0.995138 -0.008206 11.006600 -0.228403 0.030550 0.973087 0.107900 0.000000 0.000000 0.000000 1.000000
0.968353 -0.094488 0.231005 0.030900 0.099485 0.994988 -0.010049 11.006600 -0.228898 0.032713 0.972901 0.107900 0.000000 0.000000 0.000000 1.000000
0.968278 -0.096398 0.230533 0.030900 0.101180 0.994828 -0.008983 11.006600 -0.228475 0.032023 0.973023 0.107900 0.000000 0.000000 0.000000 1.000000
0.968616 -0.098963 0.228012 0.030900 0.102993 0.994665 -0.005816 11.006600 -0.226220 0.029118 0.973641 0.107900 0.000000 0.000000 0.000000 1.000000
0.968412 -0.101897 0.227587 0.030900 0.104915 0.994481 -0.001169 11.006600 -0.226212 0.025009 0.973757 0.107900 0.000000 0.000000 0.000000 1.000000
0.967080 -0.104855 0.231867 0.030900 0.106728 0.994278 0.004488 11.006600 -0.231011 0.020406 0.972737 0.107900 0.000000 0.000000 0.000000 1.000000
0.965173 -0.107723 0.238404 0.030900 0.108335 0.994058 0.010576 11.006600 -0.238127 0.015620 0.971109 0.107900 0.000000 0.000000 0.000000 1.000000</float_array><technique_common><accessor source="#Spine-Matrix-animation-output-transform-array" count="90" stride="16"><param type="float4x4"/></accessor></technique_common></source><source id="Spine-Interpolations"><Name_array id="Spine-Interpolations-array" count="90">
 LINEAR LINEAR LINEAR LINEAR LINEAR LINEAR LINEAR LINEAR LINEAR LINEAR LINEAR
LINEAR LINEAR LINEAR LINEAR LINEAR LINEAR LINEAR LINEAR LINEAR LINEAR LINEAR LINEAR
LINEAR LINEAR LINEAR LINEAR LINEAR LINEAR LINEAR LINEAR LINEAR LINEAR LINEAR LINEAR
LINEAR LINEAR LINEAR LINEAR LINEAR LINEAR LINEAR LINEAR LINEAR LINEAR LINEAR LINEAR
LINEAR LINEAR LINEAR LINEAR LINEAR LINEAR LINEAR LINEAR LINEAR LINEAR LINEAR LINEAR
LINEAR LINEAR LINEAR LINEAR LINEAR LINEAR LINEAR LINEAR LINEAR LINEAR LINEAR LINEAR
LINEAR LINEAR LINEAR LINEAR LINEAR LINEAR LINEAR LINEAR LINEAR LINEAR LINEAR LINEAR
LINEAR LINEAR LINEAR LINEAR LINEAR LINEAR LINEAR</Name_array><technique_common><accessor source="#Spine-Interpolations-array" count="90"><param type="name"/></accessor></technique_common></source><sampler id="Spine-Matrix-animation-transform"><input semantic="INPUT" source="#Spine-Matrix-animation-input"/><input semantic="OUTPUT" source="#Spine-Matrix-animation-output-transform"/><input semantic="INTERPOLATION" source="#Spine-Interpolations"/></sampler><channel source="#Spine-Matrix-animation-transform" target="Spine/matrix"/></animation>
    <animation id="Spine1-anim" name="Spine1"><source id="Spine1-Matrix-animation-input"><float_array id="Spine1-Matrix-animation-input-array" count="90">

0.000000 0.033333 0.066667 0.100000 0.133333 0.166667 0.200000 0.233333 0.266667 0.300000 0.333333 0.366667 0.400000 0.433333 0.466667 0.500000
0.533333 0.566667 0.600000 0.633333 0.666667 0.700000 0.733333 0.766667 0.800000 0.833333 0.866667 0.900000 0.933333 0.966667 1.000000 1.033333
1.066667 1.100000 1.133333 1.166667 1.200000 1.233333 1.266667 1.300000 1.333333 1.366667 1.400000 1.433333 1.466667 1.500000 1.533333 1.566667
1.600000 1.633333 1.666667 1.700000 1.733333 1.766667 1.800000 1.833333 1.866667 1.900000 1.933333 1.966667 2.000000 2.033333 2.066667 2.100000
2.133333 2.166667 2.200000 2.233333 2.266667 2.300000 2.333333 2.366667 2.400000 2.433333 2.466667 2.500000 2.533333 2.566667 2.600000 2.633333
2.666667 2.700000 2.733333 2.766667 2.800000 2.833333 2.866667 2.900000 2.933333 2.966667</float_array><technique_common><accessor source="#Spine1-Matrix-animation-input-array" count="90"><param name="TIME" type="float"/></accessor></technique_common></source><source id="Spine1-Matrix-animation-output-transform"><float_array id="Spine1-Matrix-animation-output-transform-array" count="1440">

0.999458 -0.025778 -0.020474 0.037200 0.022904 0.991252 -0.129983 11.271000 0.023645 0.129444 0.991305 0.102300 0.000000 0.000000 0.000000 1.000000
0.999497 -0.025718 -0.018582 0.037200 0.023293 0.992419 -0.120674 11.271000 0.021545 0.120181 0.992518 0.102300 0.000000 0.000000 0.000000 1.000000
0.999560 -0.022917 -0.018819 0.037200 0.020724 0.993779 -0.109429 11.271000 0.021209 0.108991 0.993816 0.102300 0.000000 0.000000 0.000000 1.000000
0.999637 -0.017941 -0.020092 0.037200 0.015906 0.995137 -0.097210 11.271000 0.021738 0.096855 0.995061 0.102300 0.000000 0.000000 0.000000 1.000000
0.999750 -0.013882 -0.017505 0.037200 0.012372 0.996423 -0.083594 11.271000 0.018603 0.083357 0.996346 0.102300 0.000000 0.000000 0.000000 1.000000
0.999914 -0.010846 -0.007399 0.037200 0.010308 0.997545 -0.069263 11.271000 0.008132 0.069180 0.997571 0.102300 0.000000 0.000000 0.000000 1.000000
0.999949 -0.004846 0.008817 0.037200 0.005339 0.998377 -0.056704 11.271000 -0.008528 0.056748 0.998352 0.102300 0.000000 0.000000 0.000000 1.000000
0.999636 0.005772 0.026348 0.037200 -0.004542 0.998907 -0.046511 11.271000 -0.026588 0.046375 0.998570 0.102300 0.000000 0.000000 0.000000 1.000000
0.999052 0.017298 0.039939 0.037200 -0.015805 0.999175 -0.037408 11.271000 -0.040553 0.036741 0.998502 0.102300 0.000000 0.000000 0.000000 1.000000
0.998601 0.025050 0.046574 0.037200 -0.023696 0.999287 -0.029407 11.271000 -0.047277 0.028263 0.998482 0.102300 0.000000 0.000000 0.000000 1.000000
0.998494 0.027470 0.047479 0.037200 -0.026398 0.999386 -0.023054 11.271000 -0.048083 0.021766 0.998606 0.102300 0.000000 0.000000 0.000000 1.000000
0.998615 0.026051 0.045702 0.037200 -0.025304 0.999538 -0.016832 11.271000 -0.046119 0.015652 0.998813 0.102300 0.000000 0.000000 0.000000 1.000000
0.998858 0.022239 0.042285 0.037200 -0.021824 0.999709 -0.010245 11.271000 -0.042501 0.009311 0.999053 0.102300 0.000000 0.000000 0.000000 1.000000
0.999173 0.015415 0.037624 0.037200 -0.015140 0.999857 -0.007574 11.271000 -0.037736 0.006998 0.999263 0.102300 0.000000 0.000000 0.000000 1.000000
0.999385 0.006112 0.034519 0.037200 -0.005726 0.999920 -0.011262 11.271000 -0.034585 0.011058 0.999341 0.102300 0.000000 0.000000 0.000000 1.000000
0.999385 -0.002336 0.034974 0.037200 0.002969 0.999833 -0.018056 11.271000 -0.034926 0.018149 0.999225 0.102300 0.000000 0.000000 0.000000 1.000000
0.999309 -0.007819 0.036337 0.037200 0.008739 0.999643 -0.025241 11.271000 -0.036127 0.025541 0.999021 0.102300 0.000000 0.000000 0.000000 1.000000
0.999297 -0.011259 0.035746 0.037200 0.012421 0.999396 -0.032450 11.271000 -0.035359 0.032871 0.998834 0.102300 0.000000 0.000000 0.000000 1.000000
0.999307 -0.013131 0.034843 0.037200 0.014492 0.999130 -0.039113 11.271000 -0.034299 0.039590 0.998627 0.102300 0.000000 0.000000 0.000000 1.000000
0.999282 -0.010954 0.036278 0.037200 0.012572 0.998922 -0.044684 11.271000 -0.035749 0.045108 0.998342 0.102300 0.000000 0.000000 0.000000 1.000000
0.999234 -0.002741 0.039044 0.037200 0.004640 0.998806 -0.048637 11.271000 -0.038864 0.048781 0.998053 0.102300 0.000000 0.000000 0.000000 1.000000
0.999193 0.008935 0.039152 0.037200 -0.006998 0.998758 -0.049331 11.271000 -0.039544 0.049018 0.998015 0.102300 0.000000 0.000000 0.000000 1.000000
0.999279 0.019139 0.032801 0.037200 -0.017592 0.998749 -0.046814 11.271000 -0.033656 0.046203 0.998365 0.102300 0.000000 0.000000 0.000000 1.000000
0.999533 0.024527 0.018251 0.037200 -0.023689 0.998715 -0.044813 11.271000 -0.019327 0.044359 0.998829 0.102300 0.000000 0.000000 0.000000 1.000000
0.999711 0.023646 -0.004444 0.037200 -0.023823 0.998694 -0.045191 11.271000 0.003370 0.045283 0.998969 0.102300 0.000000 0.000000 0.000000 1.000000
0.999344 0.018182 -0.031329 0.037200 -0.019616 0.998746 -0.046065 11.271000 0.030452 0.046650 0.998447 0.102300 0.000000 0.000000 0.000000 1.000000
0.998617 0.014326 -0.050589 0.037200 -0.016857 0.998609 -0.049963 11.271000 0.049802 0.050746 0.997469 0.102300 0.000000 0.000000 0.000000 1.000000
0.998532 0.016928 -0.051447 0.037200 -0.020093 0.997896 -0.061636 11.271000 0.050295 0.062579 0.996772 0.102300 0.000000 0.000000 0.000000 1.000000
0.998922 0.023146 -0.040248 0.037200 -0.026140 0.996802 -0.075514 11.271000 0.038372 0.076485 0.996332 0.102300 0.000000 0.000000 0.000000 1.000000
0.999171 0.025760 -0.031536 0.037200 -0.028268 0.996243 -0.081863 11.271000 0.029308 0.082687 0.996145 0.102300 0.000000 0.000000 0.000000 1.000000
0.999373 0.022282 -0.027521 0.037200 -0.024489 0.996279 -0.082631 11.271000 0.025578 0.083253 0.996200 0.102300 0.000000 0.000000 0.000000 1.000000
0.999619 0.015818 -0.022626 0.037200 -0.017689 0.996222 -0.085018 11.271000 0.021195 0.085386 0.996122 0.102300 0.000000 0.000000 0.000000 1.000000
0.999801 0.009306 -0.017627 0.037200 -0.010826 0.996044 -0.088200 11.271000 0.016736 0.088373 0.995947 0.102300 0.000000 0.000000 0.000000 1.000000
0.999834 0.003266 -0.017926 0.037200 -0.004824 0.996147 -0.087563 11.271000 0.017571 0.087635 0.995998 0.102300 0.000000 0.000000 0.000000 1.000000
0.999709 -0.001988 -0.024043 0.037200 0.000029 0.996697 -0.081210 11.271000 0.024125 0.081186 0.996407 0.102300 0.000000 0.000000 0.000000 1.000000
0.999556 -0.005120 -0.029357 0.037200 0.003087 0.997620 -0.068883 11.271000 0.029640 0.068762 0.997193 0.102300 0.000000 0.000000 0.000000 1.000000
0.999531 -0.006373 -0.029960 0.037200 0.004687 0.998418 -0.056023 11.271000 0.030270 0.055856 0.997980 0.102300 0.000000 0.000000 0.000000 1.000000
0.999398 -0.008518 -0.033617 0.037200 0.006737 0.998585 -0.052741 11.271000 0.034019 0.052483 0.998042 0.102300 0.000000 0.000000 0.000000 1.000000
0.998749 -0.013019 -0.048278 0.037200 0.010274 0.998339 -0.056689 11.271000 0.048935 0.056122 0.997224 0.102300 0.000000 0.000000 0.000000 1.000000
0.997556 -0.017866 -0.067542 0.037200 0.014292 0.998490 -0.053036 11.271000 0.068388 0.051941 0.996306 0.102300 0.000000 0.000000 0.000000 1.000000
