<?xml version="1.0" encoding="utf-8"?>
<COLLADA xmlns="http://www.collada.org/2005/11/COLLADASchema" version="1.4.1">
  <asset><contributor><author>Mixamo</author><authoring_tool>COLLADA Mixamo exporter</authoring_tool><comments></comments></contributor><created>2018-04-27T18:01:07Z</created><modified>2018-04-27T18:01:07Z</modified><revision></revision><title></title><unit meter="0.010000"/><up_axis>Y_UP</up_axis></asset>
  <library_animations>
    <animation id="Hips-anim" name="Hips"><source id="Hips-Matrix-animation-input"><float_array id="Hips-Matrix-animation-input-array" count="116">

0.000000 0.033333 0.066667 0.100000 0.133333 0.166667 0.200000 0.233333 0.266667 0.300000 0.333333 0.366667 0.400000 0.433333 0.466667 0.500000
0.533333 0.566667 0.600000 0.633333 0.666667 0.700000 0.733333 0.766667 0.800000 0.833333 0.866667 0.900000 0.933333 0.966667 1.000000 1.033333
1.066667 1.100000 1.133333 1.166667 1.200000 1.233333 1.266667 1.300000 1.333333 1.366667 1.400000 1.433333 1.466667 1.500000 1.533333 1.566667
1.600000 1.633333 1.666667 1.700000 1.733333 1.766667 1.800000 1.833333 1.866667 1.900000 1.933333 1.966667 2.000000 2.033333 2.066667 2.100000
2.133333 2.166667 2.200000 2.233333 2.266667 2.300000 2.333333 2.366667 2.400000 2.433333 2.466667 2.500000 2.533333 2.566667 2.600000 2.633333
2.666667 2.700000 2.733333 2.766667 2.800000 2.833333 2.866667 2.900000 2.933333 2.966667 3.000000 3.033333 3.066667 3.100000 3.133333 3.166667
3.200000 3.233333 3.266667 3.300000 3.333333 3.366667 3.400000 3.433333 3.466667 3.500000 3.533333 3.566667 3.600000 3.633333 3.666667 3.700000
3.733333 3.766667 3.800000 3.833333</float_array><technique_common><accessor source="#Hips-Matrix-animation-input-array" count="116"><param name="TIME" type="float"/></accessor></technique_common></source><source id="Hips-Matrix-animation-output-transform"><float_array id="Hips-Matrix-animation-output-transform-array" count="1856">

0.957848 -0.035929 -0.285019 11.490898 -0.051837 0.954245 -0.294499 96.062523 0.282559 0.296860 0.912159 -5.500865 0.000000 0.000000 0.000000 1.000000
0.955744 -0.035220 -0.292085 11.693434 -0.052580 0.956375 -0.287370 96.217506 0.289464 0.290010 0.912198 -5.634711 0.000000 0.000000 0.000000 1.000000
0.954030 -0.034763 -0.297689 11.952894 -0.052323 0.958680 -0.279634 96.541100 0.295110 0.282355 0.912790 -5.809449 0.000000 0.000000 0.000000 1.000000
0.952730 -0.034635 -0.301837 12.294015 -0.050954 0.961194 -0.271128 97.024712 0.299514 0.273692 0.913993 -6.038092 0.000000 0.000000 0.000000 1.000000
0.952336 -0.033410 -0.303216 12.849319 -0.049828 0.963597 -0.262675 97.527573 0.300954 0.265264 0.916003 -6.336123 0.000000 0.000000 0.000000 1.000000
0.951719 -0.031446 -0.305356 13.730709 -0.049733 0.965803 -0.254464 98.110489 0.302915 0.257364 0.917609 -6.740894 0.000000 0.000000 0.000000 1.000000
0.946963 -0.031440 -0.319802 15.061153 -0.052204 0.966930 -0.249642 98.842873 0.317075 0.253097 0.914005 -7.398871 0.000000 0.000000 0.000000 1.000000
0.932465 -0.036533 -0.359408 16.994787 -0.060396 0.965107 -0.254794 99.794106 0.356176 0.259294 0.897722 -8.406700 0.000000 0.000000 0.000000 1.000000
0.903236 -0.047377 -0.426522 19.469927 -0.077761 0.959367 -0.271236 100.940590 0.422041 0.278157 0.862850 -9.704700 0.000000 0.000000 0.000000 1.000000
0.863667 -0.062955 -0.500115 22.074461 -0.100091 0.950994 -0.292561 101.839790 0.494025 0.302733 0.815041 -11.326251 0.000000 0.000000 0.000000 1.000000
0.829715 -0.078535 -0.552635 24.455469 -0.115492 0.944475 -0.307616 102.193192 0.546109 0.319059 0.774575 -13.347044 0.000000 0.000000 0.000000 1.000000
0.812688 -0.087414 -0.576105 26.380388 -0.115996 0.944627 -0.306961 102.101219 0.571037 0.316290 0.757547 -15.533907 0.000000 0.000000 0.000000 1.000000
0.804911 -0.086647 -0.587035 27.777853 -0.106589 0.952079 -0.286678 101.828842 0.583744 0.293322 0.757103 -17.607298 0.000000 0.000000 0.000000 1.000000
0.803805 -0.079625 -0.589540 27.969307 -0.090098 0.963276 -0.252945 101.197762 0.588031 0.256435 0.767112 -18.982651 0.000000 0.000000 0.000000 1.000000
0.799425 -0.079937 -0.595424 27.123112 -0.068505 0.972514 -0.222539 100.135208 0.596847 0.218693 0.771976 -19.735140 0.000000 0.000000 0.000000 1.000000
0.774196 -0.089448 -0.626593 26.376865 -0.048192 0.978760 -0.199265 99.146301 0.631108 0.184467 0.753442 -20.426123 0.000000 0.000000 0.000000 1.000000
0.724828 -0.102535 -0.681257 26.057802 -0.027800 0.983704 -0.177633 98.160645 0.688369 0.147693 0.710165 -21.297291 0.000000 0.000000 0.000000 1.000000
0.645929 -0.122253 -0.753545 26.264954 0.000848 0.987208 -0.159435 96.610779 0.763397 0.102345 0.637770 -22.788893 0.000000 0.000000 0.000000 1.000000
0.541826 -0.146367 -0.827648 26.865965 0.033141 0.987675 -0.152972 94.444504 0.839837 0.055455 0.539999 -24.742422 0.000000 0.000000 0.000000 1.000000
0.454084 -0.171485 -0.874300 27.677185 0.057746 0.984904 -0.163187 92.092148 0.889085 0.023613 0.457132 -26.623348 0.000000 0.000000 0.000000 1.000000
0.414798 -0.208807 -0.885631 28.500153 0.077990 0.977890 -0.194031 89.853607 0.906565 0.011413 0.421911 -28.290186 0.000000 0.000000 0.000000 1.000000
0.410316 -0.261307 -0.873704 29.170015 0.096984 0.965139 -0.243107 87.910202 0.906772 0.015015 0.421355 -29.755239 0.000000 0.000000 0.000000 1.000000
0.414294 -0.299891 -0.859317 29.803543 0.109906 0.953731 -0.279853 86.524307 0.903483 0.021497 0.428085 -30.701315 0.000000 0.000000 0.000000 1.000000
0.422444 -0.308846 -0.852147 30.521399 0.119874 0.950935 -0.285223 85.734909 0.898427 0.018340 0.438739 -30.964735 0.000000 0.000000 0.000000 1.000000
0.442379 -0.312471 -0.840632 31.067062 0.125269 0.949679 -0.287083 85.533966 0.888036 0.021695 0.459261 -30.523861 0.000000 0.000000 0.000000 1.000000
0.472320 -0.317564 -0.822233 31.186937 0.117053 0.947179 -0.298581 85.840714 0.873620 0.044781 0.484543 -29.295872 0.000000 0.000000 0.000000 1.000000
0.512830 -0.307645 -0.801474 30.796230 0.094046 0.948099 -0.303751 86.518593 0.853323 0.080397 0.515146 -27.130453 0.000000 0.000000 0.000000 1.000000
0.569355 -0.274382 -0.774951 29.760555 0.060888 0.954143 -0.293093 87.218567 0.819834 0.119689 0.559953 -24.044863 0.000000 0.000000 0.000000 1.000000
0.640716 -0.222786 -0.734745 28.086599 0.026934 0.962908 -0.268481 87.660378 0.767306 0.152230 0.622951 -20.300972 0.000000 0.000000 0.000000 1.000000
0.716031 -0.167649 -0.677638 26.067026 -0.000383 0.970639 -0.240542 88.323517 0.698068 0.172495 0.694944 -16.164892 0.000000 0.000000 0.000000 1.000000
0.785855 -0.113499 -0.607907 23.852966 -0.022075 0.977238 -0.210993 89.373215 0.618017 0.179229 0.765462 -12.217486 0.000000 0.000000 0.000000 1.000000
0.847916 -0.051634 -0.527611 21.408329 -0.046058 0.984307 -0.170346 90.541893 0.528127 0.168739 0.832232 -8.741650 0.000000 0.000000 0.000000 1.000000
0.904928 0.028347 -0.424619 19.387560 -0.094325 0.986322 -0.135174 92.536766 0.414979 0.162375 0.895224 -4.691114 0.000000 0.000000 0.000000 1.000000
0.952085 0.101933 -0.288347 17.877428 -0.146218 0.979800 -0.136425 94.350876 0.268616 0.172050 0.947757 -1.080811 0.000000 0.000000 0.000000 1.000000
0.982161 0.150740 -0.112412 16.309162 -0.168810 0.970179 -0.173944 94.683746 0.082839 0.189818 0.978318 1.306589 0.000000 0.000000 0.000000 1.000000
0.971883 0.218000 0.088996 14.884144 -0.193928 0.955432 -0.222578 95.095886 -0.133552 0.199061 0.970844 4.092341 0.000000 0.000000 0.000000 1.000000
0.918696 0.285580 0.272839 13.745058 -0.215951 0.941588 -0.258413 94.719620 -0.330699 0.178483 0.926705 6.748420 0.000000 0.000000 0.000000 1.000000
0.848982 0.332832 0.410430 12.879913 -0.237430 0.934158 -0.266413 94.294739 -0.472077 0.128731 0.872108 9.407999 0.000000 0.000000 0.000000 1.000000
0.797957 0.341447 0.496668 11.896465 -0.234753 0.935048 -0.265663 94.094780 -0.555118 0.095393 0.826283 12.632433 0.000000 0.000000 0.000000 1.000000
0.764951 0.320560 0.558651 10.632387 -0.196369 0.942129 -0.271720 92.984406 -0.613424 0.098151 0.783631 17.124001 0.000000 0.000000 0.000000 1.000000
0.731622 0.299673 0.612311 9.607447 -0.156273 0.948006 -0.277243 91.150108 -0.663557 0.107150 0.740413 21.896751 0.000000 0.000000 0.000000 1.000000
0.683424 0.277741 0.675124 8.111448 -0.108363 0.953150 -0.282424 88.993996 -0.721934 0.119857 0.681502 26.294168 0.000000 0.000000 0.000000 1.000000
0.607055 0.269815 0.747452 6.039696 -0.051220 0.951923 -0.302026 85.936249 -0.793008 0.145062 0.591689 30.424843 0.000000 0.000000 0.000000 1.000000
0.523412 0.300469 0.797345 4.401509 -0.013955 0.938660 -0.344562 82.281197 -0.851966 0.169221 0.495498 34.353737 0.000000 0.000000 0.000000 1.000000
0.469505 0.333313 0.817599 3.384536 0.009648 0.924014 -0.382236 80.077911 -0.882877 0.187350 0.430614 37.264347 0.000000 0.000000 0.000000 1.000000
0.442182 0.352766 0.824640 2.470696 0.026092 0.913959 -0.404967 79.319405 -0.896546 0.200586 0.394931 38.831066 0.000000 0.000000 0.000000 1.000000
0.423656 0.369187 0.827174 1.949381 0.032709 0.906343 -0.421274 78.872673 -0.905232 0.205531 0.371902 39.647041 0.000000 0.000000 0.000000 1.000000
0.414900 0.372746 0.830011 1.703485 0.037743 0.904397 -0.425019 78.641388 -0.909084 0.207668 0.361166 40.102879 0.000000 0.000000 0.000000 1.000000
0.415860 0.362697 0.833973 1.615652 0.036859 0.909554 -0.413947 78.792084 -0.908682 0.202884 0.364878 40.057102 0.000000 0.000000 0.000000 1.000000
0.426364 0.344953 0.836194 1.828088 0.025111 0.919559 -0.392148 79.359840 -0.904203 0.188196 0.383405 39.233311 0.000000 0.000000 0.000000 1.000000
0.461072 0.323166 0.826424 2.353676 0.011456 0.929080 -0.369701 80.626740 -0.887289 0.179927 0.424671 37.591179 0.000000 0.000000 0.000000 1.000000
0.527230 0.307570 0.792105 3.240603 -0.000330 0.932266 -0.361774 82.827248 -0.849723 0.190477 0.491619 34.839420 0.000000 0.000000 0.000000 1.000000
0.614377 0.312475 0.724500 4.645383 -0.013206 0.922180 -0.386535 85.882446 -0.788902 0.227910 0.570692 30.840332 0.000000 0.000000 0.000000 1.000000
0.718932 0.320428 0.616817 6.342046 -0.031053 0.901324 -0.432032 89.125015 -0.694387 0.291447 0.657940 27.014431 0.000000 0.000000 0.000000 1.000000
0.826652 0.298150 0.477234 7.823140 -0.057914 0.888670 -0.454875 91.542336 -0.559725 0.348385 0.751888 24.089970 0.000000 0.000000 0.000000 1.000000
0.905976 0.251217 0.340731 9.038285 -0.080461 0.892399 -0.444016 92.933716 -0.415612 0.374852 0.828705 21.582458 0.000000 0.000000 0.000000 1.000000
0.950669 0.211937 0.226520 10.431169 -0.099090 0.899437 -0.425670 94.400185 -0.293956 0.382225 0.876067 19.120094 0.000000 0.000000 0.000000 1.000000
0.974813 0.184553 0.125220 11.848774 -0.118180 0.903602 -0.411748 96.040375 -0.189138 0.386579 0.902654 17.213497 0.000000 0.000000 0.000000 1.000000
0.986920 0.157213 0.035685 12.529807 -0.130109 0.907451 -0.399505 97.162071 -0.095190 0.389636 0.916036 15.973917 0.000000 0.000000 0.000000 1.000000
0.990270 0.134158 -0.036978 12.614702 -0.137938 0.911143 -0.388319 97.782532 -0.018404 0.389641 0.920783 14.809991 0.000000 0.000000 0.000000 1.000000
0.989383 0.111745 -0.092922 12.345882 -0.139089 0.913437 -0.382475 97.959671 0.042139 0.391338 0.919282 13.519933 0.000000 0.000000 0.000000 1.000000
0.985730 0.084604 -0.145531 11.887932 -0.135105 0.913332 -0.384151 97.865906 0.100418 0.398331 0.911728 12.160158 0.000000 0.000000 0.000000 1.000000
0.977409 0.058891 -0.202984 11.450270 -0.134996 0.912919 -0.385169 97.731552 0.162625 0.403870 0.900246 10.707447 0.000000 0.000000 0.000000 1.000000
0.967148 0.030762 -0.252345 10.860498 -0.128564 0.915538 -0.381132 97.240768 0.219307 0.401054 0.889416 9.067330 0.000000 0.000000 0.000000 1.000000
0.958360 -0.003572 -0.285539 10.149041 -0.108849 0.919860 -0.376840 96.405243 0.264002 0.392230 0.881169 7.366115 0.000000 0.000000 0.000000 1.000000
0.950504 -0.035294 -0.308701 9.603670 -0.088090 0.922151 -0.376665 95.458809 0.297963 0.385215 0.873400 5.696084 0.000000 0.000000 0.000000 1.000000
0.944800 -0.055359 -0.322938 8.994972 -0.075163 0.922719 -0.378074 94.216393 0.318911 0.381477 0.867624 3.958247 0.000000 0.000000 0.000000 1.000000
0.943229 -0.064740 -0.325774 8.146120 -0.065863 0.924886 -0.374496 92.782303 0.325549 0.374692 0.868115 2.256084 0.000000 0.000000 0.000000 1.000000
0.945379 -0.072361 -0.317839 7.451148 -0.052830 0.928148 -0.368444 91.438339 0.321663 0.365110 0.873629 0.573870 0.000000 0.000000 0.000000 1.000000
0.948616 -0.081808 -0.305673 7.226982 -0.041039 0.926035 -0.375199 90.358521 0.313758 0.368464 0.875094 -1.058285 0.000000 0.000000 0.000000 1.000000
0.947886 -0.094950 -0.304131 7.270054 -0.034892 0.917884 -0.395312 89.502975 0.316692 0.385322 0.866737 -2.445575 0.000000 0.000000 0.000000 1.000000
0.943875 -0.108970 -0.311810 7.550744 -0.031522 0.909988 -0.413435 88.778984 0.328796 0.400060 0.855480 -3.597521 0.000000 0.000000 0.000000 1.000000
0.941773 -0.117778 -0.314947 8.220386 -0.028455 0.905373 -0.423662 88.218369 0.335043 0.407955 0.849305 -4.567094 0.000000 0.000000 0.000000 1.000000
0.939879 -0.121577 -0.319133 9.166949 -0.030263 0.901158 -0.432433 87.769287 0.340163 0.416092 0.843301 -5.289116 0.000000 0.000000 0.000000 1.000000
0.935283 -0.124330 -0.331343 10.279831 -0.036205 0.897732 -0.439052 87.468292 0.352044 0.422634 0.835132 -5.737707 0.000000 0.000000 0.000000 1.000000
0.929666 -0.128684 -0.345198 11.541682 -0.037715 0.898844 -0.436644 87.412109 0.366468 0.418952 0.830771 -5.982686 0.000000 0.000000 0.000000 1.000000
0.923619 -0.134551 -0.358919 12.953768 -0.035679 0.902123 -0.430001 87.542007 0.381647 0.409964 0.828418 -6.070685 0.000000 0.000000 0.000000 1.000000
0.916461 -0.138754 -0.375294 14.493863 -0.037045 0.904494 -0.424874 87.797318 0.398404 0.403283 0.823794 -5.975785 0.000000 0.000000 0.000000 1.000000
0.909190 -0.139307 -0.392386 16.088867 -0.040895 0.907940 -0.417100 88.133133 0.414367 0.395270 0.819794 -5.719983 0.000000 0.000000 0.000000 1.000000
0.902348 -0.136609 -0.408786 17.687168 -0.046590 0.911969 -0.407605 88.483734 0.428483 0.386846 0.816549 -5.361538 0.000000 0.000000 0.000000 1.000000
0.896556 -0.131885 -0.422841 19.280960 -0.054298 0.914716 -0.400432 88.915215 0.439590 0.381969 0.812933 -4.927512 0.000000 0.000000 0.000000 1.000000
0.891767 -0.125160 -0.434841 20.834459 -0.062644 0.917584 -0.392576 89.556023 0.448138 0.377327 0.810430 -4.401896 0.000000 0.000000 0.000000 1.000000
0.886949 -0.116209 -0.447010 22.312956 -0.069096 0.923553 -0.377194 90.409317 0.456671 0.365438 0.811115 -3.823647 0.000000 0.000000 0.000000 1.000000
0.883623 -0.106039 -0.456033 23.724319 -0.073024 0.930882 -0.357947 91.292877 0.462469 0.349592 0.814805 -3.265679 0.000000 0.000000 0.000000 1.000000
0.882663 -0.094914 -0.460322 24.953321 -0.081696 0.933506 -0.349131 91.988815 0.462851 0.345771 0.816217 -2.743836 0.000000 0.000000 0.000000 1.000000
0.882953 -0.082550 -0.462147 25.897562 -0.094327 0.933148 -0.346897 92.569931 0.459888 0.349886 0.816139 -2.300745 0.000000 0.000000 0.000000 1.000000
0.884219 -0.069811 -0.461827 26.585499 -0.104552 0.934094 -0.341376 93.192398 0.455221 0.350136 0.818644 -1.992090 0.000000 0.000000 0.000000 1.000000
0.886777 -0.056711 -0.458705 27.051115 -0.114833 0.934292 -0.337507 93.763771 0.447705 0.351968 0.821997 -1.771126 0.000000 0.000000 0.000000 1.000000
0.890462 -0.045352 -0.452792 27.322233 -0.123405 0.933668 -0.336206 94.217499 0.438005 0.355255 0.825800 -1.618113 0.000000 0.000000 0.000000 1.000000
0.895091 -0.038351 -0.444231 27.396902 -0.124716 0.934994 -0.332012 94.520416 0.428086 0.352584 0.832122 -1.527989 0.000000 0.000000 0.000000 1.000000
0.899256 -0.032821 -0.436191 27.239908 -0.123739 0.937364 -0.325635 94.734192 0.419557 0.346803 0.838868 -1.463545 0.000000 0.000000 0.000000 1.000000
0.902508 -0.024686 -0.429965 26.945324 -0.127326 0.938433 -0.321141 94.998718 0.411421 0.344578 0.843800 -1.400746 0.000000 0.000000 0.000000 1.000000
0.907768 -0.017104 -0.419124 26.582968 -0.129689 0.938772 -0.319199 95.227501 0.398921 0.344115 0.849969 -1.358065 0.000000 0.000000 0.000000 1.000000
0.915354 -0.012741 -0.402449 26.113815 -0.127299 0.939076 -0.319268 95.350037 0.381998 0.343474 0.857964 -1.340018 0.000000 0.000000 0.000000 1.000000
0.921160 -0.008311 -0.389095 25.430319 -0.125898 0.939652 -0.318126 95.418114 0.368258 0.342031 0.864523 -1.383927 0.000000 0.000000 0.000000 1.000000
0.925384 -0.003306 -0.379016 24.611992 -0.126049 0.940363 -0.315957 95.481544 0.357457 0.340156 0.869780 -1.492098 0.000000 0.000000 0.000000 1.000000
0.929462 0.000672 -0.368917 23.747583 -0.125022 0.941399 -0.313270 95.534752 0.347088 0.337296 0.875078 -1.618778 0.000000 0.000000 0.000000 1.000000
0.932731 0.003592 -0.360554 22.796122 -0.123015 0.943127 -0.308835 95.630585 0.338939 0.332413 0.880126 -1.763250 0.000000 0.000000 0.000000 1.000000
0.935788 0.005091 -0.352527 21.804337 -0.120289 0.944509 -0.305669 95.770248 0.331409 0.328447 0.884472 -1.958654 0.000000 0.000000 0.000000 1.000000
0.938997 0.005226 -0.343885 20.852444 -0.116955 0.945147 -0.304990 95.832741 0.323428 0.326604 0.888101 -2.168756 0.000000 0.000000 0.000000 1.000000
0.941825 0.004998 -0.336066 19.926136 -0.113374 0.946010 -0.303663 95.859634 0.316404 0.324098 0.891543 -2.380297 0.000000 0.000000 0.000000 1.000000
0.944532 0.004380 -0.328392 19.005306 -0.109117 0.947294 -0.301212 95.911438 0.309764 0.320337 0.895227 -2.620054 0.000000 0.000000 0.000000 1.000000
0.947174 0.001770 -0.320716 18.076658 -0.103309 0.948370 -0.299868 95.943176 0.303627 0.317160 0.898454 -2.883904 0.000000 0.000000 0.000000 1.000000
0.949235 -0.002087 -0.314560 17.161474 -0.096966 0.949343 -0.298907 95.975800 0.299249 0.314235 0.900948 -3.159772 0.000000 0.000000 0.000000 1.000000
0.950540 -0.005426 -0.310555 16.289862 -0.091769 0.950305 -0.297489 96.064270 0.296736 0.311274 0.902805 -3.437270 0.000000 0.000000 0.000000 1.000000
0.951423 -0.008228 -0.307776 15.454913 -0.087742 0.950945 -0.296656 96.178368 0.295119 0.309251 0.904029 -3.709718 0.000000 0.000000 0.000000 1.000000
0.952231 -0.010896 -0.305184 14.684855 -0.084443 0.951002 -0.297430 96.272453 0.293472 0.308992 0.904654 -3.981241 0.000000 0.000000 0.000000 1.000000
0.953100 -0.013446 -0.302357 13.996408 -0.081495 0.950714 -0.299168 96.341949 0.291477 0.309777 0.905030 -4.246965 0.000000 0.000000 0.000000 1.000000
0.953876 -0.016200 -0.299764 13.358065 -0.078282 0.950572 -0.300473 96.353493 0.289815 0.310080 0.905460 -4.497812 0.000000 0.000000 0.000000 1.000000
0.953945 -0.018760 -0.299393 12.797438 -0.075677 0.950713 -0.300696 96.346756 0.290278 0.309505 0.905508 -4.724617 0.000000 0.000000 0.000000 1.000000
0.953745 -0.021780 -0.299828 12.311816 -0.072437 0.951335 -0.299524 96.336311 0.291760 0.307388 0.905753 -4.931360 0.000000 0.000000 0.000000 1.000000
0.953666 -0.025657 -0.299771 11.871642 -0.068054 0.952138 -0.297996 96.269783 0.293069 0.304589 0.906276 -5.119688 0.000000 0.000000 0.000000 1.000000
0.953154 -0.028960 -0.301095 11.537016 -0.064830 0.952717 -0.296861 96.176003 0.295455 0.302475 0.906209 -5.271978 0.000000 0.000000 0.000000 1.000000
0.953945 -0.031091 -0.298365 11.401750 -0.061517 0.953201 -0.296012 96.104088 0.293605 0.300734 0.907389 -5.361773 0.000000 0.000000 0.000000 1.000000
0.956790 -0.033279 -0.288870 11.397054 -0.055846 0.953905 -0.294866 96.055389 0.285367 0.298257 0.910828 -5.438564 0.000000 0.000000 0.000000 1.000000
0.957848 -0.035929 -0.285019 11.490898 -0.051837 0.954245 -0.294499 96.062523 0.282559 0.296860 0.912159 -5.500865 0.000000 0.000000 0.000000 1.000000</float_array><technique_common><accessor source="#Hips-Matrix-animation-output-transform-array" count="116" stride="16"><param type="float4x4"/></accessor></technique_common></source><source id="Hips-Interpolations"><Name_array id="Hips-Interpolations-array" count="116">
 LINEAR LINEAR LINEAR LINEAR LINEAR LINEAR LINEAR LINEAR LINEAR LINEAR LINEAR
LINEAR LINEAR LINEAR LINEAR LINEAR LINEAR LINEAR LINEAR LINEAR LINEAR LINEAR LINEAR
LINEAR LINEAR LINEAR LINEAR LINEAR LINEAR LINEAR LINEAR LINEAR LINEAR LINEAR LINEAR
LINEAR LINEAR LINEAR LINEAR LINEAR LINEAR LINEAR LINEAR LINEAR LINEAR LINEAR LINEAR
LINEAR LINEAR LINEAR LINEAR LINEAR LINEAR LINEAR LINEAR LINEAR LINEAR LINEAR LINEAR
LINEAR LINEAR LINEAR LINEAR LINEAR LINEAR LINEAR LINEAR LINEAR LINEAR LINEAR LINEAR
LINEAR LINEAR LINEAR LINEAR LINEAR LINEAR LINEAR LINEAR LINEAR LINEAR LINEAR LINEAR
LINEAR LINEAR LINEAR LINEAR LINEAR LINEAR LINEAR LINEAR LINEAR LINEAR LINEAR LINEAR
LINEAR LINEAR LINEAR LINEAR LINEAR LINEAR LINEAR LINEAR LINEAR LINEAR LINEAR LINEAR
LINEAR LINEAR LINEAR LINEAR LINEAR LINEAR LINEAR LINEAR LINEAR</Name_array><technique_common><accessor source="#Hips-Interpolations-array" count="116"><param type="name"/></accessor></technique_common></source><sampler id="Hips-Matrix-animation-transform"><input semantic="INPUT" source="#Hips-Matrix-animation-input"/><input semantic="OUTPUT" source="#Hips-Matrix-animation-output-transform"/><input semantic="INTERPOLATION" source="#Hips-Interpolations"/></sampler><channel source="#Hips-Matrix-animation-transform" target="Hips/matrix"/></animation>
    <animation id="Spine-anim" name="Spine"><source id="Spine-Matrix-animation-input"><float_array id="Spine-Matrix-animation-input-array" count="116">

0.000000 0.033333 0.066667 0.100000 0.133333 0.166667 0.200000 0.233333 0.266667 0.300000 0.333333 0.366667 0.400000 0.433333 0.466667 0.500000
0.533333 0.566667 0.600000 0.633333 0.666667 0.700000 0.733333 0.766667 0.800000 0.833333 0.866667 0.900000 0.933333 0.966667 1.000000 1.033333
1.066667 1.100000 1.133333 1.166667 1.200000 1.233333 1.266667 1.300000 1.333333 1.366667 1.400000 1.433333 1.466667 1.500000 1.533333 1.566667
1.600000 1.633333 1.666667 1.700000 1.733333 1.766667 1.800000 1.833333 1.866667 1.900000 1.933333 1.966667 2.000000 2.033333 2.066667 2.100000
2.133333 2.166667 2.200000 2.233333 2.266667 2.300000 2.333333 2.366667 2.400000 2.433333 2.466667 2.500000 2.533333 2.566667 2.600000 2.633333
2.666667 2.700000 2.733333 2.766667 2.800000 2.833333 2.866667 2.900000 2.933333 2.966667 3.000000 3.033333 3.066667 3.100000 3.133333 3.166667
3.200000 3.233333 3.266667 3.300000 3.333333 3.366667 3.400000 3.433333 3.466667 3.500000 3.533333 3.566667 3.600000 3.633333 3.666667 3.700000
3.733333 3.766667 3.800000 3.833333</float_array><technique_common><accessor source="#Spine-Matrix-animation-input-array" count="116"><param name="TIME" type="float"/></accessor></technique_common></source><source id="Spine-Matrix-animation-output-transform"><float_array id="Spine-Matrix-animation-output-transform-array" count="1856">

0.997455 0.009654 -0.070637 0.030900 -0.023428 0.980150 -0.196866 11.006600 0.067334 0.198020 0.977883 0.107900 0.000000 0.000000 0.000000 1.000000
0.997847 0.011901 -0.064493 0.030900 -0.024277 0.980567 -0.194679 11.006600 0.060922 0.195825 0.978745 0.107900 0.000000 0.000000 0.000000 1.000000
0.998183 0.015048 -0.058350 0.030900 -0.026089 0.980779 -0.193368 11.006600 0.054319 0.194539 0.979390 0.107900 0.000000 0.000000 0.000000 1.000000
0.998440 0.018614 -0.052647 0.030900 -0.028489 0.980678 -0.193544 11.006600 0.048027 0.194742 0.979678 0.107900 0.000000 0.000000 0.000000 1.000000
0.998685 0.020424 -0.047028 0.030900 -0.029241 0.980327 -0.195202 11.006600 0.042116 0.196320 0.979635 0.107900 0.000000 0.000000 0.000000 1.000000
0.998972 0.021575 -0.039875 0.030900 -0.029103 0.979549 -0.199089 11.006600 0.034764 0.200045 0.979170 0.107900 0.000000 0.000000 0.000000 1.000000
0.999187 0.023706 -0.032601 0.030900 -0.029897 0.978320 -0.204928 11.006600 0.027036 0.205736 0.978234 0.107900 0.000000 0.000000 0.000000 1.000000
0.999243 0.025650 -0.029256 0.030900 -0.031204 0.977461 -0.208799 11.006600 0.023241 0.209553 0.977521 0.107900 0.000000 0.000000 0.000000 1.000000
0.999174 0.030213 -0.027163 0.030900 -0.035156 0.978071 -0.205285 11.006600 0.020365 0.206071 0.978325 0.107900 0.000000 0.000000 0.000000 1.000000
0.998784 0.042245 -0.025420 0.030900 -0.046357 0.980219 -0.192411 11.006600 0.016789 0.193355 0.980985 0.107900 0.000000 0.000000 0.000000 1.000000
0.997988 0.056934 -0.027915 0.030900 -0.060986 0.982374 -0.176698 11.006600 0.017363 0.178045 0.983869 0.107900 0.000000 0.000000 0.000000 1.000000
0.997062 0.069792 -0.031580 0.030900 -0.074023 0.983894 -0.162705 11.006600 0.019716 0.164564 0.986169 0.107900 0.000000 0.000000 0.000000 1.000000
0.996930 0.073172 -0.027875 0.030900 -0.076554 0.985625 -0.150607 11.006600 0.016454 0.152279 0.988201 0.107900 0.000000 0.000000 0.000000 1.000000
0.997844 0.063643 -0.016049 0.030900 -0.065271 0.987909 -0.140623 11.006600 0.006905 0.141368 0.989933 0.107900 0.000000 0.000000 0.000000 1.000000
0.998361 0.057186 -0.002239 0.030900 -0.057014 0.990438 -0.125630 11.006600 -0.004966 0.125551 0.992075 0.107900 0.000000 0.000000 0.000000 1.000000
0.998265 0.057471 0.012772 0.030900 -0.055883 0.993256 -0.101584 11.006600 -0.018524 0.100694 0.994745 0.107900 0.000000 0.000000 0.000000 1.000000
0.998040 0.057519 0.024631 0.030900 -0.055419 0.995346 -0.078833 11.006600 -0.029051 0.077313 0.996584 0.107900 0.000000 0.000000 0.000000 1.000000
0.998162 0.058616 0.015416 0.030900 -0.057396 0.995874 -0.070290 11.006600 -0.019472 0.069276 0.997407 0.107900 0.000000 0.000000 0.000000 1.000000
0.998438 0.053998 -0.014322 0.030900 -0.054932 0.995614 -0.075728 11.006600 0.010170 0.076396 0.997026 0.107900 0.000000 0.000000 0.000000 1.000000
0.998757 0.036199 -0.034278 0.030900 -0.039153 0.995188 -0.089823 11.006600 0.030862 0.091053 0.995368 0.107900 0.000000 0.000000 0.000000 1.000000
0.998788 0.007995 -0.048570 0.030900 -0.013217 0.994045 -0.108167 11.006600 0.047416 0.108678 0.992946 0.107900 0.000000 0.000000 0.000000 1.000000
0.996805 -0.018271 -0.077757 0.030900 0.008967 0.992930 -0.118361 11.006600 0.079370 0.117286 0.989921 0.107900 0.000000 0.000000 0.000000 1.000000
0.993616 -0.033558 -0.107711 0.030900 0.020440 0.992485 -0.120651 11.006600 0.110951 0.117679 0.986834 0.107900 0.000000 0.000000 0.000000 1.000000
0.992295 -0.036951 -0.118257 0.030900 0.021642 0.991510 -0.128213 11.006600 0.121990 0.124666 0.984671 0.107900 0.000000 0.000000 0.000000 1.000000
0.992140 -0.036922 -0.119561 0.030900 0.020802 0.990848 -0.133367 11.006600 0.123391 0.129832 0.983828 0.107900 0.000000 0.000000 0.000000 1.000000
0.992014 -0.034111 -0.121428 0.030900 0.018856 0.992024 -0.124630 11.006600 0.124711 0.121345 0.984745 0.107900 0.000000 0.000000 0.000000 1.000000
0.992693 -0.026389 -0.117750 0.030900 0.013763 0.994187 -0.106781 11.006600 0.119884 0.104380 0.987286 0.107900 0.000000 0.000000 0.000000 1.000000
0.993959 -0.011634 -0.109130 0.030900 0.002583 0.996570 -0.082714 11.006600 0.109718 0.081932 0.990580 0.107900 0.000000 0.000000 0.000000 1.000000
0.994511 0.020305 -0.102641 0.030900 -0.025913 0.998226 -0.053611 11.006600 0.101370 0.055977 0.993273 0.107900 0.000000 0.000000 0.000000 1.000000
0.993678 0.064670 -0.091767 0.030900 -0.067492 0.997327 -0.027992 11.006600 0.089711 0.034008 0.995387 0.107900 0.000000 0.000000 0.000000 1.000000
0.990802 0.114441 -0.072210 0.030900 -0.115498 0.993251 -0.010614 11.006600 0.070508 0.018857 0.997333 0.107900 0.000000 0.000000 0.000000 1.000000
0.983915 0.171997 -0.048257 0.030900 -0.172585 0.984960 -0.008271 11.006600 0.046108 0.016467 0.998801 0.107900 0.000000 0.000000 0.000000 1.000000
0.978823 0.202130 -0.032380 0.030900 -0.202817 0.979023 -0.019501 11.006600 0.027759 0.025655 0.999285 0.107900 0.000000 0.000000 0.000000 1.000000
0.975942 0.215112 -0.035562 0.030900 -0.216463 0.975475 -0.039914 11.006600 0.026104 0.046651 0.998570 0.107900 0.000000 0.000000 0.000000 1.000000
0.971504 0.232232 -0.047425 0.030900 -0.235260 0.969141 -0.073613 11.006600 0.028866 0.082672 0.996159 0.107900 0.000000 0.000000 0.000000 1.000000
0.976722 0.206212 -0.059088 0.030900 -0.211929 0.970243 -0.117109 11.006600 0.033180 0.126906 0.991360 0.107900 0.000000 0.000000 0.000000 1.000000
0.987667 0.143989 -0.061492 0.030900 -0.152089 0.975595 -0.158375 11.006600 0.037187 0.165774 0.985462 0.107900 0.000000 0.000000 0.000000 1.000000
0.995362 0.074205 -0.061223 0.030900 -0.084187 0.979858 -0.181081 11.006600 0.046553 0.185395 0.981561 0.107900 0.000000 0.000000 0.000000 1.000000
0.996461 0.042114 -0.072742 0.030900 -0.054870 0.981507 -0.183393 11.006600 0.063673 0.186735 0.980345 0.107900 0.000000 0.000000 0.000000 1.000000
0.996860 0.036907 -0.070059 0.030900 -0.049062 0.982333 -0.180598 11.006600 0.062156 0.183468 0.981059 0.107900 0.000000 0.000000 0.000000 1.000000
0.999663 0.004544 -0.025551 0.030900 -0.009411 0.981007 -0.193742 11.006600 0.024185 0.193917 0.980720 0.107900 0.000000 0.000000 0.000000 1.000000
0.998635 -0.038124 0.035712 0.030900 0.045094 0.974247 -0.220928 11.006600 -0.026370 0.222236 0.974636 0.107900 0.000000 0.000000 0.000000 1.000000
0.994818 -0.065801 0.077509 0.030900 0.082335 0.968639 -0.234434 11.006600 -0.059652 0.239601 0.969037 0.107900 0.000000 0.000000 0.000000 1.000000
0.991264 -0.079756 0.105045 0.030900 0.101601 0.969606 -0.222580 11.006600 -0.084100 0.231308 0.969239 0.107900 0.000000 0.000000 0.000000 1.000000
0.987300 -0.078026 0.138384 0.030900 0.106974 0.970517 -0.215996 11.006600 -0.117451 0.228056 0.966538 0.107900 0.000000 0.000000 0.000000 1.000000
0.983592 -0.068542 0.166878 0.030900 0.105642 0.968662 -0.224799 11.006600 -0.146240 0.238740 0.960009 0.107900 0.000000 0.000000 0.000000 1.000000
0.980848 -0.074979 0.179762 0.030900 0.115693 0.966757 -0.228027 11.006600 -0.156689 0.244457 0.956917 0.107900 0.000000 0.000000 0.000000 1.000000
0.980630 -0.085159 0.176388 0.030900 0.124347 0.966461 -0.224703 11.006600 -0.151336 0.242283 0.958330 0.107900 0.000000 0.000000 0.000000 1.000000
0.984497 -0.081151 0.155500 0.030900 0.114962 0.968104 -0.222618 11.006600 -0.132474 0.237044 0.962424 0.107900 0.000000 0.000000 0.000000 1.000000
0.989515 -0.072288 0.125035 0.030900 0.098807 0.970256 -0.220998 11.006600 -0.105340 0.231035 0.967226 0.107900 0.000000 0.000000 0.000000 1.000000
0.992871 -0.065401 0.099651 0.030900 0.086017 0.971886 -0.219178 11.006600 -0.082515 0.226187 0.970583 0.107900 0.000000 0.000000 0.000000 1.000000
0.994541 -0.055033 0.088655 0.030900 0.072799 0.974629 -0.211658 11.006600 -0.074758 0.216956 0.973315 0.107900 0.000000 0.000000 0.000000 1.000000
0.995046 -0.040600 0.090752 0.030900 0.057355 0.980024 -0.190431 11.006600 -0.081208 0.194693 0.977497 0.107900 0.000000 0.000000 0.000000 1.000000
0.996314 -0.008289 0.085385 0.030900 0.022265 0.986199 -0.164059 11.006600 -0.082847 0.165355 0.982748 0.107900 0.000000 0.000000 0.000000 1.000000
0.998757 0.034081 0.036368 0.030900 -0.028487 0.989085 -0.144564 11.006600 -0.040898 0.143348 0.988827 0.107900 0.000000 0.000000 0.000000 1.000000
0.997342 0.066452 -0.029884 0.030900 -0.069676 0.989782 -0.124407 11.006600 0.021312 0.126158 0.991781 0.107900 0.000000 0.000000 0.000000 1.000000
0.995696 0.084831 -0.037328 0.030900 -0.088354 0.990440 -0.105935 11.006600 0.027985 0.108777 0.993672 0.107900 0.000000 0.000000 0.000000 1.000000
0.995466 0.094050 -0.014183 0.030900 -0.094949 0.991405 -0.090006 11.006600 0.005596 0.090945 0.995840 0.107900 0.000000 0.000000 0.000000 1.000000
0.994555 0.104073 -0.005487 0.030900 -0.104193 0.991808 -0.073895 11.006600 -0.002249 0.074064 0.997251 0.107900 0.000000 0.000000 0.000000 1.000000
0.993906 0.110225 -0.000696 0.030900 -0.110049 0.991915 -0.063194 11.006600 -0.006276 0.062886 0.998001 0.107900 0.000000 0.000000 0.000000 1.000000
0.993388 0.114806 0.000064 0.030900 -0.114593 0.991575 -0.060391 11.006600 -0.006997 0.059985 0.998175 0.107900 0.000000 0.000000 0.000000 1.000000
0.992866 0.119052 -0.006565 0.030900 -0.119230 0.990939 -0.061843 11.006600 -0.000857 0.062184 0.998064 0.107900 0.000000 0.000000 0.000000 1.000000
0.992846 0.118712 -0.012798 0.030900 -0.119305 0.990616 -0.066681 11.006600 0.004762 0.067730 0.997692 0.107900 0.000000 0.000000 0.000000 1.000000
0.992645 0.118949 -0.022509 0.030900 -0.120338 0.989801 -0.076245 11.006600 0.013210 0.078393 0.996835 0.107900 0.000000 0.000000 0.000000 1.000000
0.992807 0.115058 -0.033106 0.030900 -0.117636 0.988882 -0.090960 11.006600 0.022272 0.094201 0.995304 0.107900 0.000000 0.000000 0.000000 1.000000
0.994417 0.100925 -0.030811 0.030900 -0.103665 0.988890 -0.106539 11.006600 0.019716 0.109139 0.993831 0.107900 0.000000 0.000000 0.000000 1.000000
0.996240 0.083220 -0.024103 0.030900 -0.085514 0.989182 -0.119187 11.006600 0.013923 0.120799 0.992579 0.107900 0.000000 0.000000 0.000000 1.000000
0.997287 0.067775 -0.028742 0.030900 -0.071095 0.988002 -0.137104 11.006600 0.019105 0.138776 0.990140 0.107900 0.000000 0.000000 0.000000 1.000000
0.997656 0.055654 -0.039809 0.030900 -0.061451 0.984632 -0.163476 11.006600 0.030099 0.165539 0.985744 0.107900 0.000000 0.000000 0.000000 1.000000
0.998053 0.039691 -0.048116 0.030900 -0.047856 0.982022 -0.182601 11.006600 0.040003 0.184548 0.982009 0.107900 0.000000 0.000000 0.000000 1.000000
0.998446 0.021457 -0.051438 0.030900 -0.030809 0.981579 -0.188556 11.006600 0.046444 0.189847 0.980715 0.107900 0.000000 0.000000 0.000000 1.000000
0.998548 0.007008 -0.053419 0.030900 -0.017176 0.981175 -0.192356 11.006600 0.051065 0.192994 0.979870 0.107900 0.000000 0.000000 0.000000 1.000000
0.998295 -0.006034 -0.058055 0.030900 -0.005678 0.979884 -0.199487 11.006600 0.058091 0.199477 0.978179 0.107900 0.000000 0.000000 0.000000 1.000000
0.998032 -0.017547 -0.060203 0.030900 0.004984 0.979211 -0.202785 11.006600 0.062509 0.202086 0.977371 0.107900 0.000000 0.000000 0.000000 1.000000
0.997911 -0.024799 -0.059653 0.030900 0.012318 0.979489 -0.201119 11.006600 0.063417 0.199964 0.977749 0.107900 0.000000 0.000000 0.000000 1.000000
0.997210 -0.029860 -0.068419 0.030900 0.015276 0.978747 -0.204501 11.006600 0.073072 0.202886 0.976472 0.107900 0.000000 0.000000 0.000000 1.000000
0.995436 -0.036803 -0.088051 0.030900 0.017171 0.976662 -0.214093 11.006600 0.093876 0.211604 0.972837 0.107900 0.000000 0.000000 0.000000 1.000000
0.993912 -0.041490 -0.102063 0.030900 0.018195 0.975476 -0.219353 11.006600 0.108661 0.216161 0.970292 0.107900 0.000000 0.000000 0.000000 1.000000
0.993817 -0.037302 -0.104572 0.030900 0.013724 0.975922 -0.217689 11.006600 0.110175 0.214908 0.970400 0.107900 0.000000 0.000000 0.000000 1.000000
0.994287 -0.028124 -0.102969 0.030900 0.005594 0.977069 -0.212849 11.006600 0.106594 0.211057 0.971644 0.107900 0.000000 0.000000 0.000000 1.000000
0.994740 -0.019550 -0.100554 0.030900 -0.001574 0.978587 -0.205827 11.006600 0.102425 0.204903 0.973409 0.107900 0.000000 0.000000 0.000000 1.000000
0.995214 -0.012386 -0.096927 0.030900 -0.007326 0.979686 -0.200404 11.006600 0.097441 0.200155 0.974907 0.107900 0.000000 0.000000 0.000000 1.000000
0.995608 -0.004175 -0.093531 0.030900 -0.014788 0.979452 -0.201135 11.006600 0.092448 0.201635 0.975088 0.107900 0.000000 0.000000 0.000000 1.000000
0.995759 0.004980 -0.091862 0.030900 -0.023811 0.978458 -0.205070 11.006600 0.088862 0.206388 0.974427 0.107900 0.000000 0.000000 0.000000 1.000000
0.995927 0.010158 -0.089589 0.030900 -0.028292 0.978658 -0.203540 11.006600 0.085610 0.205245 0.974959 0.107900 0.000000 0.000000 0.000000 1.000000
0.996297 0.013243 -0.084949 0.030900 -0.029982 0.979555 -0.198928 11.006600 0.080578 0.200738 0.976325 0.107900 0.000000 0.000000 0.000000 1.000000
0.996605 0.018348 -0.080257 0.030900 -0.033882 0.979872 -0.196729 11.006600 0.075032 0.198780 0.977168 0.107900 0.000000 0.000000 0.000000 1.000000
0.996809 0.022409 -0.076620 0.030900 -0.036948 0.980310 -0.193976 11.006600 0.070765 0.196187 0.978010 0.107900 0.000000 0.000000 0.000000 1.000000
0.997017 0.027706 -0.072031 0.030900 -0.041012 0.980852 -0.190385 11.006600 0.065377 0.192772 0.979063 0.107900 0.000000 0.000000 0.000000 1.000000
0.997023 0.038412 -0.066858 0.030900 -0.050450 0.980701 -0.188891 11.006600 0.058312 0.191701 0.979719 0.107900 0.000000 0.000000 0.000000 1.000000
0.996716 0.049939 -0.063747 0.030900 -0.061157 0.980198 -0.188341 11.006600 0.053079 0.191621 0.980033 0.107900 0.000000 0.000000 0.000000 1.000000
0.996560 0.056024 -0.061071 0.030900 -0.066535 0.980194 -0.186528 11.006600 0.049411 0.189949 0.980550 0.107900 0.000000 0.000000 0.000000 1.000000
0.996462 0.058752 -0.060091 0.030900 -0.068902 0.980528 -0.183897 11.006600 0.048117 0.187387 0.981107 0.107900 0.000000 0.000000 0.000000 1.000000
0.996169 0.059502 -0.064088 0.030900 -0.070281 0.980818 -0.181813 11.006600 0.052041 0.185621 0.981242 0.107900 0.000000 0.000000 0.000000 1.000000
0.995905 0.059798 -0.067802 0.030900 -0.071235 0.980851 -0.181267 11.006600 0.055664 0.185355 0.981094 0.107900 0.000000 0.000000 0.000000 1.000000
0.995830 0.060158 -0.068585 0.030900 -0.071725 0.980847 -0.181092 11.006600 0.056377 0.185256 0.981072 0.107900 0.000000 0.000000 0.000000 1.000000
0.995834 0.060294 -0.068409 0.030900 -0.071815 0.980876 -0.180901 11.006600 0.056194 0.185060 0.981119 0.107900 0.000000 0.000000 0.000000 1.000000
0.995784 0.062086 -0.067525 0.030900 -0.073457 0.980621 -0.181623 11.006600 0.054940 0.185817 0.981047 0.107900 0.000000 0.000000 0.000000 1.000000
0.995682 0.063252 -0.067947 0.030900 -0.074719 0.980409 -0.182253 11.006600 0.055088 0.186542 0.980901 0.107900 0.000000 0.000000 0.000000 1.000000
0.995710 0.061006 -0.069569 0.030900 -0.072818 0.980527 -0.182383 11.006600 0.057088 0.186666 0.980763 0.107900 0.000000 0.000000 0.000000 1.000000
0.995886 0.057597 -0.069958 0.030900 -0.069577 0.980628 -0.183103 11.006600 0.058056 0.187217 0.980601 0.107900 0.000000 0.000000 0.000000 1.000000
0.996099 0.054185 -0.069642 0.030900 -0.066237 0.980612 -0.184424 11.006600 0.058299 0.188318 0.980376 0.107900 0.000000 0.000000 0.000000 1.000000
0.996207 0.051613 -0.070053 0.030900 -0.063816 0.980668 -0.184983 11.006600 0.059151 0.188752 0.980242 0.107900 0.000000 0.000000 0.000000 1.000000
0.996273 0.049659 -0.070529 0.030900 -0.062001 0.980726 -0.185289 11.006600 0.059968 0.188971 0.980150 0.107900 0.000000 0.000000 0.000000 1.000000
0.996428 0.046199 -0.070685 0.030900 -0.058690 0.980730 -0.186344 11.006600 0.060714 0.189827 0.979938 0.107900 0.000000 0.000000 0.000000 1.000000
0.996614 0.041423 -0.071030 0.030900 -0.054145 0.980718 -0.187779 11.006600 0.061882 0.190989 0.979640 0.107900 0.000000 0.000000 0.000000 1.000000
0.996804 0.036583 -0.071021 0.030900 -0.049450 0.980759 -0.188854 11.006600 0.062746 0.191763 0.979434 0.107900 0.000000 0.000000 0.000000 1.000000
0.997016 0.031376 -0.070527 0.030900 -0.044291 0.980827 -0.189779 11.006600 0.063221 0.192337 0.979290 0.107900 0.000000 0.000000 0.000000 1.000000
0.997132 0.026963 -0.070717 0.030900 -0.040079 0.980733 -0.191195 11.006600 0.064199 0.193481 0.979001 0.107900 0.000000 0.000000 0.000000 1.000000
0.997218 0.024907 -0.070261 0.030900 -0.038093 0.980437 -0.193110 11.006600 0.064076 0.195249 0.978658 0.107900 0.000000 0.000000 0.000000 1.000000
0.997328 0.023093 -0.069303 0.030900 -0.036253 0.980107 -0.195131 11.006600 0.063418 0.197122 0.978326 0.107900 0.000000 0.000000 0.000000 1.000000
0.997280 0.020438 -0.070822 0.030900 -0.034066 0.979823 -0.196943 11.006600 0.065367 0.198820 0.977854 0.107900 0.000000 0.000000 0.000000 1.000000
0.997216 0.017385 -0.072510 0.030900 -0.031503 0.979618 -0.198385 11.006600 0.067583 0.200117 0.977438 0.107900 0.000000 0.000000 0.000000 1.000000
0.997389 0.015543 -0.070517 0.030900 -0.029261 0.979785 -0.197900 11.006600 0.066015 0.199447 0.977682 0.107900 0.000000 0.000000 0.000000 1.000000
0.997500 0.013490 -0.069361 0.030900 -0.026929 0.980103 -0.196653 11.006600 0.065328 0.198029 0.978017 0.107900 0.000000 0.000000 0.000000 1.000000
0.997455 0.009654 -0.070637 0.030900 -0.023428 0.980150 -0.196866 11.006600 0.067334 0.198020 0.977883 0.107900 0.000000 0.000000 0.000000 1.000000</float_array><technique_common><accessor source="#Spine-Matrix-animation-output-transform-array" count="116" stride="16"><param type="float4x4"/></accessor></technique_common></source><source id="Spine-Interpolations"><Name_array id="Spine-Interpolations-array" count="116">
 LINEAR LINEAR LINEAR LINEAR LINEAR LINEAR LINEAR LINEAR LINEAR LINEAR LINEAR
